DateTime_Stamp,Machine,DateCode_Full,PartNumber,Product,ShopOrder,Operator,RunFootage,LengthOffset,Recipe_DateTime,Z1,Z2,Z3,Z4,Z5,Z6,Z7,Z8,Z9,Z10,Z11,Z12,Z13,Z14,Z15,Z16,Z17,Z18,Z19,CST_TOP_Real,CST_Centre_Real,CST_Bottom_Real,CS_Speed_Real,Nip_Speed_Real,Screw_Speed_Real,Back_Pressure_Real,Melt_Temp_Real,Chiller_Temp_Real,Motor_Amps_Real,DateCodeDate,TopCoolingR,BottomCoolingR
2022-03-01 15:53,Extruder 1,22-A-100,90310-000065060004,7050 0% 065T 600W BK N/T,64808,2167,1250,500,2022-03-01 15:53,178.1,188,189.9,190.1,182.9,193,195,195,195,195,195,202,199.9,201.2,199.9,202.1,195.1,195,194.9,49.1,77.7,39.6,8.802,8.835,22.308,1588,202.3,14.1,194.592,2022-03-01 14:47,27.1,27.5
2022-03-01 15:26,Extruder 1,22-A-100,90310-000065060004,7050 0% 065T 600W BK N/T,64808,2167,1250,250,2022-03-01 15:26,178.3,188.1,190.1,189.9,185.8,186.2,195.1,195,195,195,195,202,199.9,201.2,200,202,194.9,195,195,49.3,77.7,39.7,8.797,8.802,22.342,1585,202,14,192.766,2022-03-01 14:47,27,27.7
2022-03-01 14:13,Extruder 1,22-A-99,90310-000065060004,7050 0% 065T 600W BK N/T,64808,2238,1250,500,2022-03-01 14:13,178.8,189,189.9,189.9,186.4,183.8,194.9,194.7,194.8,194.9,195,201.9,199.9,201.4,199.9,201.9,195,195,195,48.8,76.7,39.6,8.802,8.81,22.374,1588,201.5,13.6,191.319,2022-03-01 13:11,26.9,27.5
2022-03-01 13:45,Extruder 1,22-A-99,90310-000065060004,7050 0% 065T 600W BK N/T,64808,2238,1250,250,2022-03-01 13:45,178.9,189.7,189.9,189.9,183.7,187.6,194.7,194.9,194.8,194.8,195,201.9,199.7,201.4,199.9,202,195,195,195,49.5,77.2,39.6,8.8,8.764,22.349,1578,201.5,13.8,188.093,2022-03-01 13:11,26.9,27.6
2022-03-01 13:28,Extruder 1,22-A-99,90310-000065060004,7050 0% 065T 600W BK N/T,64808,2238,1250,1000,2022-03-01 13:28,178.2,189.1,189.9,189.9,182.7,185.2,195.1,195,194.8,194.8,195.2,201.8,199.7,201.2,199.9,201.8,194.9,195,194.9,49,76.9,39.5,8.806,8.825,22.335,1572,201.7,13.6,188.235,2022-03-01 13:11,27.1,27.5
2022-03-01 12:32,Extruder 1,22-A-98,90310-000065060004,7050 0% 065T 600W BK N/T,64808,2238,1250,500,2022-03-01 12:32,177.1,187.8,190,189.9,184.2,191.8,195.4,194.9,194,194.5,194.9,201.5,198.6,200.7,199.4,201.2,194.9,194.9,194.7,49.3,77.1,39.5,8.8,8.787,22.528,1584,202,13.9,185.176,2022-03-01 11:41,26.9,27.6
2022-03-01 12:04,Extruder 1,22-A-98,90310-000065060004,7050 0% 065T 600W BK N/T,64808,2238,1250,250,2022-03-01 12:04,174.6,184.9,190,189.8,183.4,195,195.3,194.5,192.7,194.3,194.6,200.9,197.2,200.3,199,200.5,194.7,194.7,194.4,48.9,76.5,39.5,8.8,8.815,22.585,1595,201.7,13.8,186.978,2022-03-01 11:41,26.8,27.5
2022-03-01 10:17,Extruder 1,22-A-97,90310-000065060004,7050 0% 065T 600W BK N/T,64808,2238,1250,500,2022-03-01 10:17,178.4,187.9,190.1,190,185.1,194.3,195.1,195.1,195,194.9,194.9,202,199.9,201.6,199.9,201.9,195,195,194.9,48.7,76.9,39.5,8.8,8.787,23.358,1569,202.2,13.3,191.912,2022-03-01 9:33,26.8,27
2022-03-01 9:49,Extruder 1,22-A-97,90310-000065060004,7050 0% 065T 600W BK N/T,64808,2238,1250,250,2022-03-01 9:49,178,187.8,189.9,189.9,185,196.6,195,195.1,194.9,195,195.1,202,199.9,201.4,199.9,202.1,195,195,195,48.8,77,39.5,8.8,8.782,23.342,1555,202.2,13.3,190.417,2022-03-01 9:33,26.8,27.1
2022-03-01 9:32,Extruder 1,22-A-96,90310-000065060004,7050 0% 065T 600W BK N/T,64808,2238,1250,1000,2022-03-01 9:32,178.4,187.9,190,190.1,185,192.5,195,194.8,195,195,195.2,202.1,199.9,201.5,200,202.1,195,195,195,48.6,77.1,39.4,8.802,8.8,23.314,1570,202.1,13.2,192.481,2022-03-01 7:31,26.6,27.2
2022-03-01 8:36,Extruder 1,22-A-96,90310-000065060004,7050 0% 065T 600W BK N/T,64808,2238,1250,500,2022-03-01 8:36,178.2,187.8,190.2,189.9,184.9,195.9,195,195,195,195,194.9,202.1,200,201.4,199.9,202.1,195,195.1,195.1,49.1,76.7,39.4,8.804,8.81,22.902,1549,202.2,13.7,192.078,2022-03-01 7:31,26.5,27.1
2022-03-01 8:08,Extruder 1,22-A-96,90310-000065060004,7050 0% 065T 600W BK N/T,64808,2238,1250,250,2022-03-01 8:08,178,187.9,189.8,189.9,185,190.4,195.1,195.1,195,195,195.1,202,200,201.5,200.1,202.1,195,195,195,49.4,77,39.4,8.802,8.784,22.886,1561,202.1,14,190.394,2022-03-01 7:31,26.5,27
2022-03-01 6:53,Extruder 1,22-A-95,90310-000065060004,7050 0% 065T 600W BK N/T,64808,2223,1250,500,2022-03-01 6:53,177.8,187.8,189.8,190,185,192.1,195,194.9,195,195,195,202.1,200.1,201.6,199.9,202,195,195,195,49,76.7,39.5,8.802,8.79,23.144,1609,202.4,13.7,193.382,2022-03-01 6:03,26.6,27.4
2022-03-01 6:25,Extruder 1,22-A-95,90310-000065060004,7050 0% 065T 600W BK N/T,64808,2223,1250,250,2022-03-01 6:25,178,188,189.9,190.1,185,186.8,194.9,195.1,194.9,195,195,202.1,199.9,201.7,200,202.1,194.9,195,195,49.2,76.5,39.4,8.8,8.784,23.118,1609,202.2,14.1,191.485,2022-03-01 6:03,26.6,27
2022-03-01 5:12,Extruder 1,22-A-94,90310-000065060004,7050 0% 065T 600W BK N/T,64808,2223,1250,500,2022-03-01 5:12,177.9,188.2,189.9,190,185,184.1,195,195,195.1,195,195.1,202.1,200,201.6,200,202.2,195,195,195.1,48.5,76.7,39.5,8.802,8.784,23.162,1622,202.2,14.1,199.834,2022-03-01 4:22,26.9,27.2
2022-03-01 4:44,Extruder 1,22-A-94,90310-000065060004,7050 0% 065T 600W BK N/T,64808,2223,1250,250,2022-03-01 4:44,177.8,188.4,190,190,184.9,185.4,195,195,195,195,195,201.8,200,201.8,199.9,202,195.1,195.1,194.9,48.6,76.7,39.6,8.8,8.79,23.055,1631,202.1,13.7,195.161,2022-03-01 4:22,27.1,27.3
2022-03-01 3:31,Extruder 1,22-A-93,90310-000065060004,7050 0% 065T 600W BK N/T,64808,2223,1250,500,2022-03-01 3:31,177.1,188.1,189.9,189.9,184.9,186.9,195.3,194.9,195,195,195,201.9,200,201.8,200.1,201.9,195.2,195,194.9,49.1,76.6,39.4,8.797,8.782,23.132,1640,202.2,13.1,196.086,2022-03-01 2:00,26.7,27.3
2022-03-01 3:03,Extruder 1,22-A-93,90310-000065060004,7050 0% 065T 600W BK N/T,64808,2223,1250,250,2022-03-01 3:03,176,187.8,189.7,189.8,184.8,190,195.3,195.1,194.9,195,195.1,202.1,200,201.9,200.2,202.1,195.1,195.1,195,49,76.7,39.5,8.802,8.81,23.098,1640,202.1,14.1,195.161,2022-03-01 2:00,26.8,27.1
2022-03-01 0:45,Extruder 1,22-A-92,90310-000065070004,7050 0% 065T 700W BK N/T,64809,2223,1250,500,2022-03-01 0:45,178.2,188,190,190.1,187.5,193,195.5,195,195.1,195,195,205,200,201.3,200.1,205,195,195,195,49,77.6,39.7,8.506,8.487,26.973,1622,203.9,13.5,200.19,2022-02-28 23:51,26.9,27.3
2022-03-01 0:16,Extruder 1,22-A-92,90310-000065070004,7050 0% 065T 700W BK N/T,64809,2223,1250,250,2022-03-01 0:16,177.9,187.9,190.1,190,182.4,193.3,195.5,194.9,194.9,194.9,194.8,204.9,200,201.3,200,205,195,194.9,194.9,48.9,77.1,39.7,8.501,8.509,26.87,1616,203.9,13.7,197.083,2022-02-28 23:51,26.9,27.4
2022-02-28 23:01,Extruder 1,22-A-91,90310-000065070004,7050 0% 065T 700W BK N/T,64809,2223,1250,500,2022-02-28 23:01,178,188.1,189.9,189.9,185,188.5,195.6,195,195,195,195,204.8,200,201.1,200.1,205,194.9,194.9,195,49.5,77.6,39.7,8.503,8.502,26.902,1627,203.8,13.7,197.509,2022-02-28 22:07,27,27.2
2022-02-28 22:32,Extruder 1,22-A-91,90310-000065070004,7050 0% 065T 700W BK N/T,64809,2167,1250,250,2022-02-28 22:32,177.9,188.2,190.1,190,183.2,188.6,195.5,194.8,195.1,195,195,205.1,200.1,201,200.1,205.1,195.1,195,195,49.6,77.7,39.7,8.499,8.482,26.97,1605,203.6,13.6,195.636,2022-02-28 22:07,26.8,27.3
2022-02-28 21:14,Extruder 1,22-A-90,90310-000065070004,7050 0% 065T 700W BK N/T,64809,2167,1250,500,2022-02-28 21:14,177.7,188,190,190,184,184.3,195.3,195,195,195,195.2,205.1,200.1,201,199.9,204.9,195,195,195,49.4,77.5,39.7,8.499,8.509,26.911,1581,203.2,14,196.75,2022-02-28 20:20,26.9,27.2
2022-02-28 20:45,Extruder 1,22-A-90,90310-000065070004,7050 0% 065T 700W BK N/T,64809,2167,1250,250,2022-02-28 20:45,178.2,188.2,190,190.1,184.4,184.4,195.2,195,195.1,195,195,205.1,200.2,201,200,205.1,195.1,194.9,195,49.3,77.6,39.7,8.497,8.512,26.973,1579,203.1,13.8,196.727,2022-02-28 20:20,26.8,27.2
2022-02-28 19:30,Extruder 1,22-A-89,90310-000065070004,7050 0% 065T 700W BK N/T,64809,2167,1250,500,2022-02-28 19:30,178,188.3,190.1,190,182.8,183.7,195.2,194.9,195.1,195,195,205,200.1,200.8,199.9,205.1,195,195,195,49,77.6,39.8,8.503,8.507,26.745,1542,202.8,14.2,193.05,2022-02-28 18:35,27,27.6
2022-02-28 19:01,Extruder 1,22-A-89,90310-000065070004,7050 0% 065T 700W BK N/T,64809,2167,1250,250,2022-02-28 19:01,178.2,188.4,190.1,190.1,187.5,184.3,195.1,194.9,195,195.1,195.2,205,200.1,200.7,200,205,195,195,195,49.3,77.6,39.8,8.501,8.492,26.692,1528,202.8,13.7,194.213,2022-02-28 18:35,27.1,27
2022-02-28 17:43,Extruder 1,22-A-88,90310-000065070004,7050 0% 065T 700W BK N/T,64809,2167,1250,500,2022-02-28 17:43,178,188,190,190.1,185.4,187.7,195.1,195,195,195,194.9,205,200,200.7,199.9,205.1,195,195,195.1,49.3,77.8,39.8,8.501,8.512,26.501,1514,203,14,190.489,2022-02-28 16:50,27,27.2
2022-02-28 17:14,Extruder 1,22-A-88,90310-000065070004,7050 0% 065T 700W BK N/T,64809,2167,1250,250,2022-02-28 17:14,177.6,188,189.9,190,185.4,185.5,195.1,195,195,194.9,195.1,205,200,200.8,200.1,204.9,195,195,195.1,49.5,77.9,39.8,8.497,8.499,26.276,1534,202.8,13.9,194.189,2022-02-28 16:50,27.1,27.2
2022-02-28 15:57,Extruder 1,22-A-87,90310-000065070004,7050 0% 065T 700W BK N/T,64809,2167,1250,500,2022-02-28 15:57,177.9,187.8,190,189.9,188.1,193.3,195,195,195,194.9,195,204.8,199.8,200.6,199.9,204.7,195,195,195,49,77.5,39.7,8.501,8.507,26.328,1515,203,13.9,195.636,2022-02-28 15:21,26.9,27.2
2022-02-28 15:28,Extruder 1,22-A-87,90310-000065070004,7050 0% 065T 700W BK N/T,64809,2167,1250,250,2022-02-28 15:28,178,188.1,190.1,190.1,182.3,190.1,195,195.1,194.9,195,194.9,205,199.9,200.7,200.1,204.8,195,195,195,49.6,77.5,39.7,8.503,8.497,26.276,1530,202.8,13.7,195.707,2022-02-28 15:21,26.8,27.3
2022-02-28 14:05,Extruder 1,22-A-86,90310-000065070004,7050 0% 065T 700W BK N/T,64809,2238,1250,500,2022-02-28 14:05,178.5,188.3,190.1,190.1,187.8,188.5,195.1,194.9,195,195,195,205,200.1,200.7,200.1,205,195.1,194.9,195,49.6,77.2,39.5,8.501,8.517,26.196,1491,202.4,13.2,191.271,2022-02-28 12:55,26.8,27.2
2022-02-28 13:36,Extruder 1,22-A-86,90310-000065070004,7050 0% 065T 700W BK N/T,64809,2238,1250,250,2022-02-28 13:36,178.4,188.2,190,190,182.8,190.1,195,195,195.2,195.1,195,205.1,200.1,200.6,200.1,205.1,195,195,195,48.9,77.1,39.5,8.501,8.502,26.232,1473,202.2,13.5,187.547,2022-02-28 12:55,26.7,27.2
2022-02-28 12:20,Extruder 1,22-A-85,90310-000065070004,7050 0% 065T 700W BK N/T,64809,2238,1250,500,2022-02-28 12:20,177.5,188,189.9,189.9,185.7,188.5,195.2,195,195,195,195.1,205,199.9,200.8,200.1,205.1,195,195,194.9,48.9,77.4,39.4,8.501,8.507,25.565,1481,202.1,13.5,190.323,2022-02-25 13:48,26.5,27.3
2022-02-28 11:51,Extruder 1,22-A-85,90310-000065070004,7050 0% 065T 700W BK N/T,64809,2238,1250,250,2022-02-28 11:51,176.7,188.2,189.9,189.8,182.8,191.3,195.3,195,195,194.9,195,205.3,199.9,200.7,200.2,205.1,195,195,194.9,49.2,77.1,39.4,8.497,8.482,25.226,1484,202,13.2,188.828,2022-02-25 13:48,26.4,27.2
2022-02-28 10:43,Extruder 1,22-A-85,90310-000065070004,7050 0% 065T 700W BK N/T,64809,2238,1250,500,2022-02-28 10:43,164.6,186.4,188.1,189,186.4,181,195,194.7,194.8,195.2,195.1,206.1,199.8,200.3,199.2,205.5,195.1,195.2,195.1,48.9,76.2,38.8,8.295,8.305,24.314,1912,197.5,12.2,174.976,2022-02-25 13:48,26.3,27.3
2022-02-28 1:13,Extruder 1,22-A-85,90310-000065070004,7050 0% 065T 700W BK N/T,64809,2223,1250,250,2022-02-28 1:13,171.5,187.3,189.5,189.8,181.5,190.4,195.6,195,195.1,195,194.8,219.8,199.9,200.2,200.4,219.8,194.9,194.5,195,48.4,76.5,39.1,8.501,8.467,23.952,1451,201.2,13.2,186.433,2022-02-25 13:48,26.1,27.4
2022-02-28 0:27,Extruder 1,22-A-85,90310-000065070004,7050 0% 065T 700W BK N/T,64809,2223,1250,500,2022-02-28 0:27,164.5,186.3,189.8,189.9,187.2,183.7,195.2,194.6,195.3,195.3,195.6,220,199.2,199.5,198.5,219.1,195.5,195,194.9,46,76.4,38.7,6.998,7.041,22.984,1533,198.6,13.1,192.291,2022-02-25 13:48,25.8,27
2022-02-25 17:01,Extruder 1,22-A-85,90310-000065070004,7050 0% 065T 700W BK N/T,64809,2238,1250,250,2022-02-25 17:01,173.9,187.8,189.2,189.1,184.6,187.1,195.3,194.9,195,194.9,195,220,205,201.3,205.3,220,195,195,195,49.2,77.4,39.4,7.795,7.811,23.966,1529,201,12.7,188.449,2022-02-25 13:48,26.7,27.1
2022-02-25 15:23,Extruder 1,22-A-85,90310-000065070004,7050 0% 065T 700W BK N/T,64809,2223,1250,500,2022-02-25 15:23,177.5,188.2,189.8,189.8,185,190.1,195.2,195,195.1,195,195,220.3,205.1,201.8,205.4,220.1,195,195,195,49.2,77.6,39.6,8.005,7.992,24.011,1440,201.4,12.7,189.137,2022-02-25 13:48,26.8,27.2
2022-02-25 14:52,Extruder 1,22-A-85,90310-000065070004,7050 0% 065T 700W BK N/T,64809,2223,1250,250,2022-02-25 14:52,176,187.9,189.4,189.5,185,186.9,195.7,195,194.9,195,195,220.1,205,201.2,205.6,220.1,195.1,195,195,49.3,77.5,39.6,8.003,7.98,23.973,1465,201.2,12.5,183.491,2022-02-25 13:48,27.1,27.4
2022-02-25 12:50,Extruder 1,22-A-84,90310-000065100004,7050 0% 065T 1000W BK N/T,64570,2223,1250,500,2022-02-25 12:50,178.3,188.1,189.9,189.2,186.1,192.8,196.9,195,195.1,195,194.9,220,204.9,202.5,205.1,220.2,195,195,195,49.1,77.3,40.1,7.994,7.998,33.33,1623,205.2,13.5,213.781,2022-02-25 11:53,26.8,27.3
2022-02-25 12:19,Extruder 1,22-A-84,90310-000065100004,7050 0% 065T 1000W BK N/T,64570,2223,1250,250,2022-02-25 12:19,178,188,189.6,190.6,186.6,189.7,196.9,194.8,195,195,195,220.1,205,202.5,205,220.1,195,195,195,49.1,77.6,40.1,7.998,8.033,33.323,1629,205.1,12.8,210.887,2022-02-25 11:53,27.3,27.7
2022-02-25 10:58,Extruder 1,22-A-83,90310-000065100004,7050 0% 065T 1000W BK N/T,64570,2223,1250,500,2022-02-25 10:58,177.9,187.8,189.8,190.7,185.7,188.4,196.9,195,195,195,195,219.9,204.9,202.6,204.9,220,195,195,195,49.6,77.6,40.2,8.003,7.994,33.289,1605,205.2,13.6,205.337,2022-02-25 10:24,27.4,27.7
2022-02-25 10:28,Extruder 1,22-A-83,90310-000065100004,7050 0% 065T 1000W BK N/T,64570,2223,1250,250,2022-02-25 10:28,178.3,187.6,190.2,190.9,187.7,193.8,196.9,195,195,194.9,194.9,219.9,204.9,202.8,204.8,219.8,195,195,195,49.3,78.2,40.2,8.003,8.01,33.326,1615,205.5,14.1,211.243,2022-02-25 10:24,27.6,27.7
2022-02-25 10:09,Extruder 1,22-A-82,90310-000065100004,7050 0% 065T 1000W BK N/T,64570,2223,1250,1000,2022-02-25 10:09,178.5,188.1,190.2,188.5,188,192.9,197.1,194.9,195.1,195.1,194.9,219.9,204.8,203.1,205.1,219.8,195,195,195,50,78.1,40.2,7.996,7.982,33.305,1631,205.5,13.1,211.267,2022-02-25 1:26,27.6,27.4
2022-02-25 9:07,Extruder 1,22-A-82,90310-000065100004,7050 0% 065T 1000W BK N/T,64570,2223,1250,500,2022-02-25 9:07,177.8,188.5,190.2,189.2,183.5,185.8,196.9,195.1,195.1,195,195,219.4,205.3,203,205.1,219.9,195,195,195,49.6,78.3,40.2,8.001,8.028,33.159,1633,205.1,12.1,207.875,2022-02-25 1:26,27.6,27.4
2022-02-25 8:36,Extruder 1,22-A-82,90310-000065100004,7050 0% 065T 1000W BK N/T,64570,1476,1250,250,2022-02-25 8:36,176.1,188.1,190.2,189.5,187.1,183.7,196.3,195.3,195.1,195,195.1,218.2,205.2,202.9,205.6,220,195.2,195.3,195,49.9,78.3,40.2,7.998,8.036,32.715,1624,204.4,14.4,203.297,2022-02-25 1:26,27.5,27.6
2022-02-25 0:28,Extruder 1,22-A-81,90310-000065100004,7050 0% 065T 1000W BK N/T,64570,1476,1250,500,2022-02-25 0:28,177.6,187.5,189.7,190.8,185.2,195.6,196.8,194.9,195.1,195,195,217.9,205.4,206,207.6,220.1,194.9,194.9,195,39.6,77.7,48.1,8.003,7.998,32.51,1651,205,12.2,202.823,2022-02-24 22:47,26.5,27.2
2022-02-24 23:57,Extruder 1,22-A-81,90310-000065100004,7050 0% 065T 1000W BK N/T,64570,1476,1250,250,2022-02-24 23:57,176.6,187.8,190.5,190.7,188.1,192.2,196.2,195.2,195,195.1,195,218.1,208,206.8,212.2,220,194.9,194.9,194.9,39.7,77.6,48,7.998,7.99,32.472,1663,204.7,13,208.278,2022-02-24 22:47,26.6,27.1
2022-02-24 21:53,Extruder 1,22-A-80,90310-000065100004,7050 0% 065T 1000W BK N/T,64570,2238,1250,500,2022-02-24 21:53,178.1,188.1,189.8,191.1,186.4,188.8,196.9,194.9,195,195,195.2,218,208,207.2,212.1,220.1,195,195,195,39.3,72.7,47.8,7.994,8.022,32.483,1671,205.1,12.5,203.89,2022-02-24 20:33,26.5,27.2
2022-02-24 21:22,Extruder 1,22-A-80,90310-000065100004,7050 0% 065T 1000W BK N/T,64570,2238,1250,250,2022-02-24 21:22,178,188.3,190,188.2,182.4,186.8,196.9,195,195.1,195,195,218.2,208.3,207.4,212.1,220.2,195,195,195.1,39.3,77,47.9,7.998,8.002,32.497,1683,204.9,12.7,212.287,2022-02-24 20:33,26.4,27.2
2022-02-24 20:02,Extruder 1,22-A-79,90310-000065100004,7050 0% 065T 1000W BK N/T,64570,2238,1250,500,2022-02-24 20:02,178,188.1,190.2,190.4,186.2,192.7,196.9,195,194.9,195,195,217.9,208.1,207.5,211.9,220,195,194.9,194.9,39.5,77.2,47.8,8.001,7.962,32.44,1672,205.5,13.6,208.705,2022-02-24 18:53,26.4,27.5
2022-02-24 19:31,Extruder 1,22-A-79,90310-000065100004,7050 0% 065T 1000W BK N/T,64570,2238,1250,250,2022-02-24 19:31,177.9,188.2,189.6,189.2,182.9,196,196.9,194.8,195,195,195.1,218,207.9,207.7,212,219.9,195.1,195.1,195,39.7,77.3,47.9,8.001,8.015,32.501,1676,205.4,12.8,213.852,2022-02-24 18:53,26.6,27.2
2022-02-24 18:11,Extruder 1,22-A-78,90310-000065100004,7050 0% 065T 1000W BK N/T,64570,2238,1250,500,2022-02-24 18:11,177.7,187.9,189.6,188.5,185,186.2,196.9,195,195,194.9,195,218,208,207.5,212,219.8,195,195,195,39.5,76.8,47.7,8.005,7.984,32.487,1663,204.9,13,212.168,2022-02-24 16:56,26.6,27.3
2022-02-24 17:40,Extruder 1,22-A-78,90310-000065100004,7050 0% 065T 1000W BK N/T,64570,2238,1250,250,2022-02-24 17:40,177.7,188.2,189.7,190,183.1,185.1,197,195,195,194.9,195,218.3,208.2,207.9,211.9,219.8,195,195.1,195,39.3,76.9,47.8,8.007,8,32.483,1654,205.1,12.8,209.132,2022-02-24 16:56,26.6,27.4
2022-02-24 16:15,Extruder 1,22-A-77,90310-000065100004,7050 0% 065T 1000W BK N/T,64570,2238,1250,500,2022-02-24 16:15,178.1,188.5,189.8,190.1,187.4,187.6,197.3,194.8,195.2,195,195,215,208,207.7,212,220,195,194.9,194.9,39.8,76.8,47.8,8.001,8.008,32.476,1680,205.6,13,213.046,2022-02-24 15:12,26.7,27.3
2022-02-24 15:44,Extruder 1,22-A-77,90310-000065100004,7050 0% 065T 1000W BK N/T,64570,2238,1250,250,2022-02-24 15:44,177.8,187.9,189.8,189.4,184.3,184.9,197.4,194.9,195,195,195,214.9,207.9,207.8,212,219.9,195.1,195,195,39.5,76.8,47.9,7.996,7.99,32.485,1711,205.7,12.6,213.733,2022-02-24 15:12,26.4,27.2
2022-02-24 14:23,Extruder 1,22-A-76,90310-000065100004,7050 0% 065T 1000W BK N/T,64570,2223,1250,500,2022-02-24 14:23,177.7,188.1,190,188.4,185.6,195.3,197.5,195,194.8,195,194.9,215,207.9,207.5,211.9,219.8,195,195,195,40.3,77.8,48,7.998,7.998,32.465,1693,206.2,12.8,210.365,2022-02-24 13:33,26.6,27.2
2022-02-24 13:52,Extruder 1,22-A-76,90310-000065100004,7050 0% 065T 1000W BK N/T,64570,2223,1250,250,2022-02-24 13:52,178.3,187.8,190,190.3,187.5,192.2,197.5,194.6,195.1,195,194.9,215.1,208.1,207.5,212.1,220.1,195,194.9,195,40,77.7,48.2,7.998,8.002,32.535,1706,206.2,13.5,215.844,2022-02-24 13:33,26.6,27.1
2022-02-24 13:33,Extruder 1,22-A-75,90310-000065100004,7050 0% 065T 1000W BK N/T,64570,2223,1250,1000,2022-02-24 13:33,178.1,188.5,190.2,188.8,187.8,184.3,197.6,194.8,195,195,195.1,215,208,207.7,212.1,220.1,195,195.1,195.1,39.8,77.7,48.1,8.003,8.01,32.506,1690,206,12.8,209.44,2022-02-24 11:29,26.5,27.2
2022-02-24 12:31,Extruder 1,22-A-75,90310-000065100004,7050 0% 065T 1000W BK N/T,64570,2223,1250,500,2022-02-24 12:31,177.8,187.8,190.3,189.6,184.1,188.1,197.6,195,195,195.1,194.9,215,207.9,207.7,211.9,220,195,195,194.9,40.2,77.6,48.1,7.996,8.005,32.547,1732,206.5,13,219.473,2022-02-24 11:29,26.9,27.2
2022-02-24 12:01,Extruder 1,22-A-75,90310-000065100004,7050 0% 065T 1000W BK N/T,64570,2223,1250,250,2022-02-24 12:01,178.1,187.9,188.9,190,187.4,194,197.8,194.8,195,195,194.9,214.9,207.8,208.1,212.1,219.9,194.9,195,195.2,40,77.7,48,8.003,7.998,32.526,1702,206.7,12.6,217.528,2022-02-24 11:29,26.9,26.9
2022-02-24 10:40,Extruder 1,22-A-74,90310-000065100004,7050 0% 065T 1000W BK N/T,64570,2223,1250,500,2022-02-24 10:40,177.9,188.2,189.8,190.1,182.3,185.2,197.9,194.8,195,195,195,215.1,208.1,208.1,212.1,220.1,195.1,195,195,39.6,77.5,48,8.001,8.01,32.458,1743,206.6,13.1,219.734,2022-02-24 9:47,26.7,26.9
2022-02-24 10:10,Extruder 1,22-A-74,90310-000065100004,7050 0% 065T 1000W BK N/T,64570,2223,1250,250,2022-02-24 10:10,178,188.3,189.8,190.6,185.8,184.6,197.9,194.6,195.2,195,195,215.1,208.2,207.9,212.1,220.1,195,195,194.9,39.8,77.6,48.1,8.003,7.992,32.556,1729,206.6,13.3,214.848,2022-02-24 9:47,26.4,27
2022-02-24 8:49,Extruder 1,22-A-73,90310-000065100004,7050 0% 065T 1000W BK N/T,64570,2223,1250,500,2022-02-24 8:49,178.4,187.9,189.8,188.4,182.9,193,197.9,195,195,195,195,215,208,207.7,212.1,220,195.1,195,195,39.6,77.7,48.1,7.996,7.99,32.503,1737,206.8,12.7,216.105,2022-02-24 7:58,26.4,26.9
2022-02-24 8:18,Extruder 1,22-A-73,90310-000065100004,7050 0% 065T 1000W BK N/T,64570,2223,1250,250,2022-02-24 8:18,178,187.8,190.3,189.7,183,188.7,197.9,194.9,195.1,195,195,214.9,207.9,207.9,212.3,220.2,195.2,194.9,195,39.6,77.6,48.2,8.007,8.03,32.558,1731,206.6,12.5,216.01,2022-02-24 7:58,26.2,27
2022-02-24 6:58,Extruder 1,22-A-72,90310-000065100004,7050 0% 065T 1000W BK N/T,64570,2167,1250,500,2022-02-24 6:58,177.7,187.8,190.2,189.7,187.5,192.7,197.7,195.3,195.1,195.1,195.1,215.2,208.1,207.6,212.1,220.3,195.1,195,195.1,39.5,77.4,47.9,8.003,8.005,32.508,1726,206.8,13.1,215.251,2022-02-24 4:20,25.9,26.8
2022-02-24 6:27,Extruder 1,22-A-72,90310-000065100004,7050 0% 065T 1000W BK N/T,64570,2167,1250,250,2022-02-24 6:27,177.1,187.8,190.4,189.4,182.4,196,197.3,195.1,195.3,195,195,215.1,208,207.5,212.2,219.8,195.1,195,194.9,39.7,77.5,47.9,8.005,8.008,32.519,1728,206.6,13.1,221.964,2022-02-24 4:20,26.1,26.9
2022-02-24 2:36,Extruder 1,22-A-71,90310-000065110004,7050 0% 065T 1100W BK N/T,64597,2167,1250,500,2022-02-24 2:36,178.2,189.8,190.1,190.8,187.5,184.8,198.3,195,195,195,195,215,208,208,212,219.8,194.6,195,195,39.8,72.7,48.1,7.301,7.274,32.519,1714,207,12.9,212.381,2022-02-24 1:41,26.6,27.2
2022-02-24 2:03,Extruder 1,22-A-71,90310-000065110004,7050 0% 065T 1100W BK N/T,64597,2167,1250,250,2022-02-24 2:03,178.2,187,190.5,189.4,187.5,196.5,198.2,195.1,195,195,195,214.9,208,208.1,211.9,220.1,195.2,195.1,195.1,39.8,73,48,7.299,7.312,32.483,1714,207.3,12.5,211.433,2022-02-24 1:41,26.4,27.1
2022-02-24 0:35,Extruder 1,22-A-70,90310-000065110004,7050 0% 065T 1100W BK N/T,64597,2167,1250,500,2022-02-24 0:35,177.5,187.1,190.1,189.1,184.5,194,198.3,194.9,194.9,194.9,195,215.1,208,207.9,212.1,220.2,195.4,195.1,195.1,39.7,72.8,48,7.306,7.314,32.508,1706,207.2,12.5,212.737,2022-02-23 23:40,26.4,27.3
2022-02-24 0:01,Extruder 1,22-A-70,90310-000065110004,7050 0% 065T 1100W BK N/T,64597,2167,1250,250,2022-02-24 0:01,177.6,188.3,190.1,188.4,182.8,185.1,198.4,194.6,195,195,195.1,215.1,208.1,208,212,220.1,195.3,195,195.1,39.7,72.8,48,7.301,7.278,32.513,1713,206.9,13.3,213.781,2022-02-23 23:40,26.4,27.2
2022-02-23 23:39,Extruder 1,22-A-69,90310-000065110004,7050 0% 065T 1100W BK N/T,64597,2167,1250,1000,2022-02-23 23:39,178,187.3,190.1,189.9,187.1,196.3,198.3,195,195,195,195.2,215.1,208.1,208.2,212.2,220.2,195,195.1,195.2,40,72.6,48,7.297,7.299,32.526,1673,207,12.5,215.75,2022-02-18 6:47,26.4,27.2
2022-02-23 22:32,Extruder 1,22-A-69,90310-000065110004,7050 0% 065T 1100W BK N/T,64597,2238,1250,500,2022-02-23 22:32,177.7,188.3,189.9,190.3,182.7,186.7,198.1,194.9,195.1,195,195,215.1,208.2,208.8,212.4,220.1,195.6,195.1,195,39.8,73.1,48.1,7.299,7.322,32.538,1601,206.8,12.8,214.326,2022-02-18 6:47,26.4,27
2022-02-23 21:58,Extruder 1,22-A-69,90310-000065110004,7050 0% 065T 1100W BK N/T,64597,2238,1250,250,2022-02-23 21:58,176.8,186.9,190.2,190.6,182.7,194.9,196.8,195.1,195.1,194.9,195,215.1,208.2,208.5,213,219.8,195.1,195,194.9,40,72.7,48,7.304,7.304,32.503,1602,206.1,13,211.978,2022-02-18 6:47,26.5,27
2022-01-10 14:02,Extruder 1,22-A-9,90310-000065100004,7050 0% 065T 1000W BK N/T,64230,2167,1250,500,2022-01-10 14:02,178,188,190.9,191.1,185.2,189.7,197.1,194.7,195,195,194.9,202,200,200.6,199.9,208.1,195,195.1,195.1,52.3,80.9,51.5,7.998,7.988,32.062,1754,206,14.3,216.959,2022-01-10 13:03,25.6,27.4
2022-01-10 13:31,Extruder 1,22-A-9,90310-000065100004,7050 0% 065T 1000W BK N/T,64230,2167,1250,250,2022-01-10 13:31,178.1,188.2,190.4,189.3,185.2,194.6,197.2,195.2,195.1,195,195,202,199.9,200.7,200.1,208,195,195,195,52.2,80.7,51.5,8.001,8.018,32.107,1750,206.3,13.8,218.003,2022-01-10 13:03,25.8,27.2
2022-01-10 12:07,Extruder 1,22-A-8,90310-000065100004,7050 0% 065T 1000W BK N/T,64230,2167,1250,500,2022-01-10 12:07,178,187.9,189.4,189.2,184.5,190.8,197.2,195,195,195,195,201.8,199.7,200.7,200,207.7,195.1,195,195.1,49.9,77.3,51.7,8.003,8.012,32.087,1746,206.2,15.4,219.521,2022-01-10 11:12,25.4,27.2
2022-01-10 11:36,Extruder 1,22-A-8,90310-000065100004,7050 0% 065T 1000W BK N/T,64230,2167,1250,250,2022-01-10 11:36,177.9,188.1,189.6,190.1,184.9,196,197.2,195.2,195,195,194.9,202.2,200.3,200.6,200,208.2,194.9,195,195,56.2,79,51.8,8.003,8.005,32.032,1757,206.1,14.6,218.928,2022-01-10 11:12,25.4,27.2
2022-01-10 10:16,Extruder 1,22-A-7,90310-000065100004,7050 0% 065T 1000W BK N/T,64230,2167,1250,500,2022-01-10 10:16,177.6,188,189.3,189.4,185.2,184.4,197.1,195,195,195,195,202.2,200.2,200.5,200,208.1,195,195,195,51.8,79,51.8,8.003,7.99,32.03,1757,205.8,14.4,217.789,2022-01-10 9:13,25.3,27.2
2022-01-10 9:45,Extruder 1,22-A-7,90310-000065100004,7050 0% 065T 1000W BK N/T,64230,2167,1250,250,2022-01-10 9:45,177.9,187.9,190.5,189.1,184.9,186.6,197.1,194.9,195,195.1,194.9,202,199.9,200.8,200,207.8,195,195,195,51.5,79.3,51.5,8.001,8.005,32.043,1762,205.9,13.8,220.422,2022-01-10 9:13,25.5,27.1
2022-01-10 8:25,Extruder 1,22-A-6,90310-000065100004,7050 0% 065T 1000W BK N/T,64230,2167,1250,500,2022-01-10 8:25,178,187.9,189.7,188.6,184.9,188.4,197,195.2,195.1,194.9,195.1,202.1,200.1,200.9,200.1,208.2,195,195,195,50.9,79.4,51.6,8.001,8.026,32.064,1761,205.7,14,222.249,2022-01-10 7:32,25.5,27.2
2022-01-10 7:55,Extruder 1,22-A-6,90310-000065100004,7050 0% 065T 1000W BK N/T,64230,2167,1250,250,2022-01-10 7:55,178,187.8,189.9,189.1,184.9,184.7,196.9,195,195.1,194.9,195,202.1,200.4,200.7,200.1,208.2,195.2,195,195,51,79.1,51.6,8.007,8.018,32.023,1741,205.6,14.4,220.825,2022-01-10 7:32,25.3,27.1
2022-01-10 6:34,Extruder 1,22-A-5,90310-000065100004,7050 0% 065T 1000W BK N/T,64230,1476,1250,500,2022-01-10 6:34,177.9,188.2,190.4,189.1,184.8,196.8,196.4,195.2,195,195,195,202,199.9,200.5,200.1,208,195,194.7,195,50.9,78.8,51.5,7.996,7.978,32.05,1683,205.3,13.8,217.718,2022-01-07 22:01,25.5,27.2
2022-01-10 6:04,Extruder 1,22-A-5,90310-000065100004,7050 0% 065T 1000W BK N/T,64230,1476,1250,250,2022-01-10 6:04,176.7,186.5,190.4,190.7,184.9,194.7,196.1,195,195.1,195,194.8,202.2,200,200.6,200,208,194.9,195.2,194.9,51.9,79,51.8,8.005,7.998,32.066,1682,204.7,14.4,212.832,2022-01-07 22:01,25.6,27.1
2022-01-10 3:45,Extruder 1,22-A-5,90310-000065100004,7050 0% 065T 1000W BK N/T,64230,1476,1250,1000,2022-01-10 3:45,172.7,182.4,190.2,189.1,183.1,182.5,195.3,195.3,194.9,195,194.7,202.3,199.4,200,199.1,202.7,195.3,195.1,195,46.8,76.9,51.7,7.996,8.008,31.055,1712,201.2,14.3,216.722,2022-01-07 22:01,25.2,27.7
2022-01-07 20:39,Extruder 1,22-A-4,90310-000065060004,7050 0% 065T 600W BK N/T,64229,2167,1250,500,2022-01-07 20:39,171.9,187.1,190,190,184.6,190.6,194.8,195,195,194.9,195,201.9,199.9,200.5,199.9,199.9,194.9,195,195,45.5,80.4,43.1,7.8,7.793,20.346,1386,201,24,178.487,2022-01-07 19:40,24.9,26.9
2022-01-07 20:08,Extruder 1,22-A-4,90310-000065060004,7050 0% 065T 600W BK N/T,64229,2167,1250,250,2022-01-07 20:08,173,188.6,190.1,189.9,184.9,189.9,195.2,194.9,195,195,194.8,201.9,199.9,200.7,200,199.9,195,195,194.9,46,80.5,43.1,7.802,7.805,20.358,1393,201.2,20.9,178.083,2022-01-07 19:40,25.2,27.2
2022-01-07 18:44,Extruder 1,22-A-3,90310-000065060004,7050 0% 065T 600W BK N/T,64229,2167,1250,500,2022-01-07 18:44,175.1,187.8,190,189.9,185.2,190.3,194.9,195,195,195,195,202,199.9,200.6,200.1,199.9,195,194.9,195,46.1,80.5,43.1,7.8,7.789,20.326,1403,201,11.9,177.941,2022-01-07 4:44,25.3,27.2
2022-01-07 18:12,Extruder 1,22-A-3,90310-000065060004,7050 0% 065T 600W BK N/T,64229,2167,1250,250,2022-01-07 18:12,173.8,187.4,189.9,189.7,184.9,190,195.1,195,195,195,195,202,199.6,200.5,200.2,199.7,195,195,195,46.2,80.6,43.1,7.8,7.795,20.046,1399,201.1,13.2,180.811,2022-01-07 4:44,25.2,27.1
2022-01-07 17:22,Extruder 1,22-A-3,90310-000065060004,7050 0% 065T 600W BK N/T,64229,2167,1250,250,2022-01-07 17:22,172.3,189.2,188.8,189.6,184.4,189.9,195.4,195,195,194.9,195.1,202.2,199.8,200.5,200.4,200.1,194.8,195,194.9,45.5,80.7,43,7.992,7.98,18.977,1425,200.2,13.2,171.49,2022-01-07 4:44,25.2,27.7
2022-01-07 3:24,Extruder 1,22-A-2,90310-000065060004,7050 0% 065T 600W BK N/T,64229,2238,1250,500,2022-01-07 3:24,173.6,191.7,189.7,189.9,184.9,184.1,195,195,194.8,195,195,201.8,200,200.8,199.8,199.9,194.9,194.9,195,45.7,80.2,47.7,7.802,7.781,19.677,1415,200.5,43.2,177.206,2022-01-07 2:19,29.1,34.2
2022-01-07 2:52,Extruder 1,22-A-2,90310-000065060004,7050 0% 065T 600W BK N/T,64229,2238,1250,250,2022-01-07 2:52,175.3,188.4,190.3,190,185,186.7,194.9,194.9,195.2,195,195,202.1,200.1,200.2,200.1,199.9,194.9,195,195,45.5,80.3,47.5,7.8,7.763,20.096,1417,200.8,39.7,176.874,2022-01-07 2:19,27.4,31.4
2022-01-07 1:30,Extruder 1,22-A-1,90310-000065060004,7050 0% 065T 600W BK N/T,64229,2238,1250,500,2022-01-07 1:30,174.2,187.8,189.6,189.9,185,189.3,195.3,195,195,195,195,201.8,199.9,200.5,199.6,196.1,195.1,195,195,45.6,80.2,47.5,7.996,7.948,20.052,1434,200.7,30.8,176.589,2022-01-06 15:11,25.3,27
2022-01-07 0:59,Extruder 1,22-A-1,90310-000065060004,7050 0% 065T 600W BK N/T,64229,2238,1250,250,2022-01-07 0:59,176,189.8,189.7,189.8,185,187.3,195.3,194.9,194.9,195,195,201.9,199.6,200.1,199.6,195.8,195,195,195,45.4,80.5,47.4,8.001,7.97,20.005,1436,200.6,26.4,176.471,2022-01-06 15:11,25.2,26.9
2022-01-07 0:29,Extruder 1,22-A-1,90310-000065060004,7050 0% 065T 600W BK N/T,64229,2238,1250,500,2022-01-07 0:29,175.3,186.2,189.8,189.7,184.5,188,195.3,195,194.9,194.9,195.1,202.2,200.4,200.8,200.1,202.1,195,195,195,45.8,75.6,47.4,8.149,8.113,20.059,1448,200.4,22.1,175.712,2022-01-06 15:11,25.1,27.1
2022-01-07 0:00,Extruder 1,22-A-1,90310-000065060004,7050 0% 065T 600W BK N/T,64229,2238,1250,250,2022-01-07 0:00,173.6,184.9,188.9,189.6,184.2,189.6,195.3,194.9,194.9,195,195,202.2,199.9,200.2,199.9,201.9,195,195,194.9,45.1,76,47.3,8.401,8.356,20.023,1515,200.1,17.6,185.294,2022-01-06 15:11,25.1,28
2022-01-06 20:11,Extruder 1,22-A-1,90310-000065060004,7050 0% 065T 600W BK N/T,64229,2167,1250,1000,2022-01-06 20:11,170,182.3,188.4,188,183.4,180.2,194.8,194.6,194.9,195,194.5,202.1,199.4,200.4,200.4,202,195,195,194.9,36.3,67.3,46.8,13.786,14.408,20.018,1506,199.2,13.3,184.606,2022-01-06 15:11,24.4,26.4
2021-11-09 6:49,Extruder 1,21-A-596,90310-000065100004,7050 0% 065T 1000W BK N/T,63587,2167,1250,500,2021-11-09 6:49,178,188.9,191.1,190.9,185.2,191.1,195,195,195,195,195,202.1,200,200.1,200,205.1,195,195,194.9,40.6,79.4,56.1,7.505,7.496,30.134,1613,203.4,14.1,222.984,2021-11-09 5:51,26.2,27
2021-11-09 6:16,Extruder 1,21-A-596,90310-000065100004,7050 0% 065T 1000W BK N/T,63587,2167,1250,250,2021-11-09 6:16,178.3,189.4,190.2,189.6,185,185.2,195,195,194.9,195,195.1,201.9,200,200.1,199.9,205,195.1,195,194.9,40.8,79.3,55.8,7.498,7.468,30.155,1623,203.1,14.6,230.716,2021-11-09 5:51,25.9,26.7
2021-11-09 4:50,Extruder 1,21-A-595,90310-000065100004,7050 0% 065T 1000W BK N/T,63587,2167,1250,500,2021-11-09 4:50,178,188.8,190.4,190.7,185.1,191.3,195,194.9,195,195,194.9,202,200,200.1,200.1,205,195.1,195,195,40.7,79,55.9,7.498,7.513,30.091,1623,203.3,14.2,222.509,2021-11-09 3:59,26,27.1
2021-11-09 4:18,Extruder 1,21-A-595,90310-000065100004,7050 0% 065T 1000W BK N/T,63587,2167,1250,250,2021-11-09 4:18,178.5,189.3,190,189.6,185,185.2,195.1,194.9,195.1,195.1,195.1,202,200.1,200.1,200.1,205.1,195,195,195,40.8,79,55.8,7.498,7.506,30.089,1617,203.2,13.5,222.13,2021-11-09 3:59,26.1,26.9
2021-11-09 2:52,Extruder 1,21-A-594,90310-000065100004,7050 0% 065T 1000W BK N/T,63587,2167,1250,500,2021-11-09 2:52,177.9,185.8,190.4,189.2,185,192.5,195.1,195,195,195,195,202.1,200.1,200.1,199.9,205,194.9,195,195,40.1,79.2,56.1,7.498,7.485,30.125,1626,203.5,14.8,220.09,2021-11-09 1:58,26.1,27.1
2021-11-09 2:19,Extruder 1,21-A-594,90310-000065100004,7050 0% 065T 1000W BK N/T,63587,2167,1250,250,2021-11-09 2:19,177.7,189.2,190.2,191.4,185.1,186.8,195.1,195.1,195,195,195,202,200,200.2,200,204.8,195,195,195,40,78.4,55.8,7.498,7.508,30.169,1646,203.2,14,220.256,2021-11-09 1:58,25.9,26.9
2021-11-09 1:59,Extruder 1,21-A-593,90310-000065100004,7050 0% 065T 1000W BK N/T,63587,2167,1250,1000,2021-11-09 1:59,178.1,187.8,189.5,190.3,185,186.2,195,195,195,195,195,202,199.9,200,200,205,195.1,195,195,41,79.5,56.1,7.5,7.503,30.096,1626,203.4,14.6,224.526,2021-11-08 22:46,26.1,26.7
2021-11-09 0:54,Extruder 1,21-A-593,90310-000065100004,7050 0% 065T 1000W BK N/T,63587,2167,1250,500,2021-11-09 0:54,178.2,188.8,189.8,190.7,185.3,194.3,195.1,195,195,195,194.9,202.1,200,200.2,200.1,205,194.9,195,195,40.1,78.9,56,7.496,7.508,30.772,1627,203.6,13.7,218.359,2021-11-08 22:46,26,26.8
2021-11-09 0:21,Extruder 1,21-A-593,90310-000065100004,7050 0% 065T 1000W BK N/T,63587,2167,1250,250,2021-11-09 0:21,177.7,189,189.5,190.8,185,186.7,195.2,195,195,194.9,195,202,199.9,200.2,200.2,205,195.3,195,194.9,40.1,78.9,55.5,7.496,7.506,30.103,1619,203.1,14.3,214.303,2021-11-08 22:46,26,27.7
2021-11-08 21:57,Extruder 1,21-A-592,90310-000065100004,7050 0% 065T 1000W BK N/T,63587,2243,1250,500,2021-11-08 21:57,178.6,188.3,188.9,190.7,185.1,193.8,195,194.8,195,195,194.9,202,199.9,200.2,199.9,205,195,195.1,195,40.7,79.4,33.4,7.498,7.475,30.629,1602,203.4,13.8,223.648,2021-11-08 20:50,26.3,26.7
2021-11-08 21:25,Extruder 1,21-A-592,90310-000065100004,7050 0% 065T 1000W BK N/T,63587,2243,1250,250,2021-11-08 21:25,178,189.9,190,189.2,184.9,188.2,195.1,195,195.1,195,195,202.1,200.1,200.3,200.1,205.1,195,195,195,40.5,79.8,33.5,7.502,7.496,31.114,1631,203.5,13.8,227.04,2021-11-08 20:50,26.4,27.4
2021-11-08 19:59,Extruder 1,21-A-591,90310-000065100004,7050 0% 065T 1000W BK N/T,63587,2243,1250,500,2021-11-08 19:59,178.5,188.8,189.8,190.2,184.9,194.5,195.3,195,194.8,194.9,195,202,199.9,200.5,200.1,205.1,194.9,194.9,194.9,40.2,79.1,36,7.496,7.511,31.118,1644,204.1,15.5,213.378,2021-11-08 19:02,26.8,27.2
2021-11-08 19:26,Extruder 1,21-A-591,90310-000065100004,7050 0% 065T 1000W BK N/T,63587,2243,1250,250,2021-11-08 19:26,177.4,188.5,189.5,189.4,184.8,187.3,195.4,194.9,194.9,194.9,195,202,199.9,200.6,200.2,204.8,194.4,194.9,194.9,40.6,79.6,62.3,7.507,7.516,31.162,1669,203.9,14,217.007,2021-11-08 19:02,27.1,27.5
2021-11-08 18:16,Extruder 1,21-A-590,90310-000065100004,7050 0% 065T 1000W BK N/T,63587,2243,1250,1000,2021-11-08 18:16,178.5,186.2,188.9,191.2,182.5,193.9,195.5,194.9,195.1,195,195,202.1,199.7,200.6,200.5,205.4,195.4,195.1,195,40.7,80.3,65.5,7.647,7.524,29.098,1709,202.6,13.8,222.818,2021-11-08 15:31,26.9,26.2
2021-11-08 16:41,Extruder 1,21-A-590,90310-000065100004,7050 0% 065T 1000W BK N/T,63587,2243,1250,500,2021-11-08 16:41,178.5,188.4,190.5,190.2,185.2,194.2,195.2,195.3,195,195,195.1,202,199.9,200.5,200,204.9,194.6,194.9,194.9,40.9,80.8,64.1,7.5,7.506,30.276,1680,204.1,14.8,229.459,2021-11-08 15:31,27.4,27.6
2021-11-08 16:08,Extruder 1,21-A-590,90310-000065100004,7050 0% 065T 1000W BK N/T,63587,2243,1250,250,2021-11-08 16:08,178.3,189.1,189.7,189.7,185.1,188.1,195.3,194.8,195.1,195,195,202,200,200.5,199.9,204.8,194.6,195,195,40.6,80.8,63,7.507,7.506,30.364,1684,204,14.1,232.851,2021-11-08 15:31,27.6,27.6
2021-11-08 14:43,Extruder 1,21-A-589,90310-000065100004,7050 0% 065T 1000W BK N/T,63587,2238,1250,500,2021-11-08 14:43,178.2,186.6,189.8,190.2,184.8,192.6,195.4,195,195.1,195,195,202.2,200.1,200.7,200,205,194.9,195,195,40.8,81,64.9,7.498,7.485,30.33,1676,204.3,14.9,229.72,2021-11-08 13:50,27.6,27.7
2021-11-08 14:10,Extruder 1,21-A-589,90310-000065100004,7050 0% 065T 1000W BK N/T,63587,2238,1250,250,2021-11-08 14:10,178,189.1,190,189.6,185.1,185.8,195.3,195,195.2,195.1,195,202.1,200.2,200.5,200.1,205.1,195.1,195.1,195,41.2,81,62.7,7.5,7.485,30.107,1679,203.9,14.1,223.079,2021-11-08 13:50,27.5,27.5
2021-11-08 12:44,Extruder 1,21-A-588,90310-000065100004,7050 0% 065T 1000W BK N/T,63587,2238,1250,500,2021-11-08 12:44,178,188.9,189.8,189.7,184.8,190.5,195.3,195.2,195,195,195,202,200,200.8,200.2,205,195.5,195,195,40.6,80.9,65.2,7.5,7.534,30.556,1664,204.1,14.7,224.715,2021-11-08 11:47,27.1,27.4
2021-11-08 12:11,Extruder 1,21-A-588,90310-000065100004,7050 0% 065T 1000W BK N/T,63587,2238,1250,250,2021-11-08 12:11,177.7,187.1,189.5,189.1,184.5,184.9,195.4,194.8,195,195,195,201.9,200.1,200.9,200.2,205,195,195,194.9,41.3,80.7,63,7.502,7.491,30.54,1689,203.8,14.9,217.007,2021-11-08 11:47,27.1,27.4
2021-11-08 11:29,Extruder 1,21-A-587,90310-000065100004,7050 0% 065T 1000W BK N/T,63587,2238,1250,1000,2021-11-08 11:29,173.8,190,190.3,190.1,183.8,185.4,195,194.6,195,195,194.9,202,199.7,200.6,200.5,204.2,195,195.1,194.9,40.6,80.3,61.9,7.589,7.506,29.904,1686,202.2,14.2,228.107,2021-11-08 8:49,26.6,26.6
2021-11-08 9:52,Extruder 1,21-A-587,90310-000065100004,7050 0% 065T 1000W BK N/T,63587,2238,1250,500,2021-11-08 9:52,177.9,189.1,189.7,190.8,185,183.7,195.1,195,195.1,195,195.1,202,199.9,200.5,200,202,195,195,195,40.2,80,66,7.502,7.481,29.87,1628,203.2,14.6,219.711,2021-11-08 8:49,26.3,26.9
2021-11-08 9:20,Extruder 1,21-A-587,90310-000065100004,7050 0% 065T 1000W BK N/T,63587,2238,1250,250,2021-11-08 9:20,177.8,187.9,189.8,188.7,184.7,186.5,195.1,194.9,195,195,195,202,200,200.6,200,202,195,195,195.1,40.3,79.8,64,7.5,7.488,29.875,1632,203.6,14.2,220.256,2021-11-08 8:49,26.2,26.7
2021-11-08 7:54,Extruder 1,21-A-586,90310-000065100004,7050 0% 065T 1000W BK N/T,63587,2238,1250,500,2021-11-08 7:54,178,187.7,190,190.4,185.2,183.4,195.2,194.9,195.1,195,195.1,202,200,200.7,200,202.1,195,195.1,195,40.9,80.3,66.2,7.502,7.518,29.866,1659,203.5,14.2,224.336,2021-11-08 6:56,26.2,26.9
2021-11-08 7:21,Extruder 1,21-A-586,90310-000065100004,7050 0% 065T 1000W BK N/T,63587,2238,1250,250,2021-11-08 7:21,177.9,187.9,189.7,189.8,185.1,189.2,195.2,195.1,195,195.1,195,202.1,200.1,200.7,200,202,194.7,195.1,195,40.9,80.3,63.1,7.498,7.485,29.87,1640,204,13.8,213.022,2021-11-08 6:56,26.2,26.9
2021-11-08 5:56,Extruder 1,21-A-585,90310-000065100004,7050 0% 065T 1000W BK N/T,63587,2167,1250,500,2021-11-08 5:56,178.2,187.5,189.7,190,185.1,184,195.2,194.9,195,195,195,202.1,200,200.7,200,202.1,195,195,195,40.6,80.4,65,7.505,7.528,29.877,1627,203.6,14.3,221.845,2021-11-08 5:01,26,26.9
2021-11-08 5:23,Extruder 1,21-A-585,90310-000065100004,7050 0% 065T 1000W BK N/T,63587,2167,1250,250,2021-11-08 5:23,177.6,188.1,189.9,189.4,184.9,191.1,195.2,195,195,195,195,202,200,200.6,200,201.9,195.3,195.1,195,40.6,80.3,62.3,7.5,7.498,29.797,1622,204,13.2,220.754,2021-11-08 5:01,26.1,26.9
2021-11-08 5:03,Extruder 1,21-A-584,90310-000065100004,7050 0% 065T 1000W BK N/T,63587,2167,1250,1000,2021-11-08 5:03,178.4,186.8,190.1,190.4,185.1,193.8,195.2,195,195,195.1,195.2,202.2,200,200.7,200,202.1,194.5,195,194.9,40.7,80.3,62.7,7.498,7.524,29.82,1625,203.9,13.9,220.398,2021-11-05 13:32,26.2,26.9
2021-11-08 3:57,Extruder 1,21-A-584,90310-000065100004,7050 0% 065T 1000W BK N/T,63587,2167,1250,500,2021-11-08 3:57,178.1,187.1,190,190.7,184.8,183.7,195.4,195,195,195,195.1,202.1,199.9,200.8,200.1,202,194.4,195,194.9,40.8,80.5,64.1,7.498,7.498,29.875,1658,203.8,14.2,221.418,2021-11-05 13:32,26,26.8
2021-11-08 3:24,Extruder 1,21-A-584,90310-000065100004,7050 0% 065T 1000W BK N/T,63587,2167,1250,250,2021-11-08 3:24,177.3,188.1,190.7,189.8,184.7,192.3,195.4,195,194.8,194.9,194.9,202.1,199.6,200.6,200.1,201.9,195.2,195.1,195,40.4,80.3,62.7,7.5,7.511,29.071,1630,204.1,13.3,216.366,2021-11-05 13:32,26,26.9
2021-11-05 12:19,Extruder 1,21-A-583,90310-000065100004,7050 0% 065T 1000W BK N/T,63587,1251,1250,500,2021-11-05 12:19,178,188.3,189.2,189.1,185,184,195.4,195.2,195,195.1,195,205.1,199.9,200.8,200,205,194.6,195,194.9,40.5,80.4,62.7,7.507,7.518,30.841,1677,204.7,14,226.162,2021-11-05 11:19,26.4,27
2021-11-05 11:46,Extruder 1,21-A-583,90310-000065100004,7050 0% 065T 1000W BK N/T,63587,1251,1250,250,2021-11-05 11:46,178.1,188.3,190.6,189.8,185.2,192.2,195.3,194.9,194.9,194.9,195.1,204.9,199.8,200.6,199.9,205,195,195,195,40.3,80,65.6,7.498,7.473,30.815,1669,204.8,14.6,222.652,2021-11-05 11:19,26,26.9
2021-11-05 10:21,Extruder 1,21-A-582,90310-000065100004,7050 0% 065T 1000W BK N/T,63587,1251,1250,500,2021-11-05 10:21,178.4,188.3,189.6,191.4,185,186.2,195.3,195.1,195.1,195,195,205.1,200,200.9,200.2,205,195.5,195.1,195,40.4,80.1,65.4,7.505,7.503,30.13,1653,204.5,15.4,218.572,2021-11-05 4:36,25.9,26.8
2021-11-05 9:48,Extruder 1,21-A-582,90310-000065100004,7050 0% 065T 1000W BK N/T,63587,1251,1250,250,2021-11-05 9:48,177.4,185.1,189,189.4,184.7,195.7,195.5,195,195,194.9,195.1,205.1,199.9,201,200.3,205,195.3,195.1,194.9,40.7,80.2,64.4,7.5,7.511,30.116,1642,204.8,13.2,213.947,2021-11-05 4:36,26,26.8
2021-11-05 8:47,Extruder 1,21-A-582,90310-000065100004,7050 0% 065T 1000W BK N/T,63587,1251,1250,1000,2021-11-05 8:47,172.1,180.6,189.4,189,183.5,195.8,194.9,195.3,195.4,195.3,195.4,205.7,200.2,200.4,200.4,205.1,195.4,195.1,195.1,40.2,79,64.7,7.978,9.997,25.137,2145,197.6,13.1,202.846,2021-11-05 4:36,25.9,24.6
2021-11-05 3:23,Extruder 1,21-A-581,90310-000065060004,7050 0% 065T 600W BK N/T,63586,2243,1250,500,2021-11-05 3:23,178,187.9,191.1,190.1,185.2,189.3,195,195.2,195,195,195,195,199.9,201.3,200,195,195,194.9,195,40.1,79.5,62.3,8.299,8.278,20.048,1542,201.3,13.6,199.265,2021-11-05 2:39,25.6,26.4
2021-11-05 2:54,Extruder 1,21-A-581,90310-000065060004,7050 0% 065T 600W BK N/T,63586,2243,1250,250,2021-11-05 2:54,178.2,190.6,190.7,190,185.2,192,195.2,195,195,195,195,195,199.9,201.3,199.9,195,195,194.9,195,40.5,79.9,63.3,8.401,8.394,20.084,1539,201.4,12.8,197.249,2021-11-05 2:39,25.4,26.4
2021-11-05 2:35,Extruder 1,21-A-580,90310-000065060004,7050 0% 065T 600W BK N/T,63586,2243,1250,1000,2021-11-05 2:35,177.7,191.2,189.8,189.6,184.7,184.6,194.9,195,194.9,195,195,195,200,201.5,199.8,194.9,194.9,195,195,40.6,79.9,65.8,7.704,7.713,19.542,1521,201.1,14.3,194.26,2021-11-03 20:39,25.8,26.4
2021-11-05 1:37,Extruder 1,21-A-580,90310-000065060004,7050 0% 065T 600W BK N/T,63586,2243,1250,500,2021-11-05 1:37,178,188.8,190.6,189.8,185,189.9,195.2,194.9,195,195,195,194.9,199.9,201.8,200.2,194.7,195,195,195,39.8,80,64,9.098,9.102,23.1,1579,202.5,13.6,204.839,2021-11-03 20:39,25.6,26.9
2021-11-05 1:11,Extruder 1,21-A-580,90310-000065060004,7050 0% 065T 600W BK N/T,63586,2243,1250,250,2021-11-05 1:11,178,187.6,190.3,189.7,185.2,197.2,195.5,195.1,195,195,195,195.1,200.1,201.5,200.4,195,195,195,194.9,40.1,79.8,65.3,9.302,9.303,23.105,1586,202.7,13,199.62,2021-11-03 20:39,25.7,27.7
2021-11-05 0:26,Extruder 1,21-A-580,90310-000065060004,7050 0% 065T 600W BK N/T,63586,2243,1250,500,2021-11-05 0:26,175.4,183.4,190.5,189.8,180,191.2,194.6,194.8,194.9,194.8,195,194,198.4,199.9,198.8,194.4,195,195,194.3,40,79.3,64.1,9.999,10.043,20.109,1638,199.3,12.8,194.426,2021-11-03 20:39,25.7,23.6
2021-11-04 9:17,Extruder 1,21-A-580,90310-000065060004,7050 0% 065T 600W BK N/T,63586,1251,1250,250,2021-11-04 9:17,176.8,185.8,189.8,189.4,183.8,190.1,195.1,195,195.3,195,195.1,195.1,199.7,200.4,200.4,195.2,194.9,195,194.9,40.1,79.9,64.8,8.003,8.012,20.59,1531,199.8,13.1,190.583,2021-11-03 20:39,25.4,24.9
2021-11-03 19:54,Extruder 1,21-A-579,90310-000065060004,7050 0% 065T 600W BK N/T,63586,2238,1250,500,2021-11-03 19:54,178.3,188.4,190,190.1,185.2,185.6,195.4,195.2,195,195,195,195.1,200,201.3,199.9,195,195,195,195,40,79.4,66.2,8.001,8.028,20.779,1439,201.7,14.1,188.212,2021-11-03 19:00,25.6,26.4
2021-11-03 19:23,Extruder 1,21-A-579,90310-000065060004,7050 0% 065T 600W BK N/T,63586,2238,1250,250,2021-11-03 19:23,177.7,187.1,189.9,190.1,185.1,184.6,194.7,195.1,195,195,195,195.2,200,201.4,200.1,195.1,195,194.9,195.1,41.2,81.2,62.5,7.998,7.994,20.629,1396,201.1,14.4,185.84,2021-11-03 19:00,25.8,26.9
2021-11-03 18:03,Extruder 1,21-A-578,90310-000065060004,7050 0% 065T 600W BK N/T,63586,2238,1250,500,2021-11-03 18:03,178.1,187.6,190.2,190.1,185.2,193.2,194.9,195,194.8,195,195,195,200,201.1,199.9,194.9,194.8,195,195,40.8,79.7,63.9,8.005,7.984,20.554,1359,201.7,13.8,186.741,2021-11-03 16:56,25.4,26.8
2021-11-03 17:32,Extruder 1,21-A-578,90310-000065060004,7050 0% 065T 600W BK N/T,63586,2238,1250,250,2021-11-03 17:32,177.9,188.5,190,189.9,185,191.4,194.7,195,195,195,194.9,195,199.9,201.2,199.9,195,195,195,195,40.2,79.6,62.4,7.998,8.005,20.608,1366,201.3,14.4,183.895,2021-11-03 16:56,25.5,26.7
2021-11-03 16:11,Extruder 1,21-A-577,90310-000065060004,7050 0% 065T 600W BK N/T,63586,2238,1250,500,2021-11-03 16:11,178,187.8,189.9,190.1,185.1,197.2,195.2,195.1,194.9,195.1,194.9,195,200,201.2,199.9,195,195,195,195.1,40,79.7,62.7,7.998,7.994,20.595,1363,201.9,13.8,191.153,2021-11-03 15:13,25.4,26.2
2021-11-03 15:41,Extruder 1,21-A-577,90310-000065060004,7050 0% 065T 600W BK N/T,63586,2238,1250,250,2021-11-03 15:41,178.2,187.7,189.8,190.1,185.2,196.4,194.8,195,195,195,195,195,200,201.2,199.9,195,195,195,195.1,40.1,79.5,65.7,7.998,7.99,20.613,1354,201.4,13,185.009,2021-11-03 15:13,25.2,26.7
2021-11-03 14:18,Extruder 1,21-A-576,90310-000065060004,7050 0% 065T 600W BK N/T,63586,1251,1250,500,2021-11-03 14:18,178.1,187.5,190.3,189.9,185.1,191.3,194.9,195,195,195,194.9,195,200,201.2,200,194.9,195,195,195,40.5,79.3,62.5,8.003,8.008,20.595,1379,201.2,14.1,188.876,2021-11-03 13:21,25,26.6
2021-11-03 13:47,Extruder 1,21-A-576,90310-000065060004,7050 0% 065T 600W BK N/T,63586,1251,1250,250,2021-11-03 13:47,177.9,188,190.3,190.1,184.9,191.5,194.9,195,195,195,195,194.9,200,201.2,200.1,195,195,195,195,40.8,79.9,63.8,7.996,7.992,20.631,1380,201.3,13.4,185.342,2021-11-03 13:21,25.3,26.7
2021-11-03 12:27,Extruder 1,21-A-575,90310-000065060004,7050 0% 065T 600W BK N/T,63586,1251,1250,500,2021-11-03 12:27,178,188.5,189.8,189.9,185.2,186.5,195,195.2,195,195,195,195,199.9,201.3,199.9,194.9,195,195.1,195,46.5,79.4,65.8,8.001,8.008,20.761,1384,201.3,12.8,187.619,2021-11-03 11:31,25.2,26.6
2021-11-03 11:57,Extruder 1,21-A-575,90310-000065060004,7050 0% 065T 600W BK N/T,63586,1251,1250,250,2021-11-03 11:57,178,188,190,189.9,185,185.9,195.3,194.8,195.1,195,195,195,200.1,201.4,200.1,195.3,195.2,195.1,195,46.6,79,61.1,7.998,8.005,20.749,1387,201.5,13.7,189.54,2021-11-03 11:31,25.1,26.4
2021-11-03 10:36,Extruder 1,21-A-574,90310-000065060004,7050 0% 065T 600W BK N/T,63586,1251,1250,500,2021-11-03 10:36,177.9,187.2,189.6,189.9,184.7,182.9,195.3,195.1,195.1,195,195.1,195,199.9,200.8,200.2,195,195.1,195.4,194.9,46.2,74.1,64.6,8.001,7.982,20.1,1387,201.2,13.2,185.816,2021-11-02 9:56,23.5,26.1
2021-11-03 10:06,Extruder 1,21-A-574,90310-000065060004,7050 0% 065T 600W BK N/T,63586,1251,1250,250,2021-11-03 10:06,177.7,186,189.4,189.7,184.8,182.3,195.5,195,194.8,194.9,195.1,195.4,200,200.7,200.2,195.1,195,195.1,194.9,45.9,73.7,60.3,7.998,7.992,19.371,1401,200.7,13.1,185.721,2021-11-02 9:56,23.5,27.5
2021-09-16 16:13,Extruder 1,21-A-515,90310-000065100004,7050 0% 065T 1000W BK N/T,62976,1476,1250,500,2021-09-16 16:13,173.2,187.5,189.4,191.1,185.4,195.3,198.1,194.8,195.1,195.4,179.9,210,200,201.7,200,208,195,195,195,57.4,76.1,62.8,8.804,8.81,33.05,2367,207.8,13.7,254.791,2021-09-16 15:22,29,28.3
2021-09-16 15:45,Extruder 1,21-A-515,90310-000065100004,7050 0% 065T 1000W BK N/T,62976,1476,1250,250,2021-09-16 15:45,174.4,188.1,190.8,189.4,184.8,195,198,195,195.1,194.8,179.8,209.9,200,201.6,199.9,207.9,194.9,194.6,194.9,58,76,62.7,8.795,8.797,33.071,2350,207.9,14,257.804,2021-09-16 15:22,28.7,28.3
2021-09-16 13:47,Extruder 1,21-A-514,90310-000065100004,7050 0% 065T 1000W BK N/T,62976,2243,1250,1000,2021-09-16 13:47,174.3,188.5,189.4,189.4,184.9,186.2,197.4,194.6,195.1,194.8,179.2,210.1,200,201.2,200,208,195.1,194.7,195,57.3,76,62.6,8.797,8.797,32.683,2162,206.4,14,245.588,2021-09-16 13:35,28.1,27.9
2021-09-16 12:51,Extruder 1,21-A-513,90310-000065100004,7050 0% 065T 1000W BK N/T,62976,2243,1250,500,2021-09-16 12:51,173.6,186.9,190.7,189.1,184.7,188.5,197.2,195,195,195.2,178.9,210,200,201.1,200,208,195,194.9,195.1,57.5,75.8,62.3,8.797,8.815,32.661,2132,206.2,13.1,247.486,2021-09-16 12:02,27.7,27.6
2021-09-16 12:23,Extruder 1,21-A-513,90310-000065100004,7050 0% 065T 1000W BK N/T,62976,2243,1250,250,2021-09-16 12:23,173.4,188.2,190.4,190.8,185.1,189.3,197.2,194.6,195.1,194.7,178.6,210.1,200.1,201.1,200.1,208.2,195,195,195,57.6,75.6,62.3,8.8,8.792,32.688,2125,206,12.9,243.406,2021-09-16 12:02,27.2,27.5
2021-09-16 11:11,Extruder 1,21-A-512,90310-000065100004,7050 0% 065T 1000W BK N/T,62976,2243,1250,500,2021-09-16 11:11,173.5,185.4,190.4,189.5,185,186.2,196.5,195.2,195.1,195.1,177.7,210.1,200.1,201,200.1,208.1,195.1,195,195,57.1,75.2,61.8,8.795,8.79,32.681,2090,205.4,13.2,249.383,2021-09-16 10:27,26.6,27.1
2021-09-16 10:43,Extruder 1,21-A-512,90310-000065100004,7050 0% 065T 1000W BK N/T,62976,2243,1250,250,2021-09-16 10:43,173.8,187.6,190.4,189,184.9,186.5,196,195,195,195,177,210.1,200.1,200.9,200.5,208.2,195,194.5,194.9,56.8,75.1,61.7,8.804,8.812,32.672,2073,205,13.8,250.925,2021-09-16 10:27,26.4,26.8
2021-09-16 9:18,Extruder 1,21-A-511,90310-000065100004,7050 0% 065T 1000W BK N/T,62976,2243,1250,500,2021-09-16 9:18,173.7,188.3,189.7,190.4,185.1,188.7,196.4,194.9,195,195.1,177.7,210.1,200.1,200.6,200.1,208,195.1,195,195,56.4,74.5,61.1,8.806,8.815,32.722,1985,205.1,12.5,242.291,2021-09-16 8:30,25.4,26.4
2021-09-16 8:50,Extruder 1,21-A-511,90310-000065100004,7050 0% 065T 1000W BK N/T,62976,2243,1250,250,2021-09-16 8:50,173.9,188.5,190.7,190.1,184.7,190.9,196.4,194.8,195,195,177.6,210,200,200.6,200.1,208.1,195,194.9,194.9,56.3,74.2,61.1,8.8,8.81,32.679,1982,205.1,12.9,242.528,2021-09-16 8:30,25.2,26.4
2021-09-16 7:37,Extruder 1,21-A-510,90310-000065100004,7050 0% 065T 1000W BK N/T,62976,2243,1250,500,2021-09-16 7:37,174.2,188.8,189.8,189.6,184.6,190,196.3,194.9,195,195,177.7,210,199.9,200.5,199.9,207.8,195,195,195,55.1,74.1,60.9,8.795,8.812,32.722,1962,204.8,12.8,250.996,2021-09-16 6:34,24.8,26.2
2021-09-16 7:09,Extruder 1,21-A-510,90310-000065100004,7050 0% 065T 1000W BK N/T,62976,2243,1250,250,2021-09-16 7:09,173.9,187.4,189.7,190.5,185.3,192.3,196.3,195.1,194.9,195,177.8,210,200,200.5,200.1,208,195,195,195,55.5,74,60.9,8.8,8.762,32.74,1963,205.2,12.6,243.714,2021-09-16 6:34,24.8,26.3
2021-09-16 5:56,Extruder 1,21-A-509,90310-000065100004,7050 0% 065T 1000W BK N/T,62976,2238,1250,500,2021-09-16 5:56,175.1,188.1,190.7,190.4,185.1,190.7,196.1,194.9,195.2,195,177.4,210,200,200.6,200,208,195.1,195,195,55.5,73.9,61,8.802,8.83,32.677,1958,204.8,13.4,246.395,2021-09-16 4:32,24.9,26.4
2021-09-16 5:28,Extruder 1,21-A-509,90310-000065100004,7050 0% 065T 1000W BK N/T,62976,2238,1250,250,2021-09-16 5:28,176.4,188.3,191,190.8,184.8,191.7,195.6,194.9,194.9,194.9,176.5,210,200,200.5,200.3,208,195,195,195,55.5,74.1,60.9,8.8,8.794,32.636,1954,204.5,13.1,241.509,2021-09-16 4:32,25.1,26.4
2021-09-16 3:52,Extruder 1,21-A-508,90310-000065100004,7050 0% 065T 1000W BK N/T,62976,2238,1250,500,2021-09-16 3:52,174.1,187.2,189.3,189.2,184.7,184.9,196.4,195,195,194.8,178.2,210.1,200,200.5,200,208,195,195.1,195,55.3,73.8,60.9,8.795,8.804,33.068,1924,205,13.8,244.639,2021-09-16 2:54,25,26.4
2021-09-16 3:24,Extruder 1,21-A-508,90310-000065100004,7050 0% 065T 1000W BK N/T,62976,2238,1250,250,2021-09-16 3:24,173.5,187.4,189.6,189.1,184.8,184.4,196.5,194.9,195.1,194.9,178.2,210,200,200.5,200.1,208,195,194.9,195,55.4,74.2,61.1,8.8,8.837,33.062,1913,204.8,12.9,248.316,2021-09-16 2:54,25.3,26.4
2021-09-16 2:11,Extruder 1,21-A-507,90310-000065100004,7050 0% 065T 1000W BK N/T,62976,2238,1250,500,2021-09-16 2:11,173.7,187.5,188.9,190.5,185,184.9,196.4,194.9,195,195.3,178.1,210,200,200.5,200,208,195,195,195,56.3,74.5,61.3,8.793,8.787,33.107,1901,204.8,12.6,246.774,2021-09-16 1:13,25.2,26.4
2021-09-16 1:43,Extruder 1,21-A-507,90310-000065100004,7050 0% 065T 1000W BK N/T,62976,2238,1250,250,2021-09-16 1:43,174.2,187.6,190.5,189,184.6,184.3,196.4,195,195,195,178.3,210,200.1,200.4,200,208,195.1,195.1,195,56,74.4,61.3,8.797,8.784,33.128,1901,204.8,12.7,244.379,2021-09-16 1:13,25.4,26.6
2021-09-16 0:30,Extruder 1,21-A-506,90310-000065100004,7050 0% 065T 1000W BK N/T,62976,2238,1250,500,2021-09-16 0:30,173.1,187.4,189.9,189.2,185,185.6,196.6,195,195.1,195,178.1,210.1,200.2,200.6,200.1,208,195,195,195,55.7,74.4,61.4,8.8,8.81,33.084,1883,205.1,13.5,248.055,2021-09-15 23:19,25.9,26.7
2021-09-16 0:02,Extruder 1,21-A-506,90310-000065100004,7050 0% 065T 1000W BK N/T,62976,2238,1250,250,2021-09-16 0:02,174.8,187.8,189.2,189.4,184.9,184.7,196.1,195,195.1,195,177.7,210,200.1,200.5,200.1,208.1,195,195,195,55.8,74.5,61.4,8.8,8.794,33.608,1897,204.8,13.5,251.186,2021-09-15 23:19,26,26.8
2021-09-15 22:38,Extruder 1,21-A-505,90310-000065100004,7050 0% 065T 1000W BK N/T,62976,1476,1250,500,2021-09-15 22:38,174.8,188.6,189.3,189.8,184.8,187.2,195.6,195,194.9,195.1,177.3,209.9,200,200.2,200,208,195,195,195,55.8,74.4,61.6,7.996,7.99,30.731,1797,203.7,12.9,240.821,2021-09-15 21:41,26.6,27.1
2021-09-15 22:07,Extruder 1,21-A-505,90310-000065100004,7050 0% 065T 1000W BK N/T,62976,1476,1250,250,2021-09-15 22:07,172.6,188.3,189.8,189.3,184.9,185.8,195.6,195,195,195,177.6,210,200,200.4,199.9,208,195,195,195,55.8,74.5,61.5,7.994,7.992,30.774,1797,203.7,13.5,240.821,2021-09-15 21:41,26.5,27.1
2021-09-15 20:47,Extruder 1,21-A-504,90310-000065100004,7050 0% 065T 1000W BK N/T,62976,1476,1250,500,2021-09-15 20:47,174.3,187.7,189.6,189.1,184.9,193.2,195.8,195.2,194.9,195.3,177.5,210,200.1,200.3,199.9,208,194.9,195,195,56.6,75.3,61.9,7.998,7.978,31.052,1772,204.3,13.4,238.852,2021-09-15 19:49,27.1,27.4
2021-09-15 20:16,Extruder 1,21-A-504,90310-000065100004,7050 0% 065T 1000W BK N/T,62976,1476,1250,250,2021-09-15 20:16,175,188.4,190.2,189.4,185,195.2,195.8,195.1,195,195.2,177.4,210,200.1,200.3,200,208.1,195,195,195,56.5,75.3,62.1,8.001,7.998,31.071,1764,204.4,12.4,234.891,2021-09-15 19:49,27.4,27.6
2021-09-15 19:18,Extruder 1,21-A-503,90310-000065100004,7050 0% 065T 1000W BK N/T,62976,1476,1250,250,2021-09-15 19:18,173.6,187.2,190,190.1,184.5,194.5,196,195,195,194.8,176.4,210,200,200.5,200.3,208,195,195,195,57.2,75.5,62.3,7.998,8,31.556,1767,204.7,13.5,239.137,2021-09-15 17:43,27.9,27.8
2021-09-15 18:09,Extruder 1,21-A-503,90310-000065100004,7050 0% 065T 1000W BK N/T,62976,1476,1250,250,2021-09-15 18:09,172.3,188.4,189.9,190.4,184.9,188.4,196,195.1,195,194.9,177.7,210,199.9,200.4,199.9,208,195,195,195,57.2,75.4,62.3,8.001,8.005,31.308,1772,204.3,13.5,238.591,2021-09-15 17:43,28,27.8
2021-09-15 16:48,Extruder 1,21-A-502,90310-000065100004,7050 0% 065T 1000W BK N/T,62976,1476,1250,500,2021-09-15 16:48,175.3,187.7,189.8,190.4,185,188.8,196.1,195,195,194.8,177.6,210,200,200.4,199.9,207.9,195,195,195,56.7,75.5,62.4,8.003,8.008,31.822,1755,204.7,13.5,240.678,2021-09-15 15:50,27.9,27.7
2021-09-15 16:17,Extruder 1,21-A-502,90310-000065100004,7050 0% 065T 1000W BK N/T,62976,1476,1250,250,2021-09-15 16:17,173.2,187.8,190.2,189.4,184.8,192.4,196.1,195.2,195,195.3,177.2,210,200,200.6,200.2,208,194.9,194.9,195,57.5,75.6,62.3,8.001,7.998,31.875,1754,204.7,13.6,233.563,2021-09-15 15:50,27.9,27.8
2021-09-15 15:47,Extruder 1,21-A-501,90310-000065100004,7050 0% 065T 1000W BK N/T,62976,1476,1250,1000,2021-09-15 15:47,172.2,186.3,190.3,191.2,184.2,194.4,196,195.3,194.6,194.8,176.6,209.7,199.5,200.1,199.4,207.6,194.9,194.7,195,56.8,75.7,62.4,8.003,7.99,32.068,1766,204.2,13.5,240.844,2021-09-15 13:46,27.9,28.2
2021-09-15 14:44,Extruder 1,21-A-501,90310-000065100004,7050 0% 065T 1000W BK N/T,62976,2243,1250,500,2021-09-15 14:44,171.7,188.1,190.2,190.4,185.1,188.1,197.1,194.9,195,195.3,178.6,210,199.9,200.6,200,208,195,195,195,56.6,75.4,62.1,8.82,8.817,34.205,1822,205.6,12.9,246.632,2021-09-15 13:46,27.4,27.6
2021-09-15 14:16,Extruder 1,21-A-501,90310-000065100004,7050 0% 065T 1000W BK N/T,62976,2243,1250,250,2021-09-15 14:16,175.4,188.8,189.5,189.2,184.8,190.9,197.2,194.3,195,195.2,178.4,210.1,200,200.6,200,208,195,195,195,56.3,75.1,62,8.822,8.845,34.228,1812,205.8,13.7,242.149,2021-09-15 13:46,27.5,27.6
2021-09-15 13:03,Extruder 1,21-A-500,90310-000065100004,7050 0% 065T 1000W BK N/T,62976,2243,1250,500,2021-09-15 13:03,176,188.6,190.9,191.1,185.1,189.5,197,194.6,194.9,195.4,178.1,209.9,199.9,200.5,200,207.8,195,194.8,194.9,57.3,75.5,62.2,8.733,8.726,34.376,1813,205.8,13.6,244.141,2021-09-15 12:15,27.4,27.5
2021-09-15 12:35,Extruder 1,21-A-500,90310-000065100004,7050 0% 065T 1000W BK N/T,62976,2243,1250,250,2021-09-15 12:35,173.4,189,189.6,189.3,184.7,191,197.2,194.8,195.1,194.7,178,210,200,200.7,200,208,195,195,195,57.2,75.6,62.2,8.728,8.75,34.082,1807,205.9,13.7,241.698,2021-09-15 12:15,27.2,27.5
2021-09-15 11:22,Extruder 1,21-A-499,90310-000065100004,7050 0% 065T 1000W BK N/T,62976,2243,1250,500,2021-09-15 11:22,172.5,188.4,190.5,190.3,185.1,189.1,197,195.1,195.1,194.7,176.4,210.1,200.1,200.8,200.2,208.1,195.1,194.6,194.9,56.8,75.5,62,8.728,8.712,34.103,1790,205.8,13.5,236.195,2021-09-15 8:46,26.9,27.2
2021-09-15 10:53,Extruder 1,21-A-499,90310-000065100004,7050 0% 065T 1000W BK N/T,62976,2243,1250,250,2021-09-15 10:53,172.3,187.8,189.2,189.9,184.9,191.7,196.8,194.7,195,194.7,174.8,210,199.9,200.8,200.2,208,195,195,195,56.1,75.1,61.9,8.728,8.726,34.123,1793,205.7,12.7,235.816,2021-09-15 8:46,27,27.2
2021-09-15 10:18,Extruder 1,21-A-499,90310-000065100004,7050 0% 065T 1000W BK N/T,62976,2243,1250,250,2021-09-15 10:18,171.9,187.3,189.7,189.6,184.2,183.2,196.6,194.8,195,195.1,171.2,210.3,200.3,201.2,201,208.3,195.1,195,195,56.9,86,62,8.802,8.83,34.057,1794,205,13,240.251,2021-09-15 8:46,26.8,29.3
2021-09-15 8:05,Extruder 1,21-A-498,90310-000065100004,7050 0% 065T 1000W BK N/T,62976,2243,1250,500,2021-09-15 8:05,176.4,188.3,189.8,189.3,184.9,189.5,197.1,195,195,195.2,178.6,210,200,200.6,200,208,195,195,195,56.1,75.9,61.8,8.802,8.792,34.394,1802,205.8,13.3,243.264,2021-09-15 7:18,26.4,27
2021-09-15 7:37,Extruder 1,21-A-498,90310-000065100004,7050 0% 065T 1000W BK N/T,62976,2243,1250,250,2021-09-15 7:37,173.2,188.3,190,190,184.9,192.1,197.1,195,195,195.3,178.7,210,199.9,200.5,199.9,208,195,194.9,195,56.2,76,61.7,8.8,8.822,34.408,1788,205.9,13.3,244.141,2021-09-15 7:18,26.7,27
2021-09-15 6:24,Extruder 1,21-A-497,90310-000065100004,7050 0% 065T 1000W BK N/T,62976,2238,1250,500,2021-09-15 6:24,172,189.1,189.7,189.8,185.1,191.5,197.3,194.9,195,194.8,178.7,210,200,200.6,200.1,208,195,195.2,195,56.9,76.1,62,8.802,8.804,34.622,1786,206.1,13.2,242.22,2021-09-15 5:18,26.8,27.1
2021-09-15 5:56,Extruder 1,21-A-497,90310-000065100004,7050 0% 065T 1000W BK N/T,62976,2238,1250,250,2021-09-15 5:56,175.6,189.6,189.7,189.1,185,192.9,197.3,195,194.9,195.1,178.9,209.9,199.9,200.6,200,208,195,194.8,195,57.1,76.1,62,8.8,8.794,34.624,1776,206.2,12.2,240.56,2021-09-15 5:18,26.7,27.2
2021-09-15 4:43,Extruder 1,21-A-496,90310-000065100004,7050 0% 065T 1000W BK N/T,62976,2238,1250,500,2021-09-15 4:43,175.3,187.9,190.4,189.4,184.9,191.9,197.6,195.1,194.9,195.1,179.1,210,199.9,200.6,200,208,195,195.1,195.1,56,75.8,61.8,8.797,8.8,35.146,1786,206.4,12.6,243.24,2021-09-15 3:34,26.7,27.1
2021-09-15 4:15,Extruder 1,21-A-496,90310-000065100004,7050 0% 065T 1000W BK N/T,62976,2238,1250,250,2021-09-15 4:15,171.8,185.8,190.5,190.4,185.2,193.2,197.6,195,194.9,194.9,179,210,199.9,200.7,199.9,208,194.9,194.9,194.9,56.4,76,61.8,8.8,8.792,35.087,1780,206.6,13.6,237.547,2021-09-15 3:34,26.8,27.1
2021-09-15 2:57,Extruder 1,21-A-495,90310-000065100004,7050 0% 065T 1000W BK N/T,62976,2238,1250,500,2021-09-15 2:57,175.7,186.4,189.9,191,184.9,184.8,197.8,195,194.9,195,179.2,210,200,200.7,199.9,208,194.9,195,195,56.7,76.5,62.1,8.804,8.82,35.141,1773,206.6,13.4,239.801,2021-09-15 1:56,26.7,27.2
2021-09-15 2:29,Extruder 1,21-A-495,90310-000065100004,7050 0% 065T 1000W BK N/T,62976,2238,1250,250,2021-09-15 2:29,171.9,186.9,189.9,191.2,185.1,184.9,198.1,194.9,195,195.1,179.5,210,200,200.8,200,207.9,195,195,195,57.2,76.4,62.2,8.8,8.764,35.251,1809,207,14.1,247.628,2021-09-15 1:56,26.9,27.3
2021-09-15 1:16,Extruder 1,21-A-494,90310-000065100004,7050 0% 065T 1000W BK N/T,62976,2238,1250,500,2021-09-15 1:16,176.2,189.5,190.4,189.4,185.3,186.5,197.5,195.1,195.2,195.5,178.8,210.2,200.1,201,200.2,208.2,195,195,195,56.7,76.5,62.3,8.797,8.787,35.902,1799,207,13.3,243.359,2021-09-15 0:11,27.5,27.5
2021-09-15 0:47,Extruder 1,21-A-494,90310-000065100004,7050 0% 065T 1000W BK N/T,62976,2238,1250,250,2021-09-15 0:47,172.2,186.5,189.9,191.6,185.2,186.8,196.9,195,195,195.1,178.5,209.9,199.9,200.8,200,208,195.1,195,195,57.4,76.4,62.3,8.01,7.99,32.72,1742,205.9,13.2,235.057,2021-09-15 0:11,27.5,27.6
2021-09-14 23:27,Extruder 1,21-A-493,90310-000065100004,7050 0% 065T 1000W BK N/T,62976,2238,1250,500,2021-09-14 23:27,173.5,186.7,190.3,189.2,184.5,192.3,197,195.2,194.8,194.7,178.7,209.8,199.9,200.8,199.9,207.9,195,195,195,57.4,76.5,62.5,8.007,7.994,32.697,1733,205.9,12.9,236.599,2021-09-14 22:31,28,27.8
2021-09-14 22:56,Extruder 1,21-A-493,90310-000065100004,7050 0% 065T 1000W BK N/T,62976,1476,1250,250,2021-09-14 22:56,175.8,189.7,190.2,191,184.9,189.7,197.1,194.8,194.9,194.8,178.6,210,200,200.7,200,208,195.1,195,195,57.3,76.6,62.4,7.998,8,32.631,1726,205.9,13.6,231.025,2021-09-14 22:31,27.9,27.8
2021-09-14 21:35,Extruder 1,21-A-492,90310-000065100004,7050 0% 065T 1000W BK N/T,62976,1476,1250,500,2021-09-14 21:35,175.1,189.3,190.7,190.8,185,190.6,197.1,195,195,195.1,177.5,210,200,200.9,200.1,208,195,195,195,57.7,76.8,62.9,8.003,7.992,32.765,1733,206.3,13.3,225.308,2021-09-14 7:20,28.8,28.4
2021-09-14 21:04,Extruder 1,21-A-492,90310-000065100004,7050 0% 065T 1000W BK N/T,62976,1476,1250,250,2021-09-14 21:04,174.5,187,190.1,190.8,185.1,194.2,196.8,194.9,195.1,195,176,210.2,200.1,201.2,200.2,207.9,195,195.4,195,58,76.8,62.9,7.996,7.99,32.836,1742,206,14.3,222.367,2021-09-14 7:20,28.7,28.4
2021-09-14 19:53,Extruder 1,21-A-492,90310-000065100004,7050 0% 065T 1000W BK N/T,62976,1476,1250,250,2021-09-14 19:53,172.3,188.9,190.2,189.5,184.4,186.8,196.4,195.6,195.3,194.5,172.3,208,200.1,201.3,200.8,208.2,195.2,195,195,57.9,77.3,63,8.001,7.958,32.62,1757,205.7,14.8,217.695,2021-09-14 7:20,29,30.2
2021-09-14 9:12,Extruder 1,21-A-492,90310-000065100004,7050 0% 065T 1000W BK N/T,62976,2243,21600,1000,2021-09-14 9:12,173.3,185.8,188.8,188.2,182.5,180.7,196.3,195,194.7,195.1,161.4,204.1,199.2,200.3,200.6,205.2,195,195,195,55.1,78.3,62,7.502,7.498,24.982,1681,201.2,12.8,217.362,2021-09-14 7:20,25.6,25.9
2021-09-14 6:25,Extruder 1,21-A-491,90310-000065073004,7050 0% 065T 730W BK N/T,62975,2238,1250,500,2021-09-14 6:25,174.1,187.4,189.6,190.8,185,185,195.9,195,195.2,195.4,177,204.1,200.1,201.7,200,205.1,195,195,195,56.8,77,62.1,9.681,9.667,30.367,1702,204.3,12.9,212.974,2021-09-14 5:58,25.4,27
2021-09-14 5:59,Extruder 1,21-A-491,90310-000065073004,7050 0% 065T 730W BK N/T,62975,2238,1250,250,2021-09-14 5:59,174.5,188,190.7,189.3,184.9,186.9,195.9,194.9,195,195.1,177,204.1,200,201.7,200.1,205.1,195,195,195,57.3,76.7,62.2,9.683,9.689,30.408,1712,204.4,13.2,219.829,2021-09-14 5:58,25.4,27
2021-09-14 5:03,Extruder 1,21-A-490,90310-000065073004,7050 0% 065T 730W BK N/T,62975,2238,1250,500,2021-09-14 5:03,174.4,185.7,190,190.1,185,193.3,196,195,195,194.8,177.3,204,199.9,201.3,199.6,204.5,195,195,194.9,57.3,76.4,62,9.681,9.695,30.355,1714,204.7,13.3,220.043,2021-09-14 4:07,25.2,26.6
2021-09-14 4:38,Extruder 1,21-A-490,90310-000065073004,7050 0% 065T 730W BK N/T,62975,2238,1250,250,2021-09-14 4:38,175.1,187.9,189.7,189.5,185,194.3,196,195,195,194.8,177.4,203.9,199.9,201.7,200,205.1,195,194.9,195.1,57.1,76.9,62.1,9.679,9.669,30.369,1707,204.8,12.5,210.009,2021-09-14 4:07,25.4,27
2021-09-14 3:31,Extruder 1,21-A-489,90310-000065073004,7050 0% 065T 730W BK N/T,62975,2238,1250,500,2021-09-14 3:31,173.3,187.9,190.3,190.1,184.7,185.4,196.6,195,195,194.9,177.7,204,199.9,201.6,200,204.8,195,195,195,56.4,76.5,62.2,9.679,9.677,30.376,1758,205.4,13.5,219.616,2021-09-14 2:48,25.6,27
2021-09-14 3:06,Extruder 1,21-A-489,90310-000065073004,7050 0% 065T 730W BK N/T,62975,2238,1250,250,2021-09-14 3:06,174,188.5,188.8,189.6,185,191.7,196.5,195,195,195,177.7,204,200,201.6,200,205,195,195.1,195,57.2,76.6,62.2,9.679,9.655,30.369,1755,205.4,12.8,221.679,2021-09-14 2:48,25.6,27
2021-09-14 1:59,Extruder 1,21-A-488,90310-000065073004,7050 0% 065T 730W BK N/T,62975,2238,1250,500,2021-09-14 1:59,174.8,187.7,190.2,189.5,185.2,192.6,196.5,195,195,194.9,177.6,204,200,202,200.1,205,195,195.3,195,57.5,79.1,62.3,9.683,9.677,30.364,1742,205.5,12.8,220.517,2021-09-14 1:13,26.1,27.2
2021-09-14 1:33,Extruder 1,21-A-488,90310-000065073004,7050 0% 065T 730W BK N/T,62975,2238,1250,250,2021-09-14 1:33,173.4,187.8,189.4,190.7,185.1,184.2,196.5,194.9,195,195,177.7,203.9,199.9,201.9,199.9,205,195,194.4,195,57.1,78.9,62.3,9.676,9.705,30.567,1757,205,13.6,224.502,2021-09-14 1:13,25.9,27.2
2021-09-14 0:25,Extruder 1,21-A-487,90310-000065073004,7050 0% 065T 730W BK N/T,62975,2238,1250,500,2021-09-14 0:25,175.6,188.5,190.5,190.3,185,188.5,196.1,195,195.2,194.9,177,204.1,200.3,202.1,200.4,205.1,195.1,195.1,195,57.5,79,62.4,9.681,9.697,31.636,1769,205.2,13.5,229.103,2021-09-13 23:26,26.1,27.2
2021-09-13 23:59,Extruder 1,21-A-487,90310-000065073004,7050 0% 065T 730W BK N/T,62975,2238,1250,250,2021-09-13 23:59,174.8,188.3,191,189.2,185.2,194,195.3,195,195,195.3,176,204,200,201.5,200.2,205.1,195,195.1,194.9,57.1,78.7,62.3,8.797,8.78,28.941,1672,204,12.5,223.269,2021-09-13 23:26,26.1,27.2
2021-09-13 22:40,Extruder 1,21-A-486,90310-000065073004,7050 0% 065T 730W BK N/T,62975,2167,1250,500,2021-09-13 22:40,174.6,188.1,189.8,189.6,184.9,186.2,195.3,195,195.1,194.6,174.6,204.1,200,201.2,200.2,205,195,195,195,57.4,79,62.4,8.003,8.002,26.551,1610,203.1,12.9,215.963,2021-09-13 20:56,26.8,27.4
2021-09-13 22:09,Extruder 1,21-A-486,90310-000065073004,7050 0% 065T 730W BK N/T,62975,2167,1250,250,2021-09-13 22:09,174,187.7,189.1,189.5,184.7,184.1,195.5,195.1,195.4,195.3,172.7,204.1,200.2,200.8,200.4,205.2,195,195,195,53.5,78.3,62.4,8.003,8.02,26.194,1609,203,12.6,211.077,2021-09-13 20:56,26.7,27.4
2021-09-13 21:11,Extruder 1,21-A-486,90310-000065073004,7050 0% 065T 730W BK N/T,62975,2167,1250,1000,2021-09-13 21:11,172.3,187.6,190.1,191.1,184.9,188.1,195.1,194.8,195,194.9,169.1,203.8,199.2,200.3,199.9,204.8,194.9,194.9,195,45.2,78.6,62.6,7.996,8.005,26.597,1755,201.3,12.9,220.588,2021-09-13 20:56,26.9,27
2021-09-13 19:41,Extruder 1,21-A-485,90310-000065073004,7050 0% 065T 730W BK N/T,62975,2167,1250,500,2021-09-13 19:41,175.5,188.1,190.1,189.8,185.2,196.2,195.1,195.2,194.9,194.7,175.7,203.9,199.9,201.2,200,204.8,195,195,194.9,55.8,78,66.2,7.998,8,26.59,1637,203.4,13.8,213.71,2021-09-13 18:37,27.7,27.8
2021-09-13 19:10,Extruder 1,21-A-485,90310-000065073004,7050 0% 065T 730W BK N/T,62975,2167,1250,250,2021-09-13 19:10,174.5,188.1,190.5,190,185,196.2,195.2,195.1,195,195,175.7,203.8,199.8,201.4,199.9,205.1,194.9,195.1,195,56.4,82.2,66.4,7.996,8.01,26.497,1644,203.4,13.2,222.747,2021-09-13 18:37,28.2,27.9
2021-09-13 17:50,Extruder 1,21-A-484,90310-000065073004,7050 0% 065T 730W BK N/T,62975,2167,1250,500,2021-09-13 17:50,174,188,190.3,189.9,184.8,185,195.3,195.2,195,195,175.3,204.1,199.9,201.4,200,205.1,195,195,194.9,56.3,83.3,66.5,8.003,8.012,26.551,1639,203.2,13.1,211.195,2021-09-13 16:47,28.3,28
2021-09-13 17:19,Extruder 1,21-A-484,90310-000065073004,7050 0% 065T 730W BK N/T,62975,2167,1250,250,2021-09-13 17:19,173.8,187.4,189.8,189.7,184.5,183.6,195.3,195.5,194.9,195,174.8,204,199.9,201.1,200.1,204.8,195,194.9,195,56.8,83.2,66.5,8.001,8.018,26.538,1654,203,13.5,211.528,2021-09-13 16:47,28.3,28
2021-09-13 15:43,Extruder 1,21-A-483,90310-000065073004,7050 0% 065T 730W BK N/T,62975,2167,1250,500,2021-09-13 15:43,174.7,188,189.7,190.1,185.1,192.7,195.4,195.5,195,194.7,175.7,203.9,200,201.3,200,204.9,194.9,195,194.9,56.1,77.5,66.3,7.992,8.022,26.54,1609,203.8,14,210.128,2021-09-13 14:49,28.4,27.9
2021-09-13 15:12,Extruder 1,21-A-483,90310-000065073004,7050 0% 065T 730W BK N/T,62975,1731,1250,250,2021-09-13 15:12,175.4,187.6,190.5,189.5,185,195.6,195.3,194.6,195,194.8,175.4,204,200.1,201.2,200,205.1,195,195,194.9,56,77.7,66.2,7.998,8,26.563,1614,203.8,13.6,207.566,2021-09-13 14:49,27.9,27.9
2021-09-13 13:53,Extruder 1,21-A-482,90310-000065073004,7050 0% 065T 730W BK N/T,62975,1731,1250,500,2021-09-13 13:53,175.1,189.9,190.5,190.3,185.5,190,195.7,195.3,194.8,195.2,173.9,204,199.7,201.2,200.3,204.8,195,195,194.3,55.9,76.2,66.2,9.681,9.663,31.854,1737,204.7,13.6,216.627,2021-09-13 12:59,27.6,27.6
2021-09-13 13:24,Extruder 1,21-A-482,90310-000065073004,7050 0% 065T 730W BK N/T,62975,1731,1250,250,2021-09-13 13:24,174.1,189.6,190.6,189.4,185,190.2,195.3,195.1,194.4,195,172.1,203.9,199.3,200.7,200,204.4,195.1,195,193.5,55.8,77.5,66,8.001,8.002,26.374,1638,203.2,12.7,201.044,2021-09-13 12:59,27.3,27.5
2021-09-13 12:44,Extruder 1,21-A-481,90310-000065073004,7050 0% 065T 730W BK N/T,62975,1731,1250,1000,2021-09-13 12:44,173.7,187.4,190.4,190.2,185.3,195.6,195.6,194.9,193.1,195.4,167.9,203.5,198.1,200.6,200,203.8,194.9,195,191.4,56.1,86.4,66,8.1,8.116,26.278,1641,203.4,12.7,200.949,2021-09-13 6:28,26.8,27.3
2021-09-13 11:10,Extruder 1,21-A-481,90310-000065073004,7050 0% 065T 730W BK N/T,62975,1731,1250,500,2021-09-13 11:10,178.3,188.4,190.7,190,185,187.1,195.2,194.3,195.1,194.9,173.5,204,200,201.3,200.1,204.9,195,195,194.9,55.4,86.2,65.7,8.001,8.026,26.191,1624,203,12.8,203.392,2021-09-13 6:28,26.2,27.2
2021-09-13 10:39,Extruder 1,21-A-481,90310-000065073004,7050 0% 065T 730W BK N/T,62975,1731,1250,250,2021-09-13 10:39,179.8,188.1,189.8,190,185,185.7,195.3,195.2,195.1,195.3,172.1,204,200.1,201.2,200.1,205.2,195.3,195,195,55.1,86.1,65.6,7.996,7.962,26.285,1618,203,12.5,202.917,2021-09-13 6:28,26,27.2
2021-09-13 9:28,Extruder 1,21-A-481,90310-000065073004,7050 0% 065T 730W BK N/T,62975,2238,1250,500,2021-09-13 9:28,177.5,188.4,189.3,189.1,184.7,189.8,195.4,195,194.6,195.3,164.4,204,199.6,201.1,200.2,204.9,194.9,194.7,194.5,55.3,76.5,65.6,8.301,8.278,25.583,1699,203,12.3,198.15,2021-09-13 6:28,25.8,28.2
2021-09-13 8:59,Extruder 1,21-A-481,90310-000065073004,7050 0% 065T 730W BK N/T,62975,2238,1250,250,2021-09-13 8:59,175.6,189.8,190,188.9,184.5,191.7,195.5,194.6,194.2,194.8,156,204,199.2,200.7,200.5,204.4,194.9,194.8,194.2,54.6,76.4,65.4,8.603,8.641,25.535,1774,202.4,12.5,199.763,2021-09-13 6:28,25.5,27.4
2021-09-13 4:30,Extruder 1,21-A-480,90310-000065073004,7050 0% 065T 730W BK N/T,62975,2238,1250,250,2021-09-13 4:30,177.3,188.4,189.4,189.6,184.5,189.1,195.8,195,194.5,194.7,172.9,203.9,199.3,200.6,199.9,204.6,194.8,194.8,195,55.2,79.4,65.5,8.503,8.477,25.515,1635,203.1,14,207.4,2021-09-10 21:21,25.6,28.9
2021-09-13 2:14,Extruder 1,21-A-480,90310-000065073004,7050 0% 065T 730W BK N/T,62975,2238,1250,500,2021-09-13 2:14,178.3,188.5,190.1,190,185.2,193.7,195.3,195.1,195,195,160.2,204.1,200.1,201.2,200.4,205.1,194.9,195,195,51.9,78.6,65.5,8.499,8.502,25.544,1620,203.1,12,207.993,2021-09-10 21:21,25.9,27.2
2021-09-13 1:45,Extruder 1,21-A-480,90310-000065073004,7050 0% 065T 730W BK N/T,62975,2238,1250,250,2021-09-13 1:45,177.2,188.1,189.9,190,185.1,194.3,195.7,195.2,195.1,194.9,162.7,204.1,200.1,201,200.6,205.2,194.9,195,194.8,51.6,79,65.4,8.501,8.502,25.032,1636,203.1,12.5,202.016,2021-09-10 21:21,25.7,27.2
2021-09-13 1:08,Extruder 1,21-A-480,90310-000065073004,7050 0% 065T 730W BK N/T,62975,2238,1250,1000,2021-09-13 1:08,174.6,187.7,189.5,189.8,183,179.5,195.8,195.1,195,194.9,171,202,199.4,200.3,199.8,201.6,194.8,195,194.9,50.2,87.7,65.6,8.501,8.515,23.938,1736,200.5,13.2,208.776,2021-09-10 21:21,26.1,28.3
2021-09-10 18:36,Extruder 1,21-A-479,90310-000065073004,7050 0% 065T 730W BK N/T,62975,2243,1250,500,2021-09-10 18:36,178.5,188.5,190.6,189.9,185,192.3,195,194.8,195,195,195,202.1,200,201.5,200.1,202,195,195,195,51.4,82.2,48.4,8.1,8.096,25.148,1637,203.2,13.1,215.37,2021-09-10 17:26,27.6,27.7
2021-09-10 18:06,Extruder 1,21-A-479,90310-000065073004,7050 0% 065T 730W BK N/T,62975,2243,1250,250,2021-09-10 18:06,178.4,188.3,190.2,190.1,185.1,190.9,195.2,195,195,195,195,201.9,199.9,201.5,200,202,195.4,195,195,50.9,85.3,75.6,8.1,8.091,25.235,1632,203.3,13.8,217.078,2021-09-10 17:26,27.7,27.7
2021-09-10 16:46,Extruder 1,21-A-478,90310-000065073004,7050 0% 065T 730W BK N/T,62975,2243,1250,500,2021-09-10 16:46,178.3,186.4,189.5,190,185.2,185,195.2,195.6,195.1,195,195,202,200,201.6,200,201.9,194.9,195,194.9,50.5,85.1,70.1,8.098,8.101,25.223,1627,203.3,13.8,208.254,2021-09-09 15:05,27.6,27.7
2021-09-10 16:15,Extruder 1,21-A-478,90310-000065073004,7050 0% 065T 730W BK N/T,62975,2243,1250,250,2021-09-10 16:15,178.7,186.3,190.4,190.1,185.1,186.5,195.3,195,195.1,195,195,202,199.9,201.7,199.9,201.9,194.9,195,195,48.1,84.9,76.2,8.005,8.012,25.255,1634,203.2,13.1,208.752,2021-09-09 15:05,27.2,27.6
2021-09-10 16:02,Extruder 1,21-A-478,90310-000065073004,7050 0% 065T 730W BK N/T,62975,2238,1250,2000,2021-09-10 16:02,177.8,186.6,190.1,190,184.9,184.1,195.3,194.4,195,194.9,195,201.9,200,201.8,200.2,202,195.2,195,195,45.6,86,76.2,7.996,7.99,25.269,1632,203.2,13.6,201.803,2021-09-09 15:05,27.2,27.7
2021-09-10 13:59,Extruder 1,21-A-478,90310-000065073004,7050 0% 065T 730W BK N/T,62975,2238,1250,1000,2021-09-10 13:59,177.8,188.6,190,190.4,183.4,191.9,195.3,195.3,195,195.1,194.5,202.2,199.8,200.7,200.4,202.2,194.7,195,195,40.4,62.4,47.4,8.506,8.515,23.941,1740,201.5,13.5,204.151,2021-09-09 15:05,26.4,27.1
2021-09-10 11:00,Extruder 1,21-A-478,90310-000065073004,7050 0% 065T 730W BK N/T,62975,2238,1250,500,2021-09-10 11:00,177.4,186.9,189.2,190.1,184.9,187.5,195.5,195.1,194.9,195,195.1,202.1,200,201.7,200.3,201.9,195.6,195,195,40.4,61.9,47.1,9.001,9.001,25.009,1629,203.8,12.2,196.276,2021-09-09 15:05,25.7,26.6
2021-09-10 10:31,Extruder 1,21-A-478,90310-000065073004,7050 0% 065T 730W BK N/T,62975,2238,1250,250,2021-09-10 10:31,177.8,187.6,189.5,189.7,184.9,187.9,195.6,195,194.9,195,195.1,202.2,199.9,201,200.4,202.1,195.1,195,195,39.5,61.7,47,8.003,8.01,26.03,1736,203.4,13.5,203.439,2021-09-09 15:05,25.5,28.3
2021-08-11 19:20,Extruder 1,21-A-434,90310-000065100004,7050 0% 065T 1000W BK N/T,62479,2238,1250,1000,2021-08-11 19:20,159.3,169,175,174.9,174.4,176.4,192.1,178.7,180,180,179.5,189.9,184.9,191.5,185.3,189.9,180,180,180,42.6,82.4,54.8,10.997,10.998,45.157,2053,204.8,13,211.599,2021-08-11 18:04,29.1,26.4
2021-08-11 18:34,Extruder 1,21-A-434,90310-000065100004,7050 0% 065T 1000W BK N/T,62479,2238,1250,500,2021-08-11 18:34,163,170.4,175.1,175,175.7,177.5,192.2,178.5,180.1,180,180,189.9,185.1,191.7,185.4,190.1,180.1,180,180,41.8,82,54.7,10.694,10.696,44.9,2084,205.5,12.7,222.699,2021-08-11 18:04,29.2,26.6
2021-08-11 18:12,Extruder 1,21-A-434,90310-000065100004,7050 0% 065T 1000W BK N/T,62479,2238,1250,250,2021-08-11 18:12,155.1,169.2,174.8,175.1,176,177.6,192,179.9,180.2,180,180,190.2,185.1,191.6,185.3,189.9,180.2,180,180,42.1,82.5,54.9,10.595,10.598,44.97,2098,205.1,13.5,217.481,2021-08-11 18:04,29.3,26.6
2021-08-11 17:48,Extruder 1,21-A-433,90310-000065100004,7050 0% 065T 1000W BK N/T,62479,2238,1250,1000,2021-08-11 17:48,166,170.9,175.1,175.1,174.1,177.9,191.8,180,180,180,180,190.1,184.9,191.4,185.3,189.9,180.7,180,180,42.3,82.6,54.8,10.605,10.608,44.92,2051,204.7,12.6,231.38,2021-08-11 5:11,29.2,26.6
2021-08-11 17:01,Extruder 1,21-A-433,90310-000065100004,7050 0% 065T 1000W BK N/T,62479,2238,1250,500,2021-08-11 17:01,162.6,169.2,175.1,175.2,175.4,176.4,191.7,180.7,180.1,180,180.3,190.1,185,191.8,185.6,189.9,180.2,180,180.1,42.3,82.3,54.5,10.701,10.709,44.868,2042,204.7,12.8,236.101,2021-08-11 5:11,28.9,26.4
2021-08-11 16:38,Extruder 1,21-A-433,90310-000065100004,7050 0% 065T 1000W BK N/T,62479,2238,1250,250,2021-08-11 16:38,158.6,170.4,175.2,175.2,176.4,177.3,191.2,179.9,180.4,180,179.9,190.1,185.1,192.3,186,189.8,180.3,180,180,42,82.4,54.6,10.701,10.711,44.92,2056,204.2,13.1,227.467,2021-08-11 5:11,28.8,26.4
2021-08-11 15:27,Extruder 1,21-A-433,90310-000065100004,7050 0% 065T 1000W BK N/T,62479,2167,1250,3000,2021-08-11 15:27,175.6,175.6,180.3,181.5,174.9,178,189.5,186,185.4,185.2,184.2,190.9,185.7,193.2,189.1,190.3,187.7,185.1,185.2,41.9,77,49.8,7.696,7.7,30.075,1838,198.6,12.8,205.266,2021-08-11 5:11,28.1,26.1
2021-04-18 21:59,Extruder 1,21-A-158,90310-000065100004,7050 0% 065T 1000W BK N/T,61221,2167,1250,1000,2021-04-18 21:59,175.8,189.3,190.1,190.4,184.2,187.1,194.5,194.8,194.9,195,195.8,215.1,210.5,210,210,215,195.4,195.1,194.8,41.2,75.3,48.2,7.994,7.982,33.103,1830,202.2,12.8,211.029,2021-04-18 15:30,22.1,19.7
2021-04-18 19:17,Extruder 1,21-A-158,90310-000065100004,7050 0% 065T 1000W BK N/T,61221,2167,1250,500,2021-04-18 19:17,176.8,185.7,190.5,188.4,185,185,195.6,195,195,195,195.2,215.2,209.9,210,210.1,212.5,195.2,195,195,42,76.8,47.7,7.806,7.791,32.547,1816,204.7,14,207.329,2021-04-18 15:30,22.5,20
2021-04-18 18:46,Extruder 1,21-A-158,90310-000065100004,7050 0% 065T 1000W BK N/T,61221,2167,1250,250,2021-04-18 18:46,179.2,184.5,189.1,189.5,185.7,187,195.7,195,195,195,195.2,215.1,209.9,209.9,210.2,210,195.4,195.1,195,41.6,76.8,47.7,8.001,8.038,32.276,1803,204.7,13.5,204.696,2021-04-18 15:30,22.3,19.9
2021-04-18 17:09,Extruder 1,21-A-158,90310-000065100004,7050 0% 065T 1000W BK N/T,61221,2167,1250,500,2021-04-18 17:09,175.6,183.6,189.7,190.4,184.7,184,195.7,195,195.3,195,195,215.1,210,210.1,210.1,210,195,195,195.1,41.3,76.7,47.4,8.005,7.97,32.005,1781,204.7,14.1,204.673,2021-04-18 15:30,22.1,19.8
2021-04-18 16:39,Extruder 1,21-A-158,90310-000065100004,7050 0% 065T 1000W BK N/T,61221,2167,1250,250,2021-04-18 16:39,178.7,183.6,190.4,190.7,184.3,186.5,195.6,195.2,195.3,195,195.2,215.2,210,210.2,210.2,210.1,194.9,195,195,41.4,76.8,47.5,7.994,8.022,31.834,1804,204.4,13.1,207.875,2021-04-18 15:30,22,19.7
2021-04-18 14:44,Extruder 1,21-A-157,90310-000065070004,7050 0% 065T 700W BK N/T,61220,2167,1250,500,2021-04-18 14:44,177.9,187.8,190.1,189.8,185.4,195.1,195,195.2,195.1,195.1,195,215,210,210,210,210,194.9,194.9,195,41.4,76.6,47,8.246,8.235,24.244,1697,202.6,12.2,193.05,2021-04-18 13:04,26.9,27.5
2021-04-18 14:14,Extruder 1,21-A-157,90310-000065070004,7050 0% 065T 700W BK N/T,61220,2167,1250,250,2021-04-18 14:14,178,186.6,190.9,190.7,185.2,196.4,194.8,195.1,194.9,195,195,215.1,210.1,210,210.1,210,194.9,194.9,195,42.2,77,48.2,8.238,8.245,24.232,1706,202.7,12.3,192.007,2021-04-18 13:04,26.8,27.5
2021-04-18 12:57,Extruder 1,21-A-156,90310-000065070004,7050 0% 065T 700W BK N/T,61220,2167,1250,500,2021-04-18 12:57,177.8,187.1,190,189.7,185.2,196,194.9,195.1,194.9,195,194.8,215,209.9,210,210.2,210.1,194.8,195,195,41.6,76.3,47.2,8.241,8.257,24.189,1733,202.6,12.8,195.209,2021-04-18 11:34,26.8,27.5
2021-04-18 12:27,Extruder 1,21-A-156,90310-000065070004,7050 0% 065T 700W BK N/T,61220,2167,1250,250,2021-04-18 12:27,178.2,186.9,188.7,190,185.1,196.4,195.1,194.6,195,195,194.7,215,209.7,209.9,210.1,210,195.1,195.1,195,41.6,76.5,47.1,8.241,8.235,24.262,1729,202.8,12.2,192.742,2021-04-18 11:34,26.7,27.2
2021-04-18 12:09,Extruder 1,21-A-155,90310-000065070004,7050 0% 065T 700W BK N/T,61220,2167,1250,1000,2021-04-18 12:09,178,191.3,190.4,189.9,185.1,191.4,194.8,194.8,195,195,195.2,214.9,209.8,210,210.1,210,195.1,195,195.1,41.2,76.1,47.2,8.248,8.27,24.403,1726,202.3,13,193.714,2021-04-18 9:16,26.6,27.2
2021-04-18 11:09,Extruder 1,21-A-155,90310-000065070004,7050 0% 065T 700W BK N/T,61220,2167,1250,500,2021-04-18 11:09,178.5,189.1,190.4,190.5,185,194.3,194.9,195,195,194.9,195,214.9,210,210,209.9,209.9,194.7,195,195,41.9,76.2,47,8.262,8.262,24.255,1717,202.5,12.8,194.592,2021-04-18 9:16,26.2,27.3
2021-04-18 10:39,Extruder 1,21-A-155,90310-000065070004,7050 0% 065T 700W BK N/T,61220,2167,1250,250,2021-04-18 10:39,177.9,184.3,190.3,190.4,185,195.7,195.3,195.2,194.9,194.9,195.1,214.9,209.8,209.9,209.8,209.9,194.5,195,195,41.4,76.3,47,8.236,8.252,24.262,1707,202.8,12.2,195.019,2021-04-18 9:16,25.9,27.2
2021-04-18 9:20,Extruder 1,21-A-154,90310-000065070004,7050 0% 065T 700W BK N/T,61220,2167,1250,500,2021-04-18 9:20,178.1,189.4,190.3,190,185,189.6,194.9,195,195.1,195.1,195.1,215.2,210.3,210,209.8,210,194.9,195,195,41.8,76.2,47.2,8.248,8.26,24.246,1717,202.3,15.2,190.489,2021-04-18 7:48,25.9,27.3
2021-04-18 8:50,Extruder 1,21-A-154,90310-000065070004,7050 0% 065T 700W BK N/T,61220,2167,1250,250,2021-04-18 8:50,178.1,189,189.7,190.1,184.9,191.7,195,195.2,195,194.9,194.9,214.9,210,209.9,209.9,210,195,195,195,41.7,75.9,47.5,8.257,8.25,24.244,1696,202.3,12.7,190.204,2021-04-18 7:48,25.8,27.2
2021-04-18 7:32,Extruder 1,21-A-153,90310-000065070004,7050 0% 065T 700W BK N/T,61220,2167,1250,500,2021-04-18 7:32,178,191.6,189.7,190.1,185.1,189.7,195,195,195.1,195,195,215.1,210.1,210.1,210.2,210.1,195,195,195,41.3,75.9,47,8.238,8.237,24.503,1710,202.4,14.4,193.359,2021-04-18 5:47,25.9,27.1
2021-04-18 7:02,Extruder 1,21-A-153,90310-000065070004,7050 0% 065T 700W BK N/T,61220,2238,1250,250,2021-04-18 7:02,178.1,191.1,191.1,189.9,185,190.7,194.5,194.8,195,195,195,214.8,209.9,210,210,209.8,195,194.9,195,41.5,76.2,47,8.259,8.267,24.469,1704,202.1,14.3,191.556,2021-04-18 5:47,25.9,27.2
2021-04-18 5:44,Extruder 1,21-A-152,90310-000065070004,7050 0% 065T 700W BK N/T,61220,2238,1250,500,2021-04-18 5:44,178.1,188.4,190.8,190.3,185,187.6,194.9,195,194.9,194.9,195,214.8,209.9,210,209.9,210,194.9,195,195,41.2,76.2,47,8.248,8.227,24.449,1720,202.2,14.6,196.561,2021-04-18 4:15,26.1,27.1
2021-04-18 5:14,Extruder 1,21-A-152,90310-000065070004,7050 0% 065T 700W BK N/T,61220,2238,1250,250,2021-04-18 5:14,177.8,188.6,190.5,189.8,185,189.6,195.1,194.9,195,195,195,215.1,210,210.1,209.8,210,194.9,195,195,40.9,75.8,47,8.246,8.239,24.449,1721,202.5,13.3,195.968,2021-04-18 4:15,26.1,27.2
2021-04-18 3:56,Extruder 1,21-A-151,90310-000065070004,7050 0% 065T 700W BK N/T,61220,2238,1250,500,2021-04-18 3:56,177.6,192,190.2,189.7,185,186.2,194.9,195.1,195.1,195,195,214.8,209.9,210.1,210.1,210,195,194.9,195,41.2,76,47.2,8.262,8.265,24.469,1723,202.2,13,197.747,2021-04-18 2:25,26.3,27
2021-04-18 3:26,Extruder 1,21-A-151,90310-000065070004,7050 0% 065T 700W BK N/T,61220,2238,1250,250,2021-04-18 3:26,178.3,192.1,190,189.1,184.9,187.8,195,195,195,195.1,194.9,215,209.9,210,210.1,210.1,195.1,195,195,41,76.3,47,8.244,8.237,24.467,1725,202.4,14.8,194.687,2021-04-18 2:25,26.2,27.3
2021-04-18 2:06,Extruder 1,21-A-149,90310-000065070004,7050 0% 065T 700W BK N/T,61220,2238,1250,500,2021-04-18 2:06,178.1,188.9,190.5,189.8,185.1,183.1,195.1,195,194.9,194.9,195,215,209.9,210,209.9,209.9,195.1,195.1,194.9,41.5,76.2,47.2,8.25,8.222,24.437,1729,202.4,14.5,196.418,2021-04-18 0:39,26.4,27.6
2021-04-18 1:36,Extruder 1,21-A-149,90310-000065070004,7050 0% 065T 700W BK N/T,61220,2238,1250,250,2021-04-18 1:36,177.9,188.7,190.2,190.1,185,183.5,195,195,195.1,195,195.1,215,210,209.9,209.8,209.9,194.9,194.8,195,42,76.5,47,8.264,8.237,24.497,1722,202.3,14.2,191.556,2021-04-18 0:39,26.3,27.3
2021-04-18 1:19,Extruder 1,21-A-148,90310-000065070004,7050 0% 065T 700W BK N/T,61220,2238,1250,1000,2021-04-18 1:19,177.9,187.3,190.4,189.5,184.9,186.1,194.7,195.2,195,195,195,214.9,210,210,210.2,209.9,194.9,195,195.1,41.3,76.3,46.4,8.241,8.242,24.451,1717,202.3,13.3,193.62,2021-04-17 22:50,26.5,27.3
2021-04-18 0:19,Extruder 1,21-A-148,90310-000065070004,7050 0% 065T 700W BK N/T,61220,2238,1250,500,2021-04-18 0:19,178,187.3,190,190.4,185.2,183.4,195,194.7,195,195,195,215,210,210,210,210,195.1,194.9,195.1,41.4,76.6,47.3,8.255,8.252,24.494,1721,202.3,12.5,197.225,2021-04-17 22:50,26.3,27.4
2021-04-17 23:49,Extruder 1,21-A-148,90310-000065070004,7050 0% 065T 700W BK N/T,61220,2238,1250,250,2021-04-17 23:49,178.2,188.9,189.9,189.7,185,184,195,194.8,195.2,195,195,215,210.1,210.1,210,210.1,195,195,195,41.4,76.6,47.3,8.25,8.237,24.446,1726,202.4,12.7,195.849,2021-04-17 22:50,26.3,27
2021-04-17 22:29,Extruder 1,21-A-147,90310-000065070004,7050 0% 065T 700W BK N/T,61220,2238,1250,500,2021-04-17 22:29,177.8,189.9,189.2,189.4,184.9,186.2,195.3,194.8,194.9,195.1,195,214.9,209.9,210,210,209.9,195.5,195.1,195,41.6,76.5,47.4,7.507,7.481,22.428,1661,202.3,13.1,187.476,2021-04-17 20:49,26.4,27.3
2021-04-17 21:56,Extruder 1,21-A-147,90310-000065070004,7050 0% 065T 700W BK N/T,61220,2238,1250,250,2021-04-17 21:56,176.8,185.3,189.9,190,184.7,193,194.8,195,194.9,195.1,194.9,215.1,210.1,210,210,210,194.8,194.9,195,41.5,76.3,47.5,7.489,7.471,22.672,1655,202.2,12.7,192.22,2021-04-17 20:49,26.8,27.6
2021-04-17 19:43,Extruder 1,21-A-146,90310-000065070004,7050 0% 065T 700W BK N/T,61220,2238,1250,500,2021-04-17 19:43,182.7,191.1,190.4,189.9,184.9,188.8,194.8,195,195,195,195,215,210,210.2,210,210,195,194.9,195,41.4,76.8,47.4,7.5,7.506,22.08,1662,202,13.5,186.267,2021-04-17 18:05,26.7,27.6
2021-04-17 19:10,Extruder 1,21-A-146,90310-000065070004,7050 0% 065T 700W BK N/T,61220,2238,1250,250,2021-04-17 19:10,181,192.4,189.7,190,184.8,185,195.4,195.1,195,195,195.2,215,210,210,209.9,209.9,195,194.9,195,42,76.7,47.7,7.498,7.496,22.057,1673,202.3,13.3,183.705,2021-04-17 18:05,26.8,27.5
2021-04-17 17:44,Extruder 1,21-A-145,90310-000065070004,7050 0% 065T 700W BK N/T,61220,2167,1250,500,2021-04-17 17:44,181.8,185.1,189.7,189.9,185,196.5,195,195.2,194.9,195,195,215,209.9,209.9,209.8,210.1,194.9,194.9,195,41.5,76.7,47.5,7.496,7.501,22.116,1643,202.6,13.7,188.188,2021-04-17 15:46,27,27.6
2021-04-17 17:11,Extruder 1,21-A-145,90310-000065070004,7050 0% 065T 700W BK N/T,61220,2167,1250,250,2021-04-17 17:11,173.6,189.1,190.4,190,185.3,196.4,194.9,195.4,195,194.9,194.9,214.9,210,210.3,210,210.1,195,195.1,195,41.8,76.8,47.5,7.496,7.475,22.046,1641,202.5,13.2,184.345,2021-04-17 15:46,26.9,27.6
2021-04-17 15:45,Extruder 1,21-A-144,90310-000065070004,7050 0% 065T 700W BK N/T,61220,2167,1250,500,2021-04-17 15:45,172.6,185.5,189.6,190.1,185.1,186.2,195.1,195,195,195,195.1,214.9,210,210,210.2,210,194.9,195.9,195,41.9,76.3,47,7.498,7.503,22.212,1650,202.3,13.8,186.599,2021-04-17 14:06,26.9,27.2
2021-04-17 15:12,Extruder 1,21-A-144,90310-000065070004,7050 0% 065T 700W BK N/T,61220,2167,1250,250,2021-04-17 15:12,175.1,184.6,189.4,190.1,185,195,195,195.3,195,195.1,195,214.9,209.9,210,209.9,210,195,195.3,195,41.1,76.5,47.2,7.5,7.506,22.273,1640,202.7,15.4,189.137,2021-04-17 14:06,26.5,27.6
2021-04-17 13:46,Extruder 1,21-A-143,90310-000065070004,7050 0% 065T 700W BK N/T,61220,2167,1250,500,2021-04-17 13:46,173.3,190.6,189.4,190.1,184.9,185.8,195.2,195.1,195,195,194.9,215,210,210,209.9,210,195,195,195,41.4,76.6,47.3,7.496,7.508,22.207,1640,202.4,12.4,184.44,2021-04-17 12:06,26.5,27.2
2021-04-17 13:13,Extruder 1,21-A-143,90310-000065070004,7050 0% 065T 700W BK N/T,61220,2167,1250,250,2021-04-17 13:13,185.1,188.4,190.2,190,184.9,183.6,195.1,194.7,195,195,195.2,215,210.1,210.1,210.1,210,195,195,195,41.1,76.2,47.4,7.498,7.503,22.282,1609,202.3,12.2,187.69,2021-04-17 12:06,26.3,27.3
2021-04-17 11:47,Extruder 1,21-A-142,90310-000065070004,7050 0% 065T 700W BK N/T,61220,2167,1250,500,2021-04-17 11:47,184.2,187.7,190.8,190,184.9,192.3,194.9,195,194.9,195,195,215,210,210.1,210,209.9,195,195,194.9,41.7,76.1,46.9,7.505,7.521,21.977,1569,202.1,11.3,183.634,2021-04-17 9:54,26.2,27.3
2021-04-17 11:14,Extruder 1,21-A-142,90310-000065070004,7050 0% 065T 700W BK N/T,61220,2167,1250,250,2021-04-17 11:14,176.1,192.6,189.8,189.9,185.1,188.1,195.3,194.6,195,195,195,215,210,210,210.1,210.1,195.1,195,194.9,41.7,75.9,47.9,7.5,7.511,21.959,1570,202.1,13.8,181.499,2021-04-17 9:54,25.9,27.2
2021-04-17 10:54,Extruder 1,21-A-142,90310-000065070004,7050 0% 065T 700W BK N/T,61220,2167,1250,1000,2021-04-17 10:54,174.6,189.8,189.7,190.1,185,184.5,194.9,195,195,195,195,215,210,210,210,210.1,195.4,195.1,195,40.9,76.1,46.3,7.498,7.498,21.966,1560,201.8,13.1,183.42,2021-04-17 9:54,25.9,27.2
2021-04-17 9:48,Extruder 1,21-A-141,90310-000065070004,7050 0% 065T 700W BK N/T,61220,2167,1250,500,2021-04-17 9:48,177,187.1,190.2,189.8,185.3,194.8,195,195,195.1,195,195,214.9,210.1,210,210,210,195,195.1,195,41.7,76,47.3,7.502,7.496,22.011,1556,202.4,14,187.453,2021-04-17 5:47,26.1,27.1
2021-04-17 9:15,Extruder 1,21-A-141,90310-000065070004,7050 0% 065T 700W BK N/T,61220,2167,1250,250,2021-04-17 9:15,170.1,186.2,189.5,189.8,185.7,196.7,195,195.3,195.2,195,194.9,214.8,210.3,210,210.3,210,194.9,194.9,195,41.7,75.9,47.3,7.502,7.511,21.954,1551,202.3,12.8,182.543,2021-04-17 5:47,25.9,27.1
2021-04-17 3:27,Extruder 1,21-A-140,90310-000065060004,7050 0% 065T 600W BK N/T,61219,2238,1250,500,2021-04-17 3:27,177.8,187.3,190.9,190.1,185,191.4,195.2,195,195,195,194.9,199.9,209.8,210.3,210.2,205.1,194.9,195,194.9,46.7,75.7,46.4,8.01,8.01,20.289,1622,201.7,11.8,181.736,2021-04-17 2:01,25.6,26.9
2021-04-17 2:57,Extruder 1,21-A-140,90310-000065060004,7050 0% 065T 600W BK N/T,61219,2238,1250,250,2021-04-17 2:57,177.9,188.8,190.8,190.1,185,191.4,195,195.1,195,194.9,194.9,200.2,210,209.7,209.9,205,195,195,194.9,46.1,75.8,47.2,7.992,8.01,20.223,1624,201.5,12.1,179.815,2021-04-17 2:01,25.5,27.2
2021-04-17 1:35,Extruder 1,21-A-139,90310-000065060004,7050 0% 065T 600W BK N/T,61219,2238,1250,500,2021-04-17 1:35,177.9,186.7,189.9,189.9,184.7,183,194.9,195.1,194.9,195.1,195,200,210,210.2,210,205.1,195,194.9,195,46.9,76.1,45.9,7.998,8.008,20.205,1619,201.4,12,181.096,2021-04-17 0:03,25.6,26.9
2021-04-17 1:04,Extruder 1,21-A-139,90310-000065060004,7050 0% 065T 600W BK N/T,61219,2238,1250,250,2021-04-17 1:04,178.1,187.3,190.1,190.1,184.9,183.5,195.4,195.2,195,195,195.1,200,210,210,210,205.1,195,195,195,45.8,76,47.3,8.005,8.022,20.241,1624,201.5,12.7,179.649,2021-04-17 0:03,25.7,26.8
2021-04-16 23:44,Extruder 1,21-A-138,90310-000065060004,7050 0% 065T 600W BK N/T,61219,2238,1250,500,2021-04-16 23:44,178.2,188.8,188.9,190.1,185,188.8,195.1,194.9,195,194.9,195,199.9,210,210,209.9,205,194.9,195,195,46.5,75.6,47.1,8.012,7.99,20.153,1596,201.8,12.2,180.337,2021-04-16 22:13,25.7,27.1
2021-04-16 23:13,Extruder 1,21-A-138,90310-000065060004,7050 0% 065T 600W BK N/T,61219,2238,1250,250,2021-04-16 23:13,177.5,186.2,189.7,190,184.6,187.2,195,194.8,195,195,194.9,200,210,209.9,210,205,195,195,195,46,75.8,47.8,7.994,7.998,20.219,1593,201.5,12.2,178.155,2021-04-16 22:13,26.1,27.2
2021-04-16 21:54,Extruder 1,21-A-137,90310-000065060004,7050 0% 065T 600W BK N/T,61219,2238,1250,500,2021-04-16 21:54,177.7,185,189.1,189.9,184.9,194.8,195.3,194.9,195.1,195,194.9,200,210,210.2,210,205.1,195,195,195,47.2,76.3,47.3,8.003,8,20.062,1594,202.1,13.2,179.862,2021-04-16 20:13,26,27.2
2021-04-16 21:23,Extruder 1,21-A-137,90310-000065060004,7050 0% 065T 600W BK N/T,61219,2238,1250,250,2021-04-16 21:23,177,185,189.4,189.7,185.2,193.2,194.5,195.2,195.1,194.9,194.9,200,209.9,210.3,210.1,204.9,194.6,194.9,194.9,46.8,76.3,47.5,8.003,8.018,20.043,1597,201.3,13.7,175.474,2021-04-16 20:13,26,27.5
2021-04-16 19:44,Extruder 1,21-A-136,90310-000065060004,7050 0% 065T 600W BK N/T,61219,2238,1250,500,2021-04-16 19:44,178.2,188.4,190.8,189.9,185,190.3,195.1,195.2,195.1,195,195,200.1,210,210,210.2,205,195,195,195,46.3,76.2,47.2,8.001,8.005,20.041,1605,201.6,12.4,177.253,2021-04-16 18:08,26,27.2
2021-04-16 19:13,Extruder 1,21-A-136,90310-000065060004,7050 0% 065T 600W BK N/T,61219,2238,1250,250,2021-04-16 19:13,177.7,188.4,190.4,189.9,185,190.7,195,195.1,195,195,195,200.1,210,210,210,205.1,195,195,195,43.9,76.5,47.3,7.998,8,20.046,1597,201.5,13.1,180.455,2021-04-16 18:08,26.1,27.2
2021-04-16 17:53,Extruder 1,21-A-135,90310-000065060004,7050 0% 065T 600W BK N/T,61219,2167,1250,500,2021-04-16 17:53,177.8,189.9,189.8,189.9,185,184.9,195.1,194.6,194.8,195.1,195.2,200.1,210.2,209.7,209.8,205,195.1,195,195,45.7,75.9,46.8,7.994,8.002,20.036,1595,201.4,12.4,176.399,2021-04-16 16:00,25.5,27.3
2021-04-16 17:22,Extruder 1,21-A-135,90310-000065060004,7050 0% 065T 600W BK N/T,61219,2167,1250,250,2021-04-16 17:22,178.1,190.6,189.9,190,184.9,186.3,194.7,194.9,195,195,195,199.9,210,210,209.9,205,195,195,195,46.4,75.8,47,8.003,8,20.052,1592,201.1,12.8,178.748,2021-04-16 16:00,25.7,27.2
2021-04-16 16:02,Extruder 1,21-A-134,90310-000065060004,7050 0% 065T 600W BK N/T,61219,2167,1250,500,2021-04-16 16:02,178,189.1,189.4,190,184.7,183.6,195.3,195.1,195,195.1,194.9,200,210.1,210.1,210,205.1,195,195,195,45.9,75.7,47,8.005,7.992,19.818,1581,201.4,12.9,179.151,2021-04-16 14:26,25.6,27.2
2021-04-16 15:31,Extruder 1,21-A-134,90310-000065060004,7050 0% 065T 600W BK N/T,61219,2167,1250,250,2021-04-16 15:31,178.1,189.8,189.4,189.9,184.7,184,194.9,195.2,195,195,195,200,209.8,209.8,210.2,205.1,195,195,195,45.6,75.8,46.8,7.998,8.022,19.843,1573,201.1,13.1,176.423,2021-04-16 14:26,25.5,27.2
2021-04-16 14:10,Extruder 1,21-A-133,90310-000065060004,7050 0% 065T 600W BK N/T,61219,2167,1250,500,2021-04-16 14:10,178.3,186.2,189.4,189.9,185,191.1,195.2,195,195,195,195.1,200,209.9,209.9,210,205.1,195.1,195,195,46.7,75.7,46.7,8.001,7.984,19.809,1557,201.5,12.6,178.012,2021-04-16 12:42,25.2,27.2
2021-04-16 13:40,Extruder 1,21-A-133,90310-000065060004,7050 0% 065T 600W BK N/T,61219,2167,1250,250,2021-04-16 13:40,178.1,188.1,189.4,190,185.2,188.7,195.1,195,195,195,195.3,199.7,209.4,209.8,210.1,205,195.1,195,195.1,46.3,75.7,46.5,7.996,7.98,19.797,1555,201.5,13.1,175.64,2021-04-16 12:42,25.2,27
2021-04-16 13:21,Extruder 1,21-A-132,90310-000065060004,7050 0% 065T 600W BK N/T,61219,2167,1250,1000,2021-04-16 13:21,178,189.2,189.7,190.1,185,197.3,195.2,195,195,195,194.7,200,210.1,210.2,210,205,195,195,195,46.3,75.6,46.8,7.996,8.026,19.795,1551,201.8,12.1,176.115,2021-04-16 10:47,25.2,27
2021-04-16 12:19,Extruder 1,21-A-132,90310-000065060004,7050 0% 065T 600W BK N/T,61219,2167,1250,500,2021-04-16 12:19,177.7,184,190.1,189.9,185.2,194.8,195.5,195,195.2,195.1,195,199.9,209.6,209.9,209.9,205.1,195,195,195,45.5,75.5,46.7,8.003,7.998,19.784,1551,201.9,12.2,177.775,2021-04-16 10:47,24.9,27
2021-04-16 11:49,Extruder 1,21-A-132,90310-000065060004,7050 0% 065T 600W BK N/T,61219,2167,1250,250,2021-04-16 11:49,178.2,185.2,189.6,190,185,193.9,195,194.9,194.9,195,195,200,210.1,210.1,210.1,205,195.1,195,195,45.4,75.4,46.6,8.003,7.984,19.831,1551,201.6,12.5,169.545,2021-04-16 10:47,24.8,27
2021-04-16 10:29,Extruder 1,21-A-131,90310-000065060004,7050 0% 065T 600W BK N/T,61219,2167,1250,500,2021-04-16 10:29,178,188.3,190,189.9,185.2,196.4,195.3,195,194.9,195,195.1,200.2,210.3,210.3,210.2,205.1,194.9,195,195,45.9,75.2,46.4,7.998,8.002,19.574,1558,201.6,13.2,174.454,2021-04-16 8:12,24.6,26.6
2021-04-16 9:58,Extruder 1,21-A-131,90310-000065060004,7050 0% 065T 600W BK N/T,61219,2167,1250,250,2021-04-16 9:58,177,184,190,189.5,184.5,195.4,195.2,195.2,195,195,195.2,200.2,209.9,210,210.1,205.1,195.2,195,195.1,46.2,75.1,46.4,7.996,7.998,19.164,1562,201,12.8,175.83,2021-04-16 8:12,24.5,27.3
2021-04-16 8:16,Extruder 1,21-A-130,90310-000065060004,7050 0% 065T 600W BK N/T,61219,2167,1250,500,2021-04-16 8:16,173.8,186.7,189.8,190,185,184.1,195.1,194.8,195,195,194.9,200.1,209.9,210.2,209.8,205,194.9,194.9,195.1,45.6,75.2,45.9,9.399,9.39,24.405,1638,202.6,12.5,189.73,2021-04-16 6:51,24.4,26.8
2021-04-16 7:50,Extruder 1,21-A-130,90310-000065060004,7050 0% 065T 600W BK N/T,61219,2167,1250,250,2021-04-16 7:50,172.6,191.5,190.2,190.1,184.7,189.6,194.9,194.9,195,195,195,199.9,209.6,209.6,209.4,205.1,194.7,195,194.9,45.5,75.2,46.5,9.402,9.397,24.419,1652,202.6,11.7,183.563,2021-04-16 6:51,24.4,26.9
2021-04-16 6:42,Extruder 1,21-A-129,90310-000065060004,7050 0% 065T 600W BK N/T,61219,2238,1250,500,2021-04-16 6:42,179.8,186,189.7,190.1,184.8,188.4,195,195,195.1,194.9,195,199.9,209.7,209.9,209.6,205.2,195,195.1,195,45.4,75.4,46,9.397,9.407,24.46,1632,202.8,12.8,185.508,2021-04-16 5:15,24.4,26.7
2021-04-16 6:16,Extruder 1,21-A-129,90310-000065060004,7050 0% 065T 600W BK N/T,61219,2238,1250,250,2021-04-16 6:16,184,189.3,189.6,190,184.8,184.8,195.3,195.1,195,195,195,199.9,210,210.6,210.2,204.8,195.1,194.9,194.9,45.7,75.4,46.3,9.399,9.362,24.435,1637,202.8,12.2,184.274,2021-04-16 5:15,24.2,26.8
2021-04-16 5:03,Extruder 1,21-A-128,90310-000065060004,7050 0% 065T 600W BK N/T,61219,2238,1250,500,2021-04-16 5:03,182.9,189.5,190.5,190,185,190.6,195.3,195.1,194.9,194.9,195,199.9,210.1,210.3,210.1,205,194.5,195,195,45.4,75.2,46.1,9.402,9.372,24.412,1639,202.9,12.5,183.918,2021-04-16 3:34,24.1,26.7
2021-04-16 4:37,Extruder 1,21-A-128,90310-000065060004,7050 0% 065T 600W BK N/T,61219,2238,1250,250,2021-04-16 4:37,183.3,186.5,190.4,189.9,185.2,196.4,195,194.9,194.9,194.9,194.9,200,209.7,210,209.9,205,195.2,194.9,195,45.4,75.3,46.4,9.408,9.405,24.467,1623,203.1,12.3,184.179,2021-04-16 3:34,24.2,26.9
2021-04-16 3:04,Extruder 1,21-A-127,90310-000065060004,7050 0% 065T 600W BK N/T,61219,2238,1250,500,2021-04-16 3:04,175.6,189.8,190.9,189.8,185.1,193.6,195.1,194.9,195,195,194.9,199.9,209.7,210.1,209.9,205.1,195,195,195,45.7,75.4,46.4,9.402,9.407,24.239,1616,202.9,11.8,178.676,2021-04-16 1:42,24.1,26.7
2021-04-16 2:38,Extruder 1,21-A-127,90310-000065060004,7050 0% 065T 600W BK N/T,61219,2238,1250,250,2021-04-16 2:38,183.8,183.8,190.2,190.1,185.2,194.7,195.1,195.1,194.9,195,195,200.1,210,210.1,209.8,205.1,195.1,195,195,46.2,75.4,45.9,9.411,9.41,24.226,1626,203.1,12.9,183.278,2021-04-16 1:42,24.1,26.9
2021-04-16 2:22,Extruder 1,21-A-126,90310-000065060004,7050 0% 065T 600W BK N/T,61219,2238,1250,1000,2021-04-16 2:22,182.4,187.1,190.3,190,184.9,195.3,194.8,195.1,194.9,195,194.9,200.2,210.4,210.4,210.1,205,195,194.9,195,45.2,75.3,46.3,9.399,9.397,24.068,1614,202.9,12.3,182.305,2021-04-15 23:57,24.2,26.8
2021-04-16 1:30,Extruder 1,21-A-126,90310-000065060004,7050 0% 065T 600W BK N/T,61219,2238,1250,500,2021-04-16 1:30,171.2,190.1,190.1,190,184.9,189.7,195.3,195,195,195,195,200,210,210.4,210,204.9,194.6,194.9,194.9,45.1,75,46.7,9.399,9.397,24.027,1638,202.8,12.8,188.805,2021-04-15 23:57,24.3,26.8
2021-04-16 1:04,Extruder 1,21-A-126,90310-000065060004,7050 0% 065T 600W BK N/T,61219,2238,1250,250,2021-04-16 1:04,170.9,186.8,190.4,189.9,185.2,196.8,194.9,195.1,195,195,195,200.2,210.1,210.3,210,204.8,194.9,195,195.2,46.2,75.3,46.6,9.395,9.39,24.091,1622,202.9,12.3,187.571,2021-04-15 23:57,24.4,26.8
2021-04-15 23:09,Extruder 1,21-A-125,90310-000065060004,7050 0% 065T 600W BK N/T,61219,2238,1250,1000,2021-04-15 23:09,180.1,183.8,188.4,189.3,182.8,179.7,194.4,194.5,194.9,195.2,195.3,200.6,209.7,211,210,205.6,195,195,194.7,45.6,74.4,46.5,12.002,11.997,23.522,1758,199.6,11.7,190.346,2021-04-14 22:41,24.6,27.2
2021-04-15 21:13,Extruder 1,21-A-125,90310-000065060004,7050 0% 065T 600W BK N/T,61219,2238,1250,500,2021-04-15 21:13,177.9,183.9,190,190,184.9,194.6,195.1,195.1,195.1,195,195,200,200.1,203.2,200.2,199.9,195.1,195.1,195.1,46.4,75.5,46.7,9.598,9.581,26.248,1679,203.8,13.1,185.579,2021-04-14 22:41,24.5,26.9
2021-04-15 20:48,Extruder 1,21-A-125,90310-000065060004,7050 0% 065T 600W BK N/T,61219,2238,1250,250,2021-04-15 20:48,177.8,188.7,189.1,190,184.9,184,195.3,195,195.1,195,195.2,200.2,200.2,202.2,200.2,199.9,195.2,195,195,46.4,75.6,46.6,9.601,9.624,26.608,1680,203.5,12.2,187.547,2021-04-14 22:41,24.6,26.9
2021-04-15 20:07,Extruder 1,21-A-125,90310-000065060004,7050 0% 065T 600W BK N/T,61219,1251,1250,250,2021-04-15 20:07,168.4,190.2,189.7,190.4,184.5,185,195.7,194.9,194.9,195,195,200.4,200.2,201.6,200.6,200.1,195.1,195,195,45.2,75.6,46.7,9.799,9.814,28.364,1703,203.8,12.9,192.268,2021-04-14 22:41,24.4,27.2
2021-03-05 1:05,Extruder 1,21-A-77,90310-000065100004,7050 0% 065T 1000W BK N/T,60487,1251,1250,500,2021-03-05 1:05,177.7,186,190,190.1,184.9,192.4,197.1,194.8,195.1,194.9,194.9,202,199.9,202.6,200.1,208,194.7,195,195,40.1,79.6,57.4,8.197,8.215,33.861,1863,206.7,13.5,214.777,2021-03-04 23:36,23,20.5
2021-03-05 0:35,Extruder 1,21-A-77,90310-000065100004,7050 0% 065T 1000W BK N/T,60487,1251,1250,250,2021-03-05 0:35,178,187.3,190.4,190.2,185.1,190.7,197,194.8,195.1,195,195,201.9,200.1,202.7,200.1,208.1,194.7,195,195,40.2,79.9,54.4,8.202,8.169,33.884,1876,206.6,13.2,213.188,2021-03-04 23:36,23.2,20.7
2021-03-04 23:15,Extruder 1,21-A-76,90310-000065100004,7050 0% 065T 1000W BK N/T,60487,1251,1250,500,2021-03-04 23:15,177.6,188.8,190.1,189.8,184.9,186.6,197,195.5,194.9,194.9,195.1,202.1,200,202.5,199.9,208.1,195.3,195,195,40.4,79.9,55,8.197,8.207,33.897,1870,206.4,13.3,222.723,2021-03-04 21:47,23.4,20.9
2021-03-04 22:45,Extruder 1,21-A-76,90310-000065100004,7050 0% 065T 1000W BK N/T,60487,1251,1250,250,2021-03-04 22:45,178,188.1,190.7,188.8,184.8,187.8,197.3,195.3,195,195,195.2,202.1,199.9,202.6,199.9,208,195,195,195.1,40.6,80.3,56.6,8.195,8.217,33.87,1897,206.7,13.1,214.611,2021-03-04 21:47,23.5,20.9
2021-03-04 21:27,Extruder 1,21-A-75,90310-000065100004,7050 0% 065T 1000W BK N/T,60487,1251,1250,500,2021-03-04 21:27,177.9,186.1,189.4,189.6,184.7,193.9,197.2,194.8,195,195,195.1,202,200,202.8,200,208.1,194.8,195,195,40.7,80,53.5,8.197,8.209,34.187,1890,207.2,13.2,217.41,2021-03-04 19:57,23.6,20.9
2021-03-04 20:57,Extruder 1,21-A-75,90310-000065100004,7050 0% 065T 1000W BK N/T,60487,1251,1250,250,2021-03-04 20:57,178.1,186.5,189.8,189.9,185,192.4,197.2,195.2,195,195,195,202.1,200,202.7,200,208,194.5,195,194.9,40.7,79.9,53.7,8.2,8.209,34.175,1889,206.9,13.5,218.05,2021-03-04 19:57,23.6,20.9
2021-03-04 19:39,Extruder 1,21-A-74,90310-000065100004,7050 0% 065T 1000W BK N/T,60487,1251,1250,500,2021-03-04 19:39,178,189.4,191,190.5,185.6,184.6,197.1,195,195,195,195,201.9,200,202.6,199.9,207.9,195.1,195,195,40.5,79.8,58.5,8.202,8.201,34.155,1884,206.5,12.6,216.983,2021-03-04 18:12,23.7,20.9
2021-03-04 19:09,Extruder 1,21-A-74,90310-000065100004,7050 0% 065T 1000W BK N/T,60487,2238,1250,250,2021-03-04 19:09,178.3,189.6,190.1,189.3,186.2,184.8,197.2,194.7,195,195,194.9,201.9,199.9,202.7,200,207.9,194.8,195,195,40.5,79.8,56.7,8.202,8.185,34.185,1859,206.6,13.7,212.31,2021-03-04 18:12,23.7,20.9
2021-03-04 17:51,Extruder 1,21-A-73,90310-000065100004,7050 0% 065T 1000W BK N/T,60487,2238,1250,500,2021-03-04 17:51,178,189,190.1,189.7,185,194.4,197.1,195.1,194.9,195,195,201.9,199.9,202.5,199.9,207.9,195.3,195.1,195,40.7,80.2,55.2,8.204,8.209,34.239,1851,206.9,14.5,208.231,2021-03-04 16:24,24,21.2
2021-03-04 17:21,Extruder 1,21-A-73,90310-000065100004,7050 0% 065T 1000W BK N/T,60487,2238,1250,250,2021-03-04 17:21,178.3,186.4,189.1,190.5,184.6,194.7,197.2,195,195,195,194.9,202,200,202.7,200.1,208,195,195,195,41.3,80.5,56.5,8.2,8.215,34.396,1876,207,13.1,212.785,2021-03-04 16:24,24.1,21.2
2021-03-04 16:02,Extruder 1,21-A-72,90310-000065100004,7050 0% 065T 1000W BK N/T,60487,2238,1250,500,2021-03-04 16:02,179,186.6,189.3,190.7,184.5,190.6,196.8,194.8,195.2,195,194.8,202.1,200,203,200.2,208,194.8,194.9,194.8,41,80.2,54.9,8.206,8.217,34.342,1856,206.4,14.5,214.896,2021-03-04 14:07,23.8,21.1
2021-03-04 15:32,Extruder 1,21-A-72,90310-000065100004,7050 0% 065T 1000W BK N/T,60487,2238,1250,250,2021-03-04 15:32,174.5,190.3,190.5,190,184,188.9,195.9,195,195.3,195,195,202.2,200.5,202.8,201.1,208.3,195.3,194.9,195,40.3,79.9,53.5,8.197,8.187,34.563,1878,205.6,14.1,210.626,2021-03-04 14:07,23.7,21.2
2021-03-04 13:27,Extruder 1,21-A-71,90310-000065100004,7050 0% 065T 1000W BK N/T,60487,2238,1250,500,2021-03-04 13:27,179.2,190,190,188.8,184.9,190.9,196.2,195.2,194.9,195,194.7,202.1,200,202.5,199.9,208,194.7,195,195,40.6,80.3,56.5,8.197,8.215,33.321,1822,205.8,13.5,212.951,2021-03-04 11:43,23.6,21.1
2021-03-04 12:57,Extruder 1,21-A-71,90310-000065100004,7050 0% 065T 1000W BK N/T,60487,2238,1250,250,2021-03-04 12:57,175.2,189.1,189.9,190.1,185.1,190.1,196.2,195.2,195,194.9,194.8,201.9,200,202.7,200.1,208,195,195,195,41,80.1,57.8,8.204,8.215,33.326,1795,205.7,13,211.101,2021-03-04 11:43,23.7,21.1
2021-03-04 11:39,Extruder 1,21-A-70,90310-000065100004,7050 0% 065T 1000W BK N/T,60487,2238,1250,500,2021-03-04 11:39,177.4,186.2,189.6,190.5,184.7,184.2,196.3,195,195,195,195.1,201.9,200,202.6,199.9,208,195,194.9,195,40.6,79.9,53.6,8.204,8.207,33.282,1830,205.6,13.6,212.097,2021-03-04 9:59,23.5,20.9
2021-03-04 11:09,Extruder 1,21-A-70,90310-000065100004,7050 0% 065T 1000W BK N/T,60487,2238,1250,250,2021-03-04 11:09,181.7,189,190.7,188.4,184.4,183.9,196.5,194.9,194.9,195,195,202.1,200.1,202.8,200.1,208.1,195,195,195,40.5,80.2,54.9,8.197,8.179,33.319,1850,205.8,13.8,208.871,2021-03-04 9:59,23.4,20.9
2021-03-04 9:50,Extruder 1,21-A-69,90310-000065100004,7050 0% 065T 1000W BK N/T,60487,2238,1250,500,2021-03-04 9:50,178.1,188.5,189.9,190.1,184.9,191.6,196.3,195.3,195.1,194.9,195,202,199.9,202.7,199.9,208,195.5,195,194.9,41,80.3,55.3,8.197,8.205,33.346,1852,206,13.6,213.472,2021-03-04 8:23,23.3,20.9
2021-03-04 9:20,Extruder 1,21-A-69,90310-000065100004,7050 0% 065T 1000W BK N/T,60487,2238,1250,250,2021-03-04 9:20,174.4,187,189.4,189.6,184.9,192.3,196.3,195.3,195,195,194.9,202,200.2,202.8,200.1,208,195.6,195,195,40.3,80,53.5,8.197,8.185,33.36,1816,206,13.6,212.785,2021-03-04 8:23,23.2,20.7
2021-03-04 8:02,Extruder 1,21-A-68,90310-000065100004,7050 0% 065T 1000W BK N/T,60487,2238,1250,500,2021-03-04 8:02,178.8,186.7,190.1,189.9,185.1,194.1,196.2,195.1,194.9,195,195.2,202.1,199.8,202.5,200,208,195.2,195,195,40.3,80,57.9,8.202,8.199,33.358,1823,205.9,12.9,207.709,2021-03-04 6:28,23.2,20.9
2021-03-04 7:32,Extruder 1,21-A-68,90310-000065100004,7050 0% 065T 1000W BK N/T,60487,2238,1250,250,2021-03-04 7:32,182.6,189,189.8,190.7,185.2,193.6,196.3,195,194.9,195,195.2,202,199.9,202.6,199.9,208.1,195.1,195,195,40.7,79.9,57,8.202,8.197,33.278,1795,206,13.3,211.338,2021-03-04 6:28,23.1,20.8
2021-03-04 6:13,Extruder 1,21-A-67,90310-000065100004,7050 0% 065T 1000W BK N/T,60487,1251,1250,500,2021-03-04 6:13,175,191.1,190.7,189.2,184.8,186.5,196.5,195.3,195.3,195,194.8,202.1,199.9,202.7,200.3,208,195.1,195,195.1,40.2,79.7,54.8,8.202,8.195,33.308,1845,206.1,12.7,210.223,2021-03-04 4:43,21.9,20.3
2021-03-04 5:43,Extruder 1,21-A-67,90310-000065100004,7050 0% 065T 1000W BK N/T,60487,1251,1250,250,2021-03-04 5:43,172.6,189.1,190,189.9,185.2,186.2,196.4,195.3,195,195,195.1,202,199.9,202.4,200,208,195.1,195,195.1,40.2,78.9,55.9,8.204,8.222,33.346,1830,206,12.3,211.599,2021-03-04 4:43,20.4,19.5
2021-03-04 4:25,Extruder 1,21-A-66,90310-000065100004,7050 0% 065T 1000W BK N/T,60487,1251,1250,500,2021-03-04 4:25,183.4,186.8,189.6,190.7,185,187,196.3,194.9,195,195,195,201.9,200.1,202.5,199.9,207.9,195,195,194.9,40.2,79.3,52.9,8.202,8.143,33.364,1860,206.2,12.9,217.054,2021-03-04 2:55,21.1,19.7
2021-03-04 3:55,Extruder 1,21-A-66,90310-000065100004,7050 0% 065T 1000W BK N/T,60487,1251,1250,250,2021-03-04 3:55,185.1,188.1,189.9,189.5,185,187.1,195.9,195,195,194.9,195,202,200.2,202.3,200.2,208.1,194.9,195,195,40.6,79.3,54.1,8.129,8.121,33.403,1847,205.9,12.7,215.512,2021-03-04 2:55,21.4,19.7
2021-03-04 2:29,Extruder 1,21-A-65,90310-000065100004,7050 0% 065T 1000W BK N/T,60487,1251,1250,500,2021-03-04 2:29,184.2,189.5,190.1,190,184.9,187.8,195.1,195,195,195,195.2,202,200,202.2,200.2,207.8,195.2,195,194.9,40.3,79.7,66.3,7.04,7.055,28.87,1747,203.6,12.7,203.985,2021-03-03 1:25,23.5,20.9
2021-03-04 1:54,Extruder 1,21-A-65,90310-000065100004,7050 0% 065T 1000W BK N/T,60487,1251,1250,250,2021-03-04 1:54,171.5,186.4,189.8,190.4,185.2,184.8,195.3,195.9,195.2,195,194.9,202.2,199.9,201.9,200.3,207.9,195.1,195,195.2,40.2,79.5,62.3,7.047,7.045,28.902,1717,203.8,13.3,200.332,2021-03-03 1:25,22.8,20.8
2021-03-03 23:56,Extruder 1,21-A-65,90310-000065100004,7050 0% 065T 1000W BK N/T,60487,1251,1250,3000,2021-03-03 23:56,174,187.9,190.1,190.1,184.6,186.1,195,194.8,195.1,195.3,196.4,208.8,201,200.9,200.1,203.3,195.6,195.3,195.2,35.3,74.5,57.4,0.033,1.241,20.014,1924,198.2,13.2,135.294,2021-03-03 1:25,21.8,19.5
2021-01-13 14:36,Extruder 1,21-A-23,90310-000065100004,7050 0% 065T 1000W BK N/T,59940,2167,1250,500,2021-01-13 14:36,178.2,187.4,190.1,188.1,185,184.2,196.3,194.8,195.1,195,195.3,208,200,200.1,200,208,195,194.9,195,35.4,80.5,58.6,8.1,8.096,32.929,1817,206,13.4,208.752,2021-01-13 13:10,27.4,28.3
2021-01-13 14:05,Extruder 1,21-A-23,90310-000065100004,7050 0% 065T 1000W BK N/T,59940,2167,1250,250,2021-01-13 14:05,178.2,187.1,189.8,190.2,185.1,184.2,196.3,194.9,195,195,194.8,208,200.1,200,200.1,208,195.1,195.4,195,35.4,80.5,53.8,8.102,8.129,33.036,1829,205.9,13.7,208.8,2021-01-13 13:10,27.4,27.9
2021-01-13 12:46,Extruder 1,21-A-22,90310-000065100004,7050 0% 065T 1000W BK N/T,59940,2167,1250,500,2021-01-13 12:46,178.5,187.5,189.9,189.4,185.2,194.8,196.1,194.9,195,195,195.1,207.9,200,200,200,208,194.9,194.7,195,35.5,80.3,58.5,8.102,8.096,33.009,1794,206.4,13.5,206.499,2021-01-13 11:05,27.3,27
2021-01-13 12:15,Extruder 1,21-A-22,90310-000065100004,7050 0% 065T 1000W BK N/T,59940,2167,1250,250,2021-01-13 12:15,178.1,187.8,189.7,190.4,185.3,194.9,196,194.9,195,195,195.6,208,200,200.1,200.1,208,195,195,195,35.5,80.4,53.6,8.105,8.101,33.036,1791,206.2,13.4,204.934,2021-01-13 11:05,27.2,28.3
2021-01-13 10:56,Extruder 1,21-A-21,90310-000065100004,7050 0% 065T 1000W BK N/T,59940,2167,1250,500,2021-01-13 10:56,178.4,186.9,190.3,190,185,193.5,195.9,195,195,195,195,208,200.2,200.2,200.1,208,195,195,194.9,35.3,80.3,57.5,8.105,8.103,32.993,1753,205.6,13.4,197.723,2021-01-13 8:30,27.2,27.1
2021-01-13 10:25,Extruder 1,21-A-21,90310-000065100004,7050 0% 065T 1000W BK N/T,59940,2167,1250,250,2021-01-13 10:25,178.1,187.6,190.1,189.9,185.3,192.8,195.8,195,195.3,195,194.9,208.2,200.4,200.6,200.6,208.1,195,195,195,35.2,80.3,53.5,8.1,8.073,33.009,1765,205.4,14.4,203.582,2021-01-13 8:30,27.1,29.8
2021-01-13 5:33,Extruder 1,21-A-20,90310-000065100004,7050 0% 065T 1000W BK N/T,59940,1251,1250,500,2021-01-13 5:33,170.4,187.8,189.6,190.3,184.8,184.2,196.3,194.9,195,195,195.2,208,200,200,200,208,195,195,194.9,34.4,78.3,49.9,8.209,8.179,33.162,1754,205.4,14.3,202.372,2021-01-13 4:09,27.1,26.2
2021-01-13 5:03,Extruder 1,21-A-20,90310-000065100004,7050 0% 065T 1000W BK N/T,59940,1251,1250,250,2021-01-13 5:03,170.8,187.8,189.8,189.2,184.6,184.2,196.3,195.2,195,195.1,194.5,208.1,199.9,200,199.9,208,195,195,195,34.5,78.1,51,8.2,8.219,33.173,1750,205.6,13.8,206.736,2021-01-13 4:09,27,28.7
2021-01-13 3:45,Extruder 1,21-A-19,90310-000065100004,7050 0% 065T 1000W BK N/T,59940,1251,1250,500,2021-01-13 3:45,171.8,188.4,190.3,188.1,184.8,187.8,196.8,195,195,195.1,194.9,208,200,200,199.9,208,195.1,195,195,34.5,78.5,50,8.197,8.207,33.56,1770,206.3,14.4,208.491,2021-01-13 2:19,27.1,27.1
2021-01-13 3:15,Extruder 1,21-A-19,90310-000065100004,7050 0% 065T 1000W BK N/T,59940,1251,1250,250,2021-01-13 3:15,171.3,187.5,190.7,190.4,185,187.3,196.9,194.9,195,195,194.7,208,200,200,199.9,208,195.1,195.1,195.1,34.3,78.4,52.6,8.202,8.227,33.569,1806,206.5,14.8,210.911,2021-01-13 2:19,27.1,26.4
2021-01-13 1:57,Extruder 1,21-A-18,90310-000065100004,7050 0% 065T 1000W BK N/T,59940,1251,1250,500,2021-01-13 1:57,182.1,188.3,189.9,189.1,184.9,195.7,196.9,194.8,195,195,194.6,208,200,200,200,208,195,195,195.1,34.5,78.5,52.2,8.202,8.212,33.579,1799,206.8,13.7,213.591,2021-01-13 0:32,27,28.1
2021-01-13 1:27,Extruder 1,21-A-18,90310-000065100004,7050 0% 065T 1000W BK N/T,59940,1251,1250,250,2021-01-13 1:27,182.6,188.5,190.5,189.7,184.6,195.7,196.8,195.2,195,194.9,195,208,200.1,200,200,208.1,195,195,194.9,34.5,78.6,49.4,8.204,8.195,33.542,1801,206.7,14.2,210.697,2021-01-13 0:32,27,26.9
2021-01-13 0:09,Extruder 1,21-A-17,90310-000065100004,7050 0% 065T 1000W BK N/T,59940,1251,1250,500,2021-01-13 0:09,182.6,187.2,190.2,189.4,185,190.6,196.6,194.8,195,195,195.4,208,200.1,200,199.9,207.9,195.1,195,195,43.3,77.9,50.3,8.2,8.201,33.023,1803,206.3,14.4,207.922,2021-01-12 22:45,26.8,28.2
2021-01-12 23:39,Extruder 1,21-A-17,90310-000065100004,7050 0% 065T 1000W BK N/T,59940,1251,1250,250,2021-01-12 23:39,183.3,187.5,190.2,190.4,185.2,191,196.6,195.2,195,195,194.4,208.1,200.1,199.9,200.1,208.1,195.1,195,195,46,80.4,51,8.197,8.185,33.027,1803,206.2,13.8,206.096,2021-01-12 22:45,26.9,27.4
2021-01-12 22:21,Extruder 1,21-A-16,90310-000065100004,7050 0% 065T 1000W BK N/T,59940,2238,1250,500,2021-01-12 22:21,176.2,188.2,190.2,190.1,184.9,186.1,196.6,195,195.1,195,194.6,208.1,200.1,200,200.1,208.1,195.1,195,194.9,45.5,80.3,50,8.2,8.197,33.034,1793,206.2,13.3,205.977,2021-01-12 21:00,26.8,25.8
2021-01-12 21:51,Extruder 1,21-A-16,90310-000065100004,7050 0% 065T 1000W BK N/T,59940,2238,1250,250,2021-01-12 21:51,174.9,188.1,190.8,189.7,184.9,185.8,196.6,194.9,195,195,195.1,208.1,200.1,200,200.1,208,195,195,194.9,45.9,80.4,51.8,8.197,8.175,33.075,1806,206.1,14.1,203.558,2021-01-12 21:00,26.7,25.7
2021-01-12 20:33,Extruder 1,21-A-15,90310-000065100004,7050 0% 065T 1000W BK N/T,59940,2238,1250,500,2021-01-12 20:33,170.5,187.3,190.4,189.8,184.7,184.4,196.7,195.2,194.9,195,194.9,208,200,200.1,200,208,195,195,195,45.7,80.3,50,8.204,8.181,33.016,1783,206.2,13.5,206.096,2021-01-12 19:08,26.6,28
2021-01-12 20:03,Extruder 1,21-A-15,90310-000065100004,7050 0% 065T 1000W BK N/T,59940,2238,1250,250,2021-01-12 20:03,170.8,187.4,190.4,189.9,185,185.2,197,195,195,195,195.4,208,200.1,200,199.9,208,195,194.9,195,45.4,80.1,52.5,8.2,8.187,32.982,1783,206.4,13.8,206.499,2021-01-12 19:08,26.8,27.1
2021-01-12 18:40,Extruder 1,21-A-14,90310-000065100004,7050 0% 065T 1000W BK N/T,59940,2238,1250,500,2021-01-12 18:40,181.4,187.9,189.8,189.7,185.5,193,196.9,195,195.2,195.1,195.6,208.1,200.1,200,200.1,208,195,195.1,195,45.7,80.4,51.8,8.2,8.201,33.585,1830,207,13.8,210.128,2021-01-12 17:14,26.9,28.3
2021-01-12 18:10,Extruder 1,21-A-14,90310-000065100004,7050 0% 065T 1000W BK N/T,59940,2238,1250,250,2021-01-12 18:10,181,187,189.9,189.6,184.9,191.5,196.4,195.2,195,195,195.5,208.1,200.2,200.2,200.2,208.2,195.1,194.9,195,45.4,79.9,51.6,8.204,8.187,33.476,1822,206.6,14.2,209.654,2021-01-12 17:14,26.8,28.1
2021-01-12 17:33,Extruder 1,21-A-13,90310-000065100004,7050 0% 065T 1000W BK N/T,59940,2238,1250,1000,2021-01-12 17:33,170.3,187.4,190.1,190.1,187.1,184.7,195.2,194.8,194.6,195.1,195,207.2,199.2,199.6,199.2,207.6,195.1,195.1,195,45.2,80.8,50.8,8.197,8.199,33.021,1822,204.6,14.4,211.077,2021-01-12 15:00,26.8,26.1
2021-01-12 16:23,Extruder 1,21-A-13,90310-000065100004,7050 0% 065T 1000W BK N/T,59940,2238,1250,500,2021-01-12 16:23,176,187.7,190,189.7,185.2,194,196.3,195.1,195,195,195.4,208,200.1,200.1,200.2,208,194.9,195,195,45.6,80.1,50,8.2,8.209,33.009,1770,206.3,13.6,208.824,2021-01-12 15:00,27,25.8
2021-01-12 15:53,Extruder 1,21-A-13,90310-000065100004,7050 0% 065T 1000W BK N/T,59940,2238,1250,250,2021-01-12 15:53,174.5,187.5,189.8,189.5,185,195.3,196.1,195,194.9,195,194.7,207.9,200,199.9,199.9,207.9,195.1,195.1,195,45.6,79.9,52.2,8.206,8.179,32.995,1740,205.8,13.8,208.207,2021-01-12 15:00,27,25.5
2021-01-12 14:35,Extruder 1,21-A-12,90310-000065100004,7050 0% 065T 1000W BK N/T,59940,2167,1250,500,2021-01-12 14:35,181.8,188.9,190.8,191,185.2,192.1,196.3,195,195,195,195,208,200,199.9,199.9,208,195,194.8,195,45.8,80.1,50.2,8.2,8.217,33.016,1747,205.8,13.6,206.855,2021-01-12 12:49,27.1,28.1
2021-01-12 14:05,Extruder 1,21-A-12,90310-000065100004,7050 0% 065T 1000W BK N/T,59940,2167,1250,250,2021-01-12 14:05,185.1,188.9,190.4,189.8,184.9,192.9,196.3,194.6,195,194.9,194.9,208,199.9,199.9,199.9,208,195,195.2,195.1,45.4,80.3,52.7,8.197,8.189,32.989,1762,205.8,13,208.634,2021-01-12 12:49,27.1,27.3
2021-01-12 12:47,Extruder 1,21-A-11,90310-000065100004,7050 0% 065T 1000W BK N/T,59940,2167,1250,500,2021-01-12 12:47,174.1,188.8,190.2,190.7,185.1,188.8,196.5,195,195.1,195,195.3,208,200.1,200,200,208,194.9,194.9,195,45.5,80.3,50.4,8.2,8.169,32.986,1738,206,13.1,203.676,2021-01-12 11:25,27.1,28.6
2021-01-12 12:17,Extruder 1,21-A-11,90310-000065100004,7050 0% 065T 1000W BK N/T,59940,2167,1250,250,2021-01-12 12:17,172.4,188.6,190.4,190.7,185.1,189.7,196.5,194.7,195,195,195,208,200.1,200.1,200.2,208.1,195,195,195,45.7,80.3,52.9,8.202,8.197,32.998,1757,206,13,205.408,2021-01-12 11:25,27,28.3
2021-01-12 11:00,Extruder 1,21-A-10,90310-000065100004,7050 0% 065T 1000W BK N/T,59940,2167,1250,500,2021-01-12 11:00,183.9,187.1,190.6,190.3,185.4,188.5,196.6,194.8,195,194.9,194.6,208,200.1,200,200,208,195.1,195,195,45.6,80.2,51.2,8.299,8.295,33.005,1785,206.4,13.3,208.8,2021-01-12 0:12,27.2,27.3
2021-01-12 10:30,Extruder 1,21-A-10,90310-000065100004,7050 0% 065T 1000W BK N/T,59940,2167,1250,250,2021-01-12 10:30,185.4,187.5,190.1,190.5,185.6,188.1,196.8,195.1,195,195,195.4,208,200.1,200.1,200.2,207.9,194.8,195,194.9,45.6,80.2,52,8.299,8.318,33.041,1779,206.5,13.4,205.693,2021-01-12 0:12,26.9,27.6
2021-01-12 9:15,Extruder 1,21-A-10,90310-000065100004,7050 0% 065T 1000W BK N/T,59940,2167,1250,3000,2021-01-12 9:15,176.2,187.9,188.9,190,185.9,185.8,195.7,195.2,195,194.9,194.8,208,200.4,200.5,200.5,208,195,195,195,40.4,75.7,46.9,7.998,8.03,34.041,1750,205.7,13.8,201.589,2021-01-12 0:12,26.7,27.5
2020-10-16 18:18,Extruder 1,20-A-483,90310-000065100004,7050 0% 065T 1000W BK N/T,58587,2167,1250,500,2020-10-16 18:18,178,188.1,190.6,189.7,184.7,188.2,194.9,195.1,195.1,195.1,194.9,210,210,210.1,209.9,214.9,195,195,195,35.3,65.1,47.3,7.903,7.892,29.77,1846,208.9,12.8,215.18,2020-10-16 16:56,20.4,19.6
2020-10-16 17:47,Extruder 1,20-A-483,90310-000065100004,7050 0% 065T 1000W BK N/T,58587,2167,1250,250,2020-10-16 17:47,177.8,188.1,190.1,189.2,184.7,190.1,195.1,195,195,195,195,210,210,210.1,210.1,215,195,195,195,35.3,65.5,44.4,12.994,13.044,29.781,1823,209.5,14.1,215.062,2020-10-16 16:56,20.2,19.5
2020-10-16 17:17,Extruder 1,20-A-482,90310-000065100004,7050 0% 065T 1000W BK N/T,58587,2167,1250,1000,2020-10-16 17:17,178.1,187.9,189.6,190.5,185.2,190.2,195,194.9,195.1,195,194.6,210,209.9,210,209.9,214.9,194.9,195,195,35,65,46.2,7.903,7.917,29.465,1810,209.1,14.1,216.556,2020-10-16 14:52,20.4,19.5
2020-10-16 16:14,Extruder 1,20-A-482,90310-000065100004,7050 0% 065T 1000W BK N/T,58587,2167,1250,500,2020-10-16 16:14,177.8,188.1,189.8,191,185.1,190.4,194.8,194.9,194.8,194.9,195.1,210,210.1,209.9,209.8,214.8,195,195,195,35.5,66,46,7.899,7.914,29.788,1805,209.1,13.2,208.468,2020-10-16 14:52,20.3,19.6
2020-10-16 15:43,Extruder 1,20-A-482,90310-000065100004,7050 0% 065T 1000W BK N/T,58587,2167,1250,250,2020-10-16 15:43,178,188,189,190.4,185,190.4,195.1,195.1,195.1,194.9,194.9,210,210,210,210.1,215.2,195,195,195,35.4,65.6,46,7.901,7.907,29.79,1810,209.5,13.5,216.058,2020-10-16 14:52,20.4,19.6
2020-10-16 15:12,Extruder 1,20-A-481,90310-000065100004,7050 0% 065T 1000W BK N/T,58587,1580,1250,1000,2020-10-16 15:12,178,188.1,190.1,190.4,185,190.1,195,194.7,194.8,195,195.1,210,210.1,209.9,210,215,195,195,195,35.6,65.9,45.4,7.903,7.909,29.756,1811,209.3,13,212.927,2020-10-16 10:12,20.3,19.5
2020-10-16 14:09,Extruder 1,20-A-481,90310-000065100004,7050 0% 065T 1000W BK N/T,58587,1580,1250,500,2020-10-16 14:09,178.4,188.1,190.3,190.1,185.1,192.4,195.1,195,195,194.9,195.3,209.9,210.2,209.8,210,214.9,194.9,195,195,35.4,65.3,45.1,7.901,7.876,29.806,1797,209.5,13,211.551,2020-10-16 10:12,20.2,19.5
2020-10-16 13:38,Extruder 1,20-A-481,90310-000065100004,7050 0% 065T 1000W BK N/T,58587,1580,1250,250,2020-10-16 13:38,177.8,188,190.2,189,184.9,185.5,195.2,195.1,195,195,195,209.9,210.2,209.9,210.2,214.9,195,195,195,35.5,65.6,47.3,7.894,7.899,29.759,1803,208.9,14,207.543,2020-10-16 10:12,20.4,19.6
2020-10-16 10:23,Extruder 1,20-A-480,90310-000065080004,7050 0% 065T 800W BK N/T,58838,1580,1250,1000,2020-10-16 10:23,177.9,187.9,190,190.5,185.2,190.7,194.9,194.9,194.9,195,195.2,199.9,209.9,210,209.8,199.9,195,195,194.9,34.6,63.7,44.3,8.795,8.8,23.943,1737,208.5,13.7,200.451,2020-10-16 8:13,19.8,19.4
2020-10-16 9:27,Extruder 1,20-A-480,90310-000065080004,7050 0% 065T 800W BK N/T,58838,1580,1250,500,2020-10-16 9:27,177.5,188,190,189.7,185,190.2,195,195,195.1,195,195.2,200,210,210,210.1,200,194.9,195,195,34.8,63.9,43.9,8.797,8.81,27.882,1836,208.9,15.3,210.152,2020-10-16 8:13,19.8,19.3
2020-10-16 8:59,Extruder 1,20-A-480,90310-000065080004,7050 0% 065T 800W BK N/T,58838,1580,1250,250,2020-10-16 8:59,178.5,188.1,189.8,190.3,185.1,190.4,195,195,195,195,195.1,200.1,210,210.1,210,199.9,195,195,195,34.2,63.5,45.1,8.797,8.8,27.95,1832,209.2,13.8,206.76,2020-10-16 8:13,19.8,19.2
2020-10-16 8:31,Extruder 1,20-A-479,90310-000065080004,7050 0% 065T 800W BK N/T,58838,1580,1250,1000,2020-10-16 8:31,178,188,190.1,190.1,185.1,189.5,195,194.9,194.9,195,195,200.1,210.2,210,210,199.9,195,195,194.9,34.7,63.6,46.9,8.804,8.794,27.895,1843,208.8,12.8,211.67,2020-10-16 6:19,19.8,19.4
2020-10-16 7:35,Extruder 1,20-A-479,90310-000065080004,7050 0% 065T 800W BK N/T,58838,1580,1250,500,2020-10-16 7:35,178.3,187.9,190.2,190.4,185,191.7,195,195,194.8,195,194.6,199.9,209.9,210,209.8,200,195,195,195,34.5,64,45.8,8.802,8.825,27.938,1829,208.9,13.8,212.358,2020-10-16 6:19,20,19.4
2020-10-16 7:07,Extruder 1,20-A-479,90310-000065080004,7050 0% 065T 800W BK N/T,58838,1580,1250,250,2020-10-16 7:07,177.7,188.2,190.7,189.8,184.9,190.7,195,195.2,195.1,195,194.6,200.1,210.2,210.1,210,200,194.9,195,195,35.2,64.9,45.6,8.8,8.794,27.927,1843,208.7,12.9,209.203,2020-10-16 6:19,19.9,19.5
2020-10-16 6:38,Extruder 1,20-A-478,90310-000065080004,7050 0% 065T 800W BK N/T,58838,1251,1250,1000,2020-10-16 6:38,177.8,187.9,189.4,189.2,184.7,188.2,194.9,195,195,194.9,194.7,200,210,210.1,210.1,200.1,194.9,195.1,195,35,64.4,45.1,8.804,8.79,28.023,1823,208.7,13.2,204.578,2020-10-16 4:27,19.9,19.4
2020-10-16 5:43,Extruder 1,20-A-478,90310-000065080004,7050 0% 065T 800W BK N/T,58838,1251,1250,500,2020-10-16 5:43,177.8,188.2,190.7,189.8,185,189,195,195.1,195.1,194.9,195.1,199.8,210,210,210.1,200,194.8,194.9,194.8,34.8,64.4,44.1,8.793,8.812,27.95,1831,208.8,13.6,205.811,2020-10-16 4:27,20.2,19.6
2020-10-16 5:15,Extruder 1,20-A-478,90310-000065080004,7050 0% 065T 800W BK N/T,58838,1251,1250,250,2020-10-16 5:15,178.2,187.9,190.2,189.5,185.2,189.7,195.1,195.1,195,195,195,200,210,210,210,200.1,195,195.1,195,35.2,64.7,44.1,8.802,8.784,27.986,1822,209.3,13.3,206.926,2020-10-16 4:27,20.2,19.5
2020-10-16 4:47,Extruder 1,20-A-477,90310-000065080004,7050 0% 065T 800W BK N/T,58838,1251,1250,1000,2020-10-16 4:47,178,188,190.1,189.8,185,189.9,195,195,195,195,195.2,200,210,210,210.2,200.1,194.9,195.1,195,34.7,64.2,43.8,8.857,8.873,27.966,1808,209.1,13.5,207.116,2020-10-16 2:37,20.3,19.6
2020-10-16 3:51,Extruder 1,20-A-477,90310-000065080004,7050 0% 065T 800W BK N/T,58838,1251,1250,500,2020-10-16 3:51,178,188.1,190,190.1,184.6,189.7,195,195.1,194.9,195,195.6,200.1,210.1,210,209.8,199.9,195.1,195,195,34.3,63.5,43.7,8.848,8.842,27.984,1829,209,13.2,206.95,2020-10-16 2:37,20.4,19.6
2020-10-16 3:24,Extruder 1,20-A-477,90310-000065080004,7050 0% 065T 800W BK N/T,58838,1251,1250,250,2020-10-16 3:24,177.9,187.9,190.1,190.1,185.2,190.8,195.1,195,195.1,195,195.3,200,210,210.1,210,200.1,195,195,195,34.5,64,44,8.853,8.835,27.982,1810,209.3,13.8,203.107,2020-10-16 2:37,20.3,19.7
2020-10-16 2:55,Extruder 1,20-A-476,90310-000065080004,7050 0% 065T 800W BK N/T,58838,1251,1250,1000,2020-10-16 2:55,178,188,189.7,189.6,184.9,190.7,195.1,195.2,195,195,195.3,200,210,210,210,200,195,195,194.9,35.2,64.6,45.7,8.844,8.84,27.989,1814,209.1,13.8,207.472,2020-10-16 0:40,20.3,19.7
2020-10-16 1:59,Extruder 1,20-A-476,90310-000065080004,7050 0% 065T 800W BK N/T,58838,1251,1250,500,2020-10-16 1:59,176.8,188,189.6,190.3,184.9,190.4,195.2,195,195,195,195.4,200.1,210,210.1,210,199.9,195,195.1,195.1,34.7,63.9,46.4,8.7,8.714,27.984,1805,209.3,13.7,206.38,2020-10-16 0:40,20.3,19.7
2020-10-16 1:31,Extruder 1,20-A-476,90310-000065080004,7050 0% 065T 800W BK N/T,58838,1251,1250,250,2020-10-16 1:31,177.9,188,190.1,190.5,184.7,190.4,195.3,195,195,194.9,195.3,200.3,210.1,210.1,210.1,200,195,195,194.9,34.5,63.9,46.9,8.696,8.688,27.995,1819,209,13.9,203.012,2020-10-16 0:40,20.4,19.8
2020-10-16 0:11,Extruder 1,20-A-475,90310-000065080004,7050 0% 065T 800W BK N/T,58838,1251,1250,1000,2020-10-16 0:11,178.5,187.9,190.2,189.8,185.1,190.2,195,195,195,195.1,195.4,200,210,210,210,200,195,194.9,194.9,34.6,64.3,45.8,15.999,16.002,26.538,1779,208.7,13.1,202.917,2020-10-15 21:52,20.4,19.7
2020-10-15 23:12,Extruder 1,20-A-475,90310-000065080004,7050 0% 065T 800W BK N/T,58838,1251,1250,500,2020-10-15 23:12,177.8,188,190.4,190,185.2,189.1,194.9,195,195.3,195,194.7,199.9,209.8,210,209.9,199.8,195,195,195,34.7,63.9,45.7,8.299,8.298,26.579,1791,208.8,13.1,203.676,2020-10-15 21:52,20.7,19.8
2020-10-15 22:43,Extruder 1,20-A-475,90310-000065080004,7050 0% 065T 800W BK N/T,58838,2167,1250,250,2020-10-15 22:43,178.2,188,190.2,190,185.1,190.4,195,195,194.9,195,194.6,200.1,210.2,210,210,200,195,195,195,34.6,64.4,44.8,8.299,8.28,26.558,1790,209,13.3,201.21,2020-10-15 21:52,20.6,19.6
2020-10-15 22:13,Extruder 1,20-A-474,90310-000065080004,7050 0% 065T 800W BK N/T,58838,2167,1250,1000,2020-10-15 22:13,177.6,188,190.5,190.1,185,188.7,194.9,195.1,195,195,194.9,200,209.9,210,210,200.1,195,195,195,34.9,64.9,44.6,8.297,8.308,26.549,1806,208.4,12.5,204.08,2020-10-15 19:56,20.9,19.7
2020-10-15 21:14,Extruder 1,20-A-474,90310-000065080004,7050 0% 065T 800W BK N/T,58838,2167,1250,500,2020-10-15 21:14,178.3,188,190.5,190.4,185,190.1,195,195,195,195,194.4,200,209.9,210,210,199.9,194.9,195,195,35,64.9,44.6,8.301,8.29,26.524,1793,208.7,12.7,201.281,2020-10-15 19:56,20.9,19.7
2020-10-15 20:44,Extruder 1,20-A-474,90310-000065080004,7050 0% 065T 800W BK N/T,58838,2167,1250,250,2020-10-15 20:44,178,188,190.1,190.6,184.9,189.1,195,195.1,195,194.9,195.1,200.1,210,210,210,200,195,195,195,35.2,64.9,46.2,8.295,8.305,26.515,1786,208.6,14,202.419,2020-10-15 19:56,21.1,19.8
2020-10-15 20:14,Extruder 1,20-A-473,90310-000065080004,7050 0% 065T 800W BK N/T,58838,2167,1250,1000,2020-10-15 20:14,178.2,187.9,190.1,190.4,185,191.1,195,195.2,195,195,195.2,200,210,210,210,199.9,195,195,195,35.2,65.1,48,8.301,8.29,26.535,1783,208.9,13.1,198.529,2020-10-15 15:56,21.2,20
2020-10-15 19:15,Extruder 1,20-A-473,90310-000065080004,7050 0% 065T 800W BK N/T,58838,2167,1250,500,2020-10-15 19:15,178.4,187.9,189.9,190,185,190.1,195,194.9,195,195,195,200,210,210,209.9,200.1,195.1,195,195,35,65.3,47.3,8.301,8.323,26.558,1780,208.8,12.7,207.139,2020-10-15 15:56,21,19.9
2020-10-15 18:46,Extruder 1,20-A-473,90310-000065080004,7050 0% 065T 800W BK N/T,58838,2167,1250,250,2020-10-15 18:46,177.5,188,189.6,190.7,184.9,190.7,195.2,195.2,195,195,195.3,200,210.1,210,210.1,200,195,195,194.9,34.7,65.1,46.9,8.399,8.416,26.362,1770,209,13.4,199.36,2020-10-15 15:56,21,19.9
2020-10-15 18:12,Extruder 1,20-A-473,90310-000065080004,7050 0% 065T 800W BK N/T,58838,2167,1250,500,2020-10-15 18:12,178.1,187.9,189.5,190.8,184.9,191,195.3,195.2,195.1,195,195.3,200.2,210.2,210.1,210.1,199.9,195,195,195,35.1,64.9,44.8,8.492,8.499,26.312,1778,208.8,13.2,200.403,2020-10-15 15:56,21.1,20.1
2020-10-15 17:44,Extruder 1,20-A-473,90310-000065080004,7050 0% 065T 800W BK N/T,58838,2167,1250,250,2020-10-15 17:44,176,188,189.4,190,184.3,191.1,195.4,194.7,195.4,195,195.5,200.4,210.3,210.2,210.3,200.2,195,195.1,195,34.9,64.8,44.5,8.596,8.608,26.257,1805,208.3,14.3,199.312,2020-10-15 15:56,20.9,20.4
2020-10-15 14:46,Extruder 1,20-A-472,90310-000065060004,7050 0% 065T 600W BK N/T,58588,1793,1250,500,2020-10-15 14:46,177.9,188,190,189.7,185.1,190.3,195,194.8,195,195.1,195,200,209.8,210,209.8,200,195.1,195.1,195,34.7,64,46.3,9.305,9.311,23.349,1798,207.9,14.3,190.844,2020-10-15 13:31,20.9,19.9
2020-10-15 14:19,Extruder 1,20-A-472,90310-000065060004,7050 0% 065T 600W BK N/T,58588,1793,1250,250,2020-10-15 14:19,178.5,188,190,189.5,185,190.6,195,194.6,194.9,194.9,194.8,200.2,210,210,210,200,195,195,195,34.6,64.3,45.5,9.3,9.266,23.353,1784,207.9,12.7,192.861,2020-10-15 13:31,21.1,20.2
2020-10-15 13:52,Extruder 1,20-A-471,90310-000065060004,7050 0% 065T 600W BK N/T,58588,1793,1250,1000,2020-10-15 13:52,178.1,187.8,190.1,190.1,185,190.1,194.9,194.6,194.9,194.9,194.7,200,210,209.9,209.9,199.9,195,195,195,34.6,64.2,47.9,9.298,9.307,23.481,1791,208,14.1,190.085,2020-10-15 11:46,21,20
2020-10-15 12:59,Extruder 1,20-A-471,90310-000065060004,7050 0% 065T 600W BK N/T,58588,1793,1250,500,2020-10-15 12:59,178,187.9,190,190.4,185,189.9,195,195.5,195,195,195,199.9,209.9,210,209.9,199.9,194.9,195,194.9,34.6,64.4,47.5,9.302,9.297,23.405,1798,208.1,13.8,194.284,2020-10-15 11:46,21.2,20.1
2020-10-15 12:33,Extruder 1,20-A-471,90310-000065060004,7050 0% 065T 600W BK N/T,58588,1793,1250,250,2020-10-15 12:33,178.1,188,190,189.6,184.9,190.1,195,194.6,195,195,195.4,200,210,210,210.1,199.9,195.1,195,195,34.9,64.7,44.7,9.302,9.303,23.442,1786,208.2,12.8,196.94,2020-10-15 11:46,21.6,20.4
2020-10-15 12:05,Extruder 1,20-A-470,90310-000065060004,7050 0% 065T 600W BK N/T,58588,1793,1250,1000,2020-10-15 12:05,178.2,188,189.9,190.2,185,190.5,195,195.1,195,195,194.6,200,210,210,210.1,200.1,195,195.1,195,35,64.9,47.1,9.3,9.297,23.515,1796,208.1,13.5,196.134,2020-10-15 9:58,21.8,20.6
2020-10-15 11:13,Extruder 1,20-A-470,90310-000065060004,7050 0% 065T 600W BK N/T,58588,1793,1250,500,2020-10-15 11:13,178,188.1,189.9,189.6,185.1,189.8,195,195.3,195,194.9,194.9,200.1,210,210,210.1,200.1,195,195,195,35.6,65.6,46.7,9.305,9.269,23.528,1817,207.7,13.3,195.565,2020-10-15 9:58,22.6,21.1
2020-10-15 10:46,Extruder 1,20-A-470,90310-000065060004,7050 0% 065T 600W BK N/T,58588,1793,1250,250,2020-10-15 10:46,177.7,188.1,190,190.2,184.9,188.4,195,194.8,195,195,195.1,199.9,210,210.1,210,200,195,194.9,194.9,35.2,65.9,46.8,9.293,9.279,23.508,1813,207.6,13.7,198.031,2020-10-15 9:58,22.7,21.2
2020-10-15 10:19,Extruder 1,20-A-469,90310-000065060004,7050 0% 065T 600W BK N/T,58588,1793,1250,1000,2020-10-15 10:19,178.3,188,189.9,190.4,184.9,191.4,195.1,194.9,195.2,195,194.8,200,210,210.1,210,200,195,195,195,35.3,65.3,45.2,9.295,9.303,23.522,1817,207.9,14.1,193.359,2020-10-15 8:12,22.7,21.2
2020-10-15 9:26,Extruder 1,20-A-469,90310-000065060004,7050 0% 065T 600W BK N/T,58588,1793,1250,500,2020-10-15 9:26,178.1,188.1,190,189.9,185,187.8,195.1,195,195,194.9,195.2,200,210,210,209.9,200,195.1,195,195,35.5,65.4,45.2,9.3,9.281,23.46,1820,207.7,14.1,192.955,2020-10-15 8:12,22.8,21.2
2020-10-15 8:59,Extruder 1,20-A-469,90310-000065060004,7050 0% 065T 600W BK N/T,58588,1793,1250,250,2020-10-15 8:59,177.9,187.9,190.1,189.9,185,192.8,194.8,195.2,195,195,195.6,199.9,209.9,210,209.9,199.9,195,195.1,194.9,35.5,65.6,47.7,9.302,9.289,23.444,1805,207.9,13.5,194.307,2020-10-15 8:12,22.8,21.3
2020-10-15 8:32,Extruder 1,20-A-468,90310-000065060004,7050 0% 065T 600W BK N/T,58588,1793,1250,1000,2020-10-15 8:32,178.1,188.1,190,189.9,185,187.5,195,195.1,195,195,195.4,200,210,210,210,199.9,195.1,194.9,195,35.6,65.6,46.5,9.305,9.289,23.431,1829,207.7,13.8,197.581,2020-10-15 6:26,22.7,21.2
2020-10-15 7:39,Extruder 1,20-A-468,90310-000065060004,7050 0% 065T 600W BK N/T,58588,1793,1250,500,2020-10-15 7:39,177.8,188,190,189.9,184.9,186.6,195,195.1,194.9,194.9,194.5,199.8,209.9,209.9,209.9,199.8,195,194.9,194.9,35.2,65.9,48.5,9.295,9.309,23.478,1826,207.7,14.1,199.478,2020-10-15 6:26,22.9,21.2
2020-10-15 7:13,Extruder 1,20-A-468,90310-000065060004,7050 0% 065T 600W BK N/T,58588,1793,1250,250,2020-10-15 7:13,178.2,188.1,189.9,190.1,185,195.8,195,195,195,195.1,195,200.1,210,210,210,200.1,194.8,195,195.1,35.2,65.8,45.7,9.293,9.301,23.485,1799,208.3,13.5,193.857,2020-10-15 6:26,23,21.2
2020-10-15 6:46,Extruder 1,20-A-467,90310-000065060004,7050 0% 065T 600W BK N/T,58588,1251,1250,1000,2020-10-15 6:46,177.8,188,190,190.4,185,183.1,195.1,194.9,195.1,195,195.5,200.1,210.1,210.1,210.1,200,195.1,195,195,35.2,65.5,48,9.305,9.281,23.412,1825,207.8,13.5,198.174,2020-10-15 4:40,23,21.3
2020-10-15 5:53,Extruder 1,20-A-467,90310-000065060004,7050 0% 065T 600W BK N/T,58588,1251,1250,500,2020-10-15 5:53,177.9,187.9,189.9,190.1,184.9,185.6,195.1,194.9,194.9,195,195.2,200,210.1,210,209.9,199.9,195,195,195,35.3,65.6,47.2,9.295,9.263,23.442,1795,207.9,13.5,197.723,2020-10-15 4:40,23,21.2
2020-10-15 5:27,Extruder 1,20-A-467,90310-000065060004,7050 0% 065T 600W BK N/T,58588,1251,1250,250,2020-10-15 5:27,177.7,188,190.1,190.1,185,190.6,195.2,195,195,195,194.8,200,210,210,210.1,200.1,194.9,195,195,35.5,65.7,45.9,9.302,9.281,23.428,1790,207.8,13.7,193.999,2020-10-15 4:40,23,21.1
2020-10-15 5:00,Extruder 1,20-A-466,90310-000065060004,7050 0% 065T 600W BK N/T,58588,1251,1250,1000,2020-10-15 5:00,178,188,189.9,189.6,185,190.7,195,194.8,195.1,195,195.4,199.9,210,210,210,200,195,195,195,35.6,65.9,46.2,9.298,9.291,23.428,1784,208,13.5,195.09,2020-10-15 2:53,22.9,21.2
2020-10-15 4:07,Extruder 1,20-A-466,90310-000065060004,7050 0% 065T 600W BK N/T,58588,1251,1250,500,2020-10-15 4:07,178.1,187.9,190,189.9,185.1,194.5,194.9,195.4,195.1,195,194.6,200.1,210.1,210.1,210.1,200.1,195,195.1,195.1,35.6,65.5,45.5,9.3,9.283,23.472,1772,208.2,13.7,193.904,2020-10-15 2:53,23,21.2
2020-10-15 3:41,Extruder 1,20-A-466,90310-000065060004,7050 0% 065T 600W BK N/T,58588,1251,1250,250,2020-10-15 3:41,177.5,188,190,190,184.9,187.6,194.9,194.9,194.8,194.9,194.7,200,209.9,209.9,210,200,195,195,195,35.6,65.6,48.2,9.305,9.299,23.446,1783,207.7,13.5,195.493,2020-10-15 2:53,22.7,21.1
2020-10-15 3:14,Extruder 1,20-A-465,90310-000065060004,7050 0% 065T 600W BK N/T,58588,1251,1250,1000,2020-10-15 3:14,178.4,187.8,190.1,190,185.2,195.5,195,195.3,195,195,195.6,200,210,209.9,210,199.9,194.9,195,195.1,35.5,65.4,45.3,9.302,9.319,23.487,1768,208.3,13.8,195.351,2020-10-15 1:08,23.1,21.2
2020-10-15 2:21,Extruder 1,20-A-465,90310-000065060004,7050 0% 065T 600W BK N/T,58588,1251,1250,500,2020-10-15 2:21,178.2,187.8,189.9,190.1,185.2,194.2,195,195,195,195,194.9,199.9,209.9,209.9,209.9,199.9,194.8,195.1,195,35.7,65.8,48.9,9.298,9.287,23.51,1767,208,14.5,195.778,2020-10-15 1:08,23.2,21.3
2020-10-15 1:54,Extruder 1,20-A-465,90310-000065060004,7050 0% 065T 600W BK N/T,58588,1251,1250,250,2020-10-15 1:54,178,187.9,190,189.9,185,186.2,195,195.1,195,195,195.2,200,210,210,210.1,200.1,195,195,195.1,35.6,65.6,45.7,9.302,9.309,23.456,1773,207.7,13.4,192.244,2020-10-15 1:08,23.1,21.2
2020-10-15 1:28,Extruder 1,20-A-464,90310-000065060004,7050 0% 065T 600W BK N/T,58588,1251,1250,1000,2020-10-15 1:28,177.9,188,189.9,189.9,185.1,189.3,195,194.8,195,195.1,195,200,210,210,210,199.9,195,195,195,35.4,65.6,48.6,9.293,9.277,23.417,1771,207.8,13.5,191.082,2020-10-14 23:21,23.2,21.3
2020-10-15 0:35,Extruder 1,20-A-464,90310-000065060004,7050 0% 065T 600W BK N/T,58588,1251,1250,500,2020-10-15 0:35,178.1,188,189.9,190.2,184.9,186.5,195.2,194.5,195,195,195.2,200,210,210,209.9,199.9,195,195,195,35.2,65.4,47.5,9.305,9.311,23.433,1763,207.7,13.4,196.584,2020-10-14 23:21,23,21.2
2020-10-15 0:08,Extruder 1,20-A-464,90310-000065060004,7050 0% 065T 600W BK N/T,58588,1251,1250,250,2020-10-15 0:08,177.7,187.9,190,190,185,195.4,194.9,195.5,194.9,194.9,194.8,199.9,209.8,209.9,210,200,194.9,195,195,35.4,65.6,45.5,9.298,9.289,23.467,1767,208,13.8,198.648,2020-10-14 23:21,23,21.3
2020-10-14 23:42,Extruder 1,20-A-463,90310-000065060004,7050 0% 065T 600W BK N/T,58588,1251,1250,1000,2020-10-14 23:42,177.7,188.1,189.9,189.8,184.9,184.2,195.1,194.7,195.1,195,195.1,200,210.1,210.1,210.2,200.1,195,195,195.1,35.5,65.6,46.4,9.298,9.311,23.902,1770,207.8,13.7,194.497,2020-10-14 21:35,23.2,21.3
2020-10-14 22:49,Extruder 1,20-A-463,90310-000065060004,7050 0% 065T 600W BK N/T,58588,2167,1250,500,2020-10-14 22:49,178,187.9,190,189.9,184.9,186.3,194.9,195.4,195,195,195.1,200.1,210,210,210,200.2,195,195,195,35.8,65.7,45.4,9.298,9.345,23.904,1770,207.8,13.1,190.536,2020-10-14 21:35,23.1,20.9
2020-10-14 22:23,Extruder 1,20-A-463,90310-000065060004,7050 0% 065T 600W BK N/T,58588,2167,1250,250,2020-10-14 22:23,177.7,188,189.9,190,185,189.9,195,194.6,195.1,195,195,200.1,210,209.9,210.1,200,195,195,195,35.7,66,47.4,9.3,9.289,23.747,1767,207.7,13.7,192.908,2020-10-14 21:35,23,20.9
2020-10-14 21:56,Extruder 1,20-A-462,90310-000065060004,7050 0% 065T 600W BK N/T,58588,2167,1250,1000,2020-10-14 21:56,178.3,187.9,189.9,190,185,191.1,195.1,195.1,195,195,194.9,200,210,210,210,200,195,195.1,195,35.9,66.2,46.9,9.3,9.299,23.87,1756,208.3,14.4,196.49,2020-10-14 19:49,23,21.1
2020-10-14 21:03,Extruder 1,20-A-462,90310-000065060004,7050 0% 065T 600W BK N/T,58588,2167,1250,500,2020-10-14 21:03,177.7,187.9,189.7,190,184.9,194.2,195,195.3,195,195,195,200.1,210.3,210.1,210.3,200.1,195,195,195,35.5,66.3,49,9.293,9.293,23.836,1742,208.3,13.5,188.639,2020-10-14 19:49,23.1,20.9
2020-10-14 20:37,Extruder 1,20-A-462,90310-000065060004,7050 0% 065T 600W BK N/T,58588,2167,1250,250,2020-10-14 20:37,177.2,187.8,189.9,189.8,184.6,186.1,195.1,194.7,195.1,195.1,195.1,200.1,210.1,210,210.2,200.1,195,195,195,35.5,66.4,45.4,9.305,9.339,23.756,1748,207.5,13.8,189.54,2020-10-14 19:49,23,21.2
2020-10-14 19:54,Extruder 1,20-A-461,90310-000065060004,7050 0% 065T 600W BK N/T,58588,2167,1250,1000,2020-10-14 19:54,178.1,188,189.9,190.1,185.1,190.1,195,194.7,195,195,195,200.1,210.1,210.1,210.1,200.1,195.1,195,195.1,35.3,66.2,46.4,13,13.019,23.786,1741,208.4,13.1,193.027,2020-10-14 17:52,23.1,21.1
2020-10-14 19:02,Extruder 1,20-A-461,90310-000065060004,7050 0% 065T 600W BK N/T,58588,2167,1250,500,2020-10-14 19:02,177.9,188.1,190,190,185,189.4,195,194.7,195,195,194.9,199.9,209.9,210,209.9,199.9,195,195,195.1,35.8,66.2,46,9.3,9.291,23.859,1758,207.8,13.7,194.758,2020-10-14 17:52,23,21.2
2020-10-14 18:36,Extruder 1,20-A-461,90310-000065060004,7050 0% 065T 600W BK N/T,58588,2167,1250,250,2020-10-14 18:36,178,188,190,189.9,184.9,190.7,195,195.2,195.1,195,194.6,200,209.9,210,210,200,195,195,195,35.4,66.3,49,9.3,9.289,23.834,1748,207.9,13.7,192.457,2020-10-14 17:52,23,21.1
2020-10-14 18:09,Extruder 1,20-A-460,90310-000065060004,7050 0% 065T 600W BK N/T,58588,2167,1250,1000,2020-10-14 18:09,178.1,188,189.9,190,184.9,191.4,194.9,195.2,195,195,195.1,200,209.9,210,209.9,200,195,194.9,195,35.3,66.1,45.4,9.298,9.281,23.861,1750,207.9,13.5,192.149,2020-10-14 16:03,23,21.3
2020-10-14 17:16,Extruder 1,20-A-460,90310-000065060004,7050 0% 065T 600W BK N/T,58588,2167,1250,500,2020-10-14 17:16,178,188,190,190.1,184.8,189.2,195.2,195.2,195.2,195,195,200.1,210.1,210.1,210.2,200,195,195,195,35.5,66,45.4,9.298,9.281,23.822,1769,207.9,13.5,199.075,2020-10-14 16:03,22.7,20.9
2020-10-14 16:50,Extruder 1,20-A-460,90310-000065060004,7050 0% 065T 600W BK N/T,58588,2167,1250,250,2020-10-14 16:50,178,188,190,190,184.9,192,195.1,194.6,195.1,195,195,200.1,210.1,210,209.9,199.9,195.1,195,195,35.7,66.3,47.3,9.298,9.299,23.877,1740,208.1,13.3,195.754,2020-10-14 16:03,22.5,20.9
2020-10-14 16:23,Extruder 1,20-A-459,90310-000065060004,7050 0% 065T 600W BK N/T,58588,2167,1250,1000,2020-10-14 16:23,177.6,187.9,190,190,185.2,192,194.8,195.2,195,195,195,199.9,209.9,210,209.9,199.9,194.9,195,195,35.3,65.5,46.3,9.302,9.279,23.85,1744,208,14.1,190.085,2020-10-14 14:18,22.3,20.7
2020-10-14 15:30,Extruder 1,20-A-459,90310-000065060004,7050 0% 065T 600W BK N/T,58588,2167,1250,500,2020-10-14 15:30,177.9,188.1,190.1,190.1,185,190.9,195.1,195,194.9,195,195,200,210,210,210,200,195,195,195,35.3,65.7,48,9.291,9.317,23.781,1747,208.3,14.3,191.627,2020-10-14 14:18,22.1,20.6
2020-10-14 15:04,Extruder 1,20-A-459,90310-000065060004,7050 0% 065T 600W BK N/T,58588,2167,1250,250,2020-10-14 15:04,178,188,190,189.9,185,189.7,195,195.5,194.9,195,195.3,200.1,210,209.9,209.9,200.2,194.9,195,195,35.3,65.5,45.7,9.298,9.291,23.886,1726,208.2,13.5,189.516,2020-10-14 14:18,22,20.6
2020-10-14 14:37,Extruder 1,20-A-458,90310-000065060004,7050 0% 065T 600W BK N/T,58588,1580,1250,1000,2020-10-14 14:37,177.7,188,189.9,189.9,185,188.5,195,194.6,195.1,195.1,195.3,200.2,210,210,210.1,200,195,195,195,35.1,65,48.3,9.3,9.289,23.806,1745,207.9,13.8,195.968,2020-10-14 12:28,22.1,20.9
2020-10-14 13:44,Extruder 1,20-A-458,90310-000065060004,7050 0% 065T 600W BK N/T,58588,1580,1250,500,2020-10-14 13:44,177.5,187.8,190.2,189.8,184.9,186.9,195,195.7,195,195,195,200,210.2,210,210.1,200.1,195.1,194.9,195,35.1,64.9,48.3,9.3,9.309,23.793,1732,208,12.8,192.291,2020-10-14 12:28,21.8,20.5
2020-10-14 13:17,Extruder 1,20-A-458,90310-000065060004,7050 0% 065T 600W BK N/T,58588,1580,1250,250,2020-10-14 13:17,177.5,187.8,190.5,189.8,184.7,192.1,195,194.9,194.9,195,194.9,200,210,210,210.1,200,195,195,195.1,35.2,64.7,44.8,9.298,9.303,23.9,1725,208,14.1,194.924,2020-10-14 12:28,21.5,20.6
2020-10-14 12:37,Extruder 1,20-A-457,90310-000065060004,7050 0% 065T 600W BK N/T,58588,1580,1250,1000,2020-10-14 12:37,178.1,188,190,189.9,185.2,191.1,195,195.5,194.9,195,195.1,200.1,210,209.9,210,199.9,195,195,195,34.7,64.8,47.8,9.298,9.327,19.938,1621,207.9,12.8,183.207,2020-10-14 10:31,21.8,20.6
2020-10-14 11:44,Extruder 1,20-A-457,90310-000065060004,7050 0% 065T 600W BK N/T,58588,1580,1250,500,2020-10-14 11:44,177.8,188.1,190,190.1,185,189.3,195.2,195,195,195,194.8,200.1,210.1,210.1,210.1,199.9,195,195,195,34.8,64.7,47.7,9.305,9.307,23.754,1729,207.8,12.7,192.078,2020-10-14 10:31,21.5,20.3
2020-10-14 11:17,Extruder 1,20-A-457,90310-000065060004,7050 0% 065T 600W BK N/T,58588,1580,1250,250,2020-10-14 11:17,177.9,188,190,190,184.9,189.9,195,195.4,195,194.9,195.2,199.9,210.1,210,210.1,200,195,195,195,35.2,64.9,44.6,9.302,9.301,23.733,1729,207.9,13.8,193.88,2020-10-14 10:31,21.5,20.4
2020-10-14 10:51,Extruder 1,20-A-456,90310-000065060004,7050 0% 065T 600W BK N/T,58588,1580,1250,1000,2020-10-14 10:51,178.1,188.1,189.9,190,184.9,191.8,195,195.3,194.9,195,194.8,199.9,209.8,209.9,209.9,199.9,195,195,195,34.8,64.2,47.3,9.302,9.293,23.786,1715,208,12.7,191.058,2020-10-14 8:46,21.4,20.4
2020-10-14 9:58,Extruder 1,20-A-456,90310-000065060004,7050 0% 065T 600W BK N/T,58588,1580,1250,500,2020-10-14 9:58,178.3,188,189.9,189.9,184.9,187.3,195,194.9,195,194.9,195.2,200,210.1,210,210,200.1,195,195,195,34.6,64.6,47.5,9.302,9.289,23.779,1722,207.8,12.6,191.746,2020-10-14 8:46,21.6,20.4
2020-10-14 9:31,Extruder 1,20-A-456,90310-000065060004,7050 0% 065T 600W BK N/T,58588,1580,1250,250,2020-10-14 9:31,178.3,188,190.1,190,185,194.2,194.8,195.1,194.8,194.9,194.7,199.9,209.9,210,209.9,200,195,195,195,34.7,64.3,44.4,9.293,9.271,23.736,1711,208.2,13.2,191.532,2020-10-14 8:46,21.3,20.3
2020-10-14 9:04,Extruder 1,20-A-455,90310-000065060004,7050 0% 065T 600W BK N/T,58588,1580,1250,1000,2020-10-14 9:04,177.8,188,190,189.9,184.9,184.8,195.1,195,194.9,195,195,200.1,210,210,209.9,200.1,195,195,195,34.8,64.1,47.1,9.293,9.319,23.806,1725,207.8,12.9,192.268,2020-10-14 6:59,21.1,20.2
2020-10-14 8:11,Extruder 1,20-A-455,90310-000065060004,7050 0% 065T 600W BK N/T,58588,1580,1250,500,2020-10-14 8:11,178,187.8,190.1,189.9,184.8,184.9,195,195,194.8,194.9,194.7,199.9,209.9,210,209.9,199.9,195.1,195,195.1,34.3,63.9,46.6,9.293,9.307,23.754,1706,207.9,13.5,196.276,2020-10-14 6:59,20.8,20
2020-10-14 7:45,Extruder 1,20-A-455,90310-000065060004,7050 0% 065T 600W BK N/T,58588,1580,1250,250,2020-10-14 7:45,177.7,187.9,190.1,189.9,185,192.2,195,194.8,195.1,195,195,199.9,210,210,210,199.9,195,195,195,34.5,63.7,43.7,9.305,9.299,23.743,1713,208,12.4,192.054,2020-10-14 6:59,20.9,19.9
2020-10-14 7:18,Extruder 1,20-A-454,90310-000065060004,7050 0% 065T 600W BK N/T,58588,1580,1250,1000,2020-10-14 7:18,178,188,190.1,190,184.9,191.1,195.1,195.1,195.1,195,194.5,200,209.9,210.1,210,200.1,195,195,195.1,34.6,63.6,46.2,9.298,9.303,23.713,1705,208.3,13.3,193.24,2020-10-14 5:11,20.8,19.9
2020-10-14 6:25,Extruder 1,20-A-454,90310-000065060004,7050 0% 065T 600W BK N/T,58588,1251,1250,500,2020-10-14 6:25,177.8,187.9,189.9,190.1,185.2,195.2,195.1,195,194.9,195,195.3,200,209.9,210,209.9,200,195,195,195,34.6,64,46.2,9.305,9.289,23.786,1705,208.4,12.9,190.394,2020-10-14 5:11,21.2,20.2
2020-10-14 5:59,Extruder 1,20-A-454,90310-000065060004,7050 0% 065T 600W BK N/T,58588,1251,1250,250,2020-10-14 5:59,177.7,187.8,190,190,184.9,184.7,195.1,195,195,195,195.1,199.9,210,210,210,200.1,195,195,194.9,34.6,64.1,44.3,9.302,9.327,23.747,1726,207.8,13.7,188.662,2020-10-14 5:11,21.3,20.3
2020-10-14 5:30,Extruder 1,20-A-453,90310-000065060004,7050 0% 065T 600W BK N/T,58588,1251,1250,1000,2020-10-14 5:30,178,188,190.2,189.9,185.1,189.7,195,195.2,194.9,195,195.1,200.1,210,210,210,199.9,195,194.9,194.9,35.1,64.3,45,9.3,9.301,23.74,1727,207.9,13.2,193.738,2020-10-14 3:27,21.5,20.3
2020-10-14 4:37,Extruder 1,20-A-453,90310-000065060004,7050 0% 065T 600W BK N/T,58588,1251,1250,500,2020-10-14 4:37,178,188.1,189.9,190,184.9,188.6,194.9,195,195,195.1,194.7,200,210,210.1,210,200,195,194.9,194.9,34.6,64.2,44.9,9.298,9.299,23.79,1719,207.9,13.6,196.964,2020-10-14 3:27,21.6,20.4
2020-10-14 4:11,Extruder 1,20-A-453,90310-000065060004,7050 0% 065T 600W BK N/T,58588,1251,1250,250,2020-10-14 4:11,178.3,188,190,190.1,185.1,194.5,195,194.9,194.9,195.1,195.2,200,210,210,210,199.9,195,195,195,34.7,64.6,48,9.305,9.273,23.745,1708,208.4,13.3,192.813,2020-10-14 3:27,21.6,20.4
2020-10-14 3:45,Extruder 1,20-A-452,90310-000065060004,7050 0% 065T 600W BK N/T,58588,1251,1250,1000,2020-10-14 3:45,178.1,188.1,190,190,185,185.7,195,195,195,195,194.5,199.9,210.1,210,209.9,200,195,195.1,195,34.7,64.6,44.7,9.305,9.321,23.699,1715,207.9,13.3,193.928,2020-10-14 1:43,21.7,20.5
2020-10-14 2:52,Extruder 1,20-A-452,90310-000065060004,7050 0% 065T 600W BK N/T,58588,1251,1250,500,2020-10-14 2:52,178,187.9,190,189.9,184.7,184.7,195,195.1,195.1,195.1,195.3,200.1,210,210,210,200,195,195,195,35,64.1,44.3,9.295,9.266,23.772,1718,208,13.2,193.62,2020-10-14 1:43,21.6,20.5
2020-10-14 2:25,Extruder 1,20-A-452,90310-000065060004,7050 0% 065T 600W BK N/T,58588,1251,1250,250,2020-10-14 2:25,177.8,188.1,190,190.1,185.1,193.1,195,195.2,195.1,195,195.4,200,210,210,210.2,200.1,195,195,195,35,64.1,47.4,9.305,9.331,23.745,1699,208.2,13,188.283,2020-10-14 1:43,21.6,20.5
2020-10-14 1:59,Extruder 1,20-A-451,90310-000065060004,7050 0% 065T 600W BK N/T,58588,1251,1250,1000,2020-10-14 1:59,178.5,187.9,190.1,190.1,185,189.8,195.1,194.7,195,195,195,200.1,210.1,210,210.1,200,195,195,195.1,35,64.3,44.3,9.305,9.311,23.718,1701,208.2,13.8,197.296,2020-10-13 23:51,21.7,20.4
2020-10-14 1:06,Extruder 1,20-A-451,90310-000065060004,7050 0% 065T 600W BK N/T,58588,1251,1250,500,2020-10-14 1:06,178.1,188.1,190.1,190,185.1,195.3,194.9,195.3,194.9,195,195.3,199.9,210,209.9,210,200,195,194.9,195,34.9,64.9,44.6,9.293,9.277,23.715,1701,208.3,13.6,192.268,2020-10-13 23:51,22.1,20.8
2020-10-14 0:39,Extruder 1,20-A-451,90310-000065060004,7050 0% 065T 600W BK N/T,58588,1251,1250,250,2020-10-14 0:39,178,188,190.1,190,184.8,184.5,194.9,195.2,195.1,195,195.3,200,210,210,210,200.1,195,195,195,35.2,65,47.6,9.305,9.303,23.722,1705,207.8,13,193.904,2020-10-13 23:51,22.1,20.7
2020-10-14 0:05,Extruder 1,20-A-450,90310-000065060004,7050 0% 065T 600W BK N/T,58588,1251,1250,1000,2020-10-14 0:05,178.2,188,189.9,190.1,184.9,185.5,195.1,195.1,195,195,195.1,200,210,210,210,200,195.1,195.1,195.1,35.1,64.9,45.7,9.3,9.301,23.768,1706,208,13,190.417,2020-10-13 22:00,22.1,20.9
2020-10-13 23:12,Extruder 1,20-A-450,90310-000065060004,7050 0% 065T 600W BK N/T,58588,1251,1250,500,2020-10-13 23:12,178,188,189.8,190.1,184.9,187.1,195.2,195,195,195,194.5,199.9,209.8,209.9,209.8,199.9,195,195,195,35.2,64.6,45.6,9.302,9.287,23.745,1696,208.2,13.1,191.912,2020-10-13 22:00,22.1,20.7
2020-10-13 22:46,Extruder 1,20-A-450,90310-000065060004,7050 0% 065T 600W BK N/T,58588,2167,1250,250,2020-10-13 22:46,178,187.9,189.9,189.9,185.1,191.7,195.1,195.1,195.1,195.1,195,200,210.1,210,210,200.1,195,195,195,35.1,65.5,48,9.305,9.307,23.697,1707,208.2,14.4,195.707,2020-10-13 22:00,22,20.6
2020-10-13 22:19,Extruder 1,20-A-449,90310-000065060004,7050 0% 065T 600W BK N/T,58588,2167,1250,1000,2020-10-13 22:19,178,187.9,190,190,184.9,189.5,195,195,195.1,195.1,194.9,200.1,210,210,210,200,195,195,195,35.3,65.9,45.6,9.305,9.307,23.784,1697,208.2,13.5,188.639,2020-10-13 20:13,22.2,20.7
2020-10-13 21:26,Extruder 1,20-A-449,90310-000065060004,7050 0% 065T 600W BK N/T,58588,2167,1250,500,2020-10-13 21:26,178.6,188.1,189.9,190,185,194.8,194.9,195.3,194.9,195.1,195.2,199.9,209.9,210,209.9,200,195,195,194.9,35.5,65.5,45.2,9.198,9.196,23.745,1674,208.5,14.1,193.074,2020-10-13 20:13,21.9,20.5
2020-10-13 20:59,Extruder 1,20-A-449,90310-000065060004,7050 0% 065T 600W BK N/T,58588,2167,1250,250,2020-10-13 20:59,178,188.1,189.9,190,185,185,195,194.7,195,195,195.4,200.1,210,210,210,200,195,195,195,35.3,65.5,48.1,9.206,9.211,23.72,1683,208,12.5,192.434,2020-10-13 20:13,22.2,20.7
2020-10-13 20:32,Extruder 1,20-A-448,90310-000065060004,7050 0% 065T 600W BK N/T,58588,2167,1250,1000,2020-10-13 20:32,177.9,188,190.1,190,185.1,193.8,195,195,195,194.9,195,199.9,210,210,210.1,200.1,194.9,194.9,195,35.2,65.5,45.1,9.196,9.221,23.743,1668,208.4,13.8,189.374,2020-10-13 18:17,22.2,20.7
2020-10-13 19:39,Extruder 1,20-A-448,90310-000065060004,7050 0% 065T 600W BK N/T,58588,2167,1250,500,2020-10-13 19:39,178.2,188.1,189.9,189.8,185,189.7,195.1,194.8,195,195,195,199.9,210,210.1,210,200,195,195,195,35.2,65.6,45.5,9.194,9.203,23.713,1677,208,14.1,188.615,2020-10-13 18:17,22.2,20.5
2020-10-13 19:12,Extruder 1,20-A-448,90310-000065060004,7050 0% 065T 600W BK N/T,58588,2167,1250,250,2020-10-13 19:12,177.9,187.8,190.1,190,185.1,193.3,195,195.2,195,195,195,200.1,210,210,210,200,195,195,195,35.4,65.7,46.7,9.206,9.165,23.763,1646,208.2,13.3,186.717,2020-10-13 18:17,22.3,20.8
2020-10-13 18:44,Extruder 1,20-A-447,90310-000065060004,7050 0% 065T 600W BK N/T,58588,2167,1250,1000,2020-10-13 18:44,177.7,187.9,190,190,184.9,184.5,195.1,195.2,195.1,195,195.1,199.9,210,210,210,200,195.1,195,195,35.2,65.9,48.7,9.192,9.168,23.761,1681,207.8,13.3,188.805,2020-10-13 16:24,22.5,20.9
2020-10-13 17:50,Extruder 1,20-A-447,90310-000065060004,7050 0% 065T 600W BK N/T,58588,2167,1250,500,2020-10-13 17:50,177.4,188,190,189.9,185,186.7,195,194.9,195.2,195,195.2,200,210.1,210.2,210.3,200.1,195,195,195,35.2,65.5,47.7,9.302,9.321,23.863,1671,207.6,13.1,190.228,2020-10-13 16:24,22.4,20.8
2020-10-13 17:24,Extruder 1,20-A-447,90310-000065060004,7050 0% 065T 600W BK N/T,58588,2167,1250,250,2020-10-13 17:24,177.7,188,190.2,189.9,185.9,190.8,195,195,195,195,194.5,200.2,210.2,210.3,210.3,200.1,195,195,194.9,35.6,65.5,45.4,9.298,9.289,23.788,1692,207.2,14.2,192.244,2020-10-13 16:24,22.6,20.9
2020-10-13 16:26,Extruder 1,20-A-446,90310-000065060004,7050 0% 065T 600W BK N/T,58588,2167,1250,1000,2020-10-13 16:26,177.8,187.8,189.9,190,184.9,187.1,195,194.6,194.9,195,194.5,199.9,209.9,209.9,209.8,199.8,195.1,195,194.9,35.5,65.7,46.6,11.997,11.983,23.891,1729,207.9,13.5,193.027,2020-10-13 14:21,22.6,20.7
2020-10-13 15:33,Extruder 1,20-A-446,90310-000065060004,7050 0% 065T 600W BK N/T,58588,2167,1250,500,2020-10-13 15:33,174.1,188.1,190.5,190.1,184.9,184.6,195.2,194.6,195,195,195,199.9,209.9,209.9,209.9,200,194.9,194.9,195,35.4,66.2,46.2,9.295,9.277,23.861,1747,208,13.5,186.267,2020-10-13 14:21,22.7,20.8
2020-10-13 15:07,Extruder 1,20-A-446,90310-000065060004,7050 0% 065T 600W BK N/T,58588,2167,1250,250,2020-10-13 15:07,173.5,187.8,189.8,190,185.2,195.5,195,194.9,195.1,195,195,200,210,210,210,200.1,194.9,195,195,35.6,65.8,48.7,9.302,9.307,23.856,1730,208.4,13.5,187.049,2020-10-13 14:21,22.5,20.8
2020-10-13 14:40,Extruder 1,20-A-445,90310-000065060004,7050 0% 065T 600W BK N/T,58588,1580,1250,1000,2020-10-13 14:40,178,187.8,189.5,190,185,184.2,195,195,195.2,195.1,194.5,200.1,210.1,210,210,200,195.1,195.1,195,35.3,65.4,44.9,9.302,9.281,23.866,1732,208,13.8,193.477,2020-10-13 12:35,22.4,21.1
2020-10-13 13:47,Extruder 1,20-A-445,90310-000065060004,7050 0% 065T 600W BK N/T,58588,1580,1250,500,2020-10-13 13:47,184.4,188.2,189.9,190,185,191.6,195,195.3,194.9,195,195,200,210,210,210,199.9,195,195,195.1,34.9,65.3,44.9,9.305,9.319,23.822,1725,208.4,13.6,190.228,2020-10-13 12:35,22.2,20.8
2020-10-13 13:21,Extruder 1,20-A-445,90310-000065060004,7050 0% 065T 600W BK N/T,58588,1580,1250,250,2020-10-13 13:21,176.5,188.2,190.4,189.9,185,186.6,195.1,195.5,195.1,195,195.1,200,210,210,210,200,195.2,195,195.1,34.9,65.1,46.7,9.307,9.309,23.879,1725,208.1,13.5,187.405,2020-10-13 12:35,21.9,20.5
2020-10-13 12:14,Extruder 1,20-A-444,90310-000065060004,7050 0% 065T 600W BK N/T,58588,1580,1250,500,2020-10-13 12:14,174.8,187.8,189.8,190.1,185,185.1,195,194.8,195,195,194.9,200.1,210.1,210,210,199.9,195,195,195,35.1,64.6,44.3,9.3,9.325,23.863,1738,208,13.6,190.726,2020-10-13 10:56,21.6,20.3
2020-10-13 11:48,Extruder 1,20-A-444,90310-000065060004,7050 0% 065T 600W BK N/T,58588,1580,1250,250,2020-10-13 11:48,180.2,187.8,189.7,190,184.9,195.5,195,195.4,195,195,195.2,200,210,210,210,200,195,195,194.9,34.7,64.3,46.5,9.298,9.287,23.859,1716,208.5,13.4,186.646,2020-10-13 10:56,21.4,20.3
2020-10-13 10:49,Extruder 1,20-A-443,90310-000065060004,7050 0% 065T 600W BK N/T,58588,1580,1250,500,2020-10-13 10:49,179.4,187.8,189.2,189.7,184.7,184.2,195.1,195.2,194.9,195,195.1,200.1,210.1,210.1,210,200,195,195,194.9,34.6,64.2,44.7,9.298,9.289,23.437,1743,207.8,13.5,190.987,2020-10-13 8:17,21.4,20.2
2020-10-13 10:23,Extruder 1,20-A-443,90310-000065060004,7050 0% 065T 600W BK N/T,58588,1580,1250,250,2020-10-13 10:23,183.5,187.9,189.1,189.7,184.5,191.9,195.2,194.8,194.8,194.9,195.1,200.1,210,210.1,209.9,199.9,194.9,195,194.9,34.8,64.7,46.1,9.3,9.291,23.253,1744,207.8,13.2,187.974,2020-10-13 8:17,21.6,20.4
2020-10-13 8:51,Extruder 1,20-A-443,90310-000065060004,7050 0% 065T 600W BK N/T,58588,1580,1250,250,2020-10-13 8:51,178.5,188.1,189.9,190,185,195.2,194.9,194.6,195,194.9,195.5,199.9,210,209.9,209.9,199.9,194.9,195,195,34.7,64.6,47.2,9.194,9.208,23.74,1742,208.6,13.1,190.157,2020-10-13 8:17,21.7,20.5
2020-10-13 8:23,Extruder 1,20-A-442,90310-000065060004,7050 0% 065T 600W BK N/T,58588,1580,1250,1000,2020-10-13 8:23,177.4,188,189.8,190.1,184.9,188.5,195,195.1,195.1,195.1,195,199.9,210,210,210.1,200,195.1,195,195.1,35.3,64.9,45,9.203,9.213,23.752,1734,208.5,14.1,188.781,2020-10-13 6:16,21.8,20.6
2020-10-13 7:30,Extruder 1,20-A-442,90310-000065060004,7050 0% 065T 600W BK N/T,58588,1580,1250,500,2020-10-13 7:30,178.3,187.9,190,189.9,184.9,196.4,195,195,194.9,195,194.9,199.9,209.9,210,210,200,194.9,195,195,35.3,64.6,47,9.203,9.203,23.702,1735,208.8,13.7,194.236,2020-10-13 6:16,21.9,20.7
2020-10-13 7:03,Extruder 1,20-A-442,90310-000065060004,7050 0% 065T 600W BK N/T,58588,1580,1250,250,2020-10-13 7:03,177.5,187.9,189.8,190,184.9,182.9,195,195,195.1,195,194.9,200,210,210.1,210,200.2,195,195,195,35.2,64.9,45.4,9.201,9.211,23.743,1750,208.3,13.5,189.919,2020-10-13 6:16,0,0
2020-10-13 5:51,Extruder 1,20-A-441,90310-000065060004,7050 0% 065T 600W BK N/T,58588,1251,1250,500,2020-10-13 5:51,177.5,187.9,189.8,189.7,185,195.9,195,194.8,195,195,194.7,200,209.9,210,209.9,200,194.9,195,195,35.3,64.8,46,9.198,9.183,23.478,1734,208.7,13.8,191.129,2020-10-09 14:19,22.3,20.9
2020-10-13 5:24,Extruder 1,20-A-441,90310-000065060004,7050 0% 065T 600W BK N/T,58588,1251,1250,250,2020-10-13 5:24,177,187.7,189.4,189.3,184.8,183.8,195.2,194.6,195.3,195.1,194.8,200.2,210.1,210.2,209.9,200,195.1,195,195,35.3,65.3,47.8,9.201,9.198,23.462,1744,208.3,13.4,185.294,2020-10-09 14:19,22.2,20.9
2020-10-13 4:47,Extruder 1,20-A-441,90310-000065060004,7050 0% 065T 600W BK N/T,58588,1251,1250,2000,2020-10-13 4:47,180.1,186.2,188.3,189,184.9,192.1,195,194.6,195.3,194.9,194.7,200.1,210,210.4,209.7,200.1,195,195,195.1,35.2,65.6,46,9.125,9.118,23.453,1764,207.9,13.4,194.782,2020-10-09 14:19,22.1,21.1
2020-07-30 14:10,Extruder 1,20-A-384,90310-000065100004,7050 0% 065T 1000W BK N/T,220063,2167,1250,1000,2020-07-30 14:10,184.9,188.6,189.7,190.1,184.1,194.6,198.9,194.9,195,195,195.3,202.1,199.9,199.9,200,202.2,195,195,195,36.2,77.1,49.3,8.401,8.391,35.039,1600,207.8,15.7,100.688,2020-07-30 11:51,29.6,28.8
2020-07-30 13:12,Extruder 1,20-A-384,90310-000065100004,7050 0% 065T 1000W BK N/T,220063,2167,1250,500,2020-07-30 13:12,170,187.7,190.1,189.3,183.2,187.2,199.1,195,195.2,195,195.2,201.9,200,200.1,199.9,202.1,195,195,195.1,36.2,77.3,49.4,8.401,8.396,35.032,1782,207.5,16.7,216.532,2020-07-30 11:51,29.7,28.9
2020-07-30 12:43,Extruder 1,20-A-384,90310-000065100004,7050 0% 065T 1000W BK N/T,220063,2167,1250,250,2020-07-30 12:43,170.1,188.3,189.8,189.8,185.8,185,199.1,194.9,195.1,195.1,195.3,201.9,199.9,200,199.9,201.8,195.1,195,195,35.9,76.3,49,8.403,8.398,35.011,1792,207.7,17.2,221.442,2020-07-30 11:51,29.5,28.6
2020-07-30 12:00,Extruder 1,20-A-383,90310-000065100004,7050 0% 065T 1000W BK N/T,220063,2167,1250,1000,2020-07-30 12:00,181.9,187.8,189.9,190.1,187.6,188.3,198.9,194.8,195.1,194.9,195.3,201.9,200,200,200,201.8,195,195,195,35.8,76.3,48.8,8.399,8.401,35.073,1768,207.7,13.9,217.149,2020-07-30 6:33,29.2,28.3
2020-07-30 11:02,Extruder 1,20-A-383,90310-000065100004,7050 0% 065T 1000W BK N/T,220063,2167,1250,500,2020-07-30 11:02,175.1,187.8,190.1,190.9,184.1,191.2,198.9,194.9,195.2,195,195.5,202,200,200.1,200.1,202,195,195,194.9,35.6,76.4,48.7,8.403,8.418,35.121,1769,207.7,13.8,207.234,2020-07-30 6:33,28.8,28.1
2020-07-30 10:33,Extruder 1,20-A-383,90310-000065100004,7050 0% 065T 1000W BK N/T,220063,2167,1250,250,2020-07-30 10:33,166.5,187.8,190.3,190.7,186.5,193.7,198.5,194.8,195.1,194.9,195.1,201.9,200,200.2,200.2,201.8,195,195,194.8,35.5,76,48.4,8.401,8.384,35.057,1748,207.5,15.9,215.251,2020-07-30 6:33,28.7,27.9
2020-07-30 9:55,Extruder 1,20-A-383,90310-000065100004,7050 0% 065T 1000W BK N/T,220063,2167,1250,250,2020-07-30 9:55,179.2,188.3,190.1,190,186.5,184.2,196.8,195.1,194.7,194.6,195.6,201.9,200.4,200.5,200.5,202,195,195,194.7,35.7,75.6,48.3,8.1,8.099,35,1761,205.9,14.4,212.429,2020-07-30 6:33,28.5,28.2
2020-07-01 4:18,Extruder 1,20-A-334,90310-000065073004,7050 0% 065T 730W BK N/T,57831,2469,1250,1000,2020-07-01 4:18,174.2,188,190,189.9,185,194,194.7,195,195,195,195,201.8,199.9,199.9,199.9,201.8,195,194.9,195,36.1,57.5,47.9,10.002,10,17.822,1384,201.8,16.8,202.989,2020-07-01 2:04,25.1,23.2
2020-07-01 3:20,Extruder 1,20-A-334,90310-000065073004,7050 0% 065T 730W BK N/T,57831,2469,1250,500,2020-07-01 3:20,177.4,188,190,190.4,184.9,185.8,195.1,195.1,194.9,195,195.2,201.8,200,200,200,202,195,195,195,36.4,58.2,48.3,8.497,8.492,23.405,1549,202.1,16.9,212.5,2020-07-01 2:04,25.4,23.4
2020-07-01 2:51,Extruder 1,20-A-334,90310-000065073004,7050 0% 065T 730W BK N/T,57831,2469,1250,250,2020-07-01 2:51,175,188.1,190.1,190.1,185.1,185.4,195,195.5,194.9,195,194.6,202.1,200,200,200.1,201.9,195.1,195,195,36.3,58.1,48.3,8.499,8.502,23.574,1544,202.1,17,221.371,2020-07-01 2:04,25.6,23.6
2020-07-01 2:20,Extruder 1,20-A-333,90310-000065073004,7050 0% 065T 730W BK N/T,57831,2469,1250,1000,2020-07-01 2:20,178.5,187.9,189.9,189.9,185.2,186.2,195.1,194.5,195,195,195.5,201.9,200,200.1,200.1,201.8,195,195,194.9,36.5,58.4,48.4,8.499,8.477,23.305,1521,202.1,18.1,211.006,2020-07-01 0:06,25.9,23.8
2020-07-01 1:22,Extruder 1,20-A-333,90310-000065073004,7050 0% 065T 730W BK N/T,57831,2469,1250,500,2020-07-01 1:22,182,188.1,189.8,190,185.1,195.6,195.1,194.9,195,195,194.6,202,199.9,200,199.9,202,194.9,195,194.8,36.9,59.7,49.2,8.506,8.479,23.815,1518,202.5,17.4,206.048,2020-07-01 0:06,25.9,22.8
2020-07-01 0:53,Extruder 1,20-A-333,90310-000065073004,7050 0% 065T 730W BK N/T,57831,2469,1250,250,2020-07-01 0:53,174.4,187.9,190.1,190.1,184.9,189.8,195.1,195,195,195,195.3,202,200,200,199.9,201.9,195,195,195.1,37,59.7,49,8.499,8.479,23.843,1517,202.5,18,209.772,2020-07-01 0:06,26.1,22.8
2020-07-01 0:24,Extruder 1,20-A-332,90310-000065073004,7050 0% 065T 730W BK N/T,57831,2469,1250,1000,2020-07-01 0:24,182.2,187.9,189.9,189.9,184.9,184.2,195.1,195.3,195,195,194.9,202,199.9,200,200.1,201.9,195,195,195,37.2,59.9,49.3,8.497,8.497,23.417,1515,202.2,18.1,209.938,2020-06-30 21:45,26.5,23.3
2020-06-30 23:26,Extruder 1,20-A-332,90310-000065073004,7050 0% 065T 730W BK N/T,57831,2469,1250,500,2020-06-30 23:26,181.1,188.2,189.9,190,185.1,193.3,195,195.2,195,195,195.4,202,200.1,200.1,200.1,202.1,195,195,195,37.2,60,49.8,8.506,8.509,23.444,1510,202.5,17.5,216.556,2020-06-30 21:45,26.8,23.3
2020-06-30 22:57,Extruder 1,20-A-332,90310-000065073004,7050 0% 065T 730W BK N/T,57831,2167,1250,250,2020-06-30 22:57,176.1,187.8,189.8,189.9,185.1,195.3,195.1,195.3,194.8,195,195.4,201.9,199.9,200.1,200.2,201.9,194.9,195.2,195,37.4,60,49.6,8.501,8.489,23.369,1524,202.6,17.5,215.773,2020-06-30 21:45,26.9,23.4
2020-06-30 22:09,Extruder 1,20-A-332,90310-000065073004,7050 0% 065T 730W BK N/T,57831,2167,1250,1000,2020-06-30 22:09,177.4,187.6,189.9,190,184.9,187.9,195,194.9,195,195,194.8,202,199.9,200.1,200,202.2,195,195,195,37.2,60.2,49.6,8.497,8.497,23.433,1540,202.3,18,214.089,2020-06-30 21:45,27.6,24.1
2020-06-30 21:11,Extruder 1,20-A-331,90310-000065073004,7050 0% 065T 730W BK N/T,57831,2167,1250,500,2020-06-30 21:11,178.8,188.1,189.8,190.1,185.2,188.8,195,194.9,195,195,195.3,201.9,200.1,200.1,199.9,202.1,195,195,194.9,37.3,60.5,50,8.506,8.487,23.485,1538,202.3,18.2,220.968,2020-06-30 19:43,28.3,24.6
2020-06-30 20:42,Extruder 1,20-A-331,90310-000065073004,7050 0% 065T 730W BK N/T,57831,2167,1250,250,2020-06-30 20:42,174.9,187.8,189.4,190.1,185.2,193.6,194.9,195,194.9,195,195.4,201.9,200,199.9,199.9,201.9,195,195,194.9,37.6,60.6,50.2,8.501,8.507,23.449,1544,202.5,18.5,224.241,2020-06-30 19:43,28.4,24.4
2020-06-30 20:13,Extruder 1,20-A-331,90310-000065073004,7050 0% 065T 730W BK N/T,57831,2167,1250,1000,2020-06-30 20:13,179.3,187.7,189.8,190.1,185.1,195.6,194.9,195,195,195,195.4,201.9,200,199.9,199.9,201.9,194.9,194.8,195,37.5,60.5,50.2,8.499,8.497,23.417,1546,202.7,18.7,223.126,2020-06-30 19:43,28.7,25.2
2020-06-30 19:15,Extruder 1,20-A-330,90310-000065073004,7050 0% 065T 730W BK N/T,57831,2167,1250,500,2020-06-30 19:15,179.6,188.3,190.2,190.1,185,184.6,195.1,195.4,195.1,194.9,195.6,201.9,200.1,200.1,200,202.1,195,195,195,37.4,60.6,50.4,8.506,8.474,23.444,1534,202.4,18.8,225.688,2020-06-30 18:07,28.9,24.9
2020-06-30 18:46,Extruder 1,20-A-330,90310-000065073004,7050 0% 065T 730W BK N/T,57831,2167,1250,250,2020-06-30 18:46,175.1,188,190.4,190,185,186.6,195.1,195.3,195,195.1,195.4,202.1,200.2,200.1,200.2,202,195,195,195.1,37.4,60.6,50.4,8.501,8.489,23.44,1549,202.2,18.9,229.412,2020-06-30 18:07,28.9,24.9
2020-06-30 17:50,Extruder 1,20-A-329,90310-000065073004,7050 0% 065T 730W BK N/T,57831,2167,1250,1000,2020-06-30 17:50,182.2,187.8,190.3,190,185.1,186.8,195.1,194.9,195,195,195.2,202.1,200,200.1,200,202,195,195,195,37.7,60.7,50.6,8.401,8.386,24.606,1582,202.8,19.7,227.585,2020-06-30 15:39,29.4,25.9
2020-06-30 16:51,Extruder 1,20-A-329,90310-000065073004,7050 0% 065T 730W BK N/T,57831,2167,1250,500,2020-06-30 16:51,182,187.9,189.7,189.7,185.1,188,195,195.1,195,195,194.9,202,200.1,200,200.1,202,195.1,195,195,37.4,60.7,50.4,8.399,8.374,24.565,1553,202.4,19,222.32,2020-06-30 15:39,28.9,25
2020-06-30 16:22,Extruder 1,20-A-329,90310-000065073004,7050 0% 065T 730W BK N/T,57831,2167,1250,250,2020-06-30 16:22,174.4,188,190.5,189.9,185,192,194.9,195,195,195,195.2,201.9,200,199.9,200.1,202,194.9,195,195,37.5,60.6,50.3,8.397,8.398,24.624,1558,202.5,19.3,228.985,2020-06-30 15:39,28.9,25.1
2020-06-30 15:52,Extruder 1,20-A-328,90310-000065073004,7050 0% 065T 730W BK N/T,57831,2167,1250,1000,2020-06-30 15:52,179.5,188,190.4,190.2,185.2,195.2,194.9,194.8,194.9,195,194.9,201.9,200,199.9,200,202,194.9,195,194.9,37.7,60.7,50.3,8.403,8.421,24.633,1558,202.8,19,222.177,2020-06-30 13:47,29,25.1
2020-06-30 14:53,Extruder 1,20-A-328,90310-000065073004,7050 0% 065T 730W BK N/T,57831,2238,1250,500,2020-06-30 14:53,178,187.9,190.3,190,185,186.1,195.1,195.1,195,195,195.1,202,200.1,200,200.1,202.1,195.1,195,195,37.4,60.7,50.3,8.399,8.391,24.633,1582,202.6,19.3,225.38,2020-06-30 13:47,29,25.3
2020-06-30 14:24,Extruder 1,20-A-328,90310-000065073004,7050 0% 065T 730W BK N/T,57831,2238,1250,250,2020-06-30 14:24,179.7,187.9,190.1,189.8,184.8,185.5,195.1,194.9,195,195.1,194.7,202.1,200,200.1,200,202,195,195,195,37.7,60.6,50.2,8.401,8.376,24.59,1574,202.5,18.8,221.964,2020-06-30 13:47,28.8,25.3
2020-06-30 13:54,Extruder 1,20-A-327,90310-000065073004,7050 0% 065T 730W BK N/T,57831,2238,1250,1000,2020-06-30 13:54,176.8,188.2,190,190.3,185.1,189.5,195.1,195.1,195,195.1,194.4,202.1,200,200,200,202.1,195,195,195,37.3,60.3,49.7,8.2,8.209,24.629,1576,202.8,18,220.019,2020-06-29 19:04,28.2,24.8
2020-06-30 12:54,Extruder 1,20-A-327,90310-000065073004,7050 0% 065T 730W BK N/T,57831,2238,1250,500,2020-06-30 12:54,173.6,187.9,190,190,185.5,195.5,195.5,195.1,195.4,195.1,195.2,202.2,200.2,200,200.1,202.1,195,195,195,37.1,60.3,49.8,8.202,8.201,24.583,1515,203.8,17.1,204.72,2020-06-29 19:04,27.8,24.4
2020-06-30 12:24,Extruder 1,20-A-327,90310-000065073004,7050 0% 065T 730W BK N/T,57831,2238,1250,250,2020-06-30 12:24,166.1,188,190,189.8,185.3,195.3,195.6,195.1,194.8,195,195.4,202.1,200,200.2,199.9,202.1,195.1,195,195.1,37,60.1,49.8,8.204,8.187,23.968,1484,203.6,17.6,187.619,2020-06-29 19:04,27.1,24.4
2020-06-30 11:48,Extruder 1,20-A-327,90310-000065073004,7050 0% 065T 730W BK N/T,57831,2238,1250,250,2020-06-30 11:48,168.4,187.2,189.6,189.6,187.3,192.4,196.6,194.5,194.6,195,195.6,202,199.2,199.7,199,201.6,195,195.1,195,36.7,59.8,49.6,8.197,8.199,23.016,1522,203.4,17.4,179.507,2020-06-29 19:04,27.1,24.6
2020-06-29 19:15,Extruder 1,20-A-326,90310-000065073004,7050 0% 065T 730W BK N/T,57831,1791,1250,1000,2020-06-29 19:15,174.7,188,189.9,190.1,190,195,195.5,194.8,195,200.1,200,210.1,208.2,203.4,208.1,208.2,199.9,205,204.9,37.6,60.5,50.2,8.003,7.998,23.8,1498,203.4,18,208.041,2020-06-26 21:54,29.2,25.6
2020-06-29 18:14,Extruder 1,20-A-326,90310-000065073004,7050 0% 065T 730W BK N/T,57831,1791,1250,500,2020-06-29 18:14,178,188,190.1,189.9,190.1,201.1,195.3,194.9,195.1,200.1,200.4,210,208,203.2,208,208,199.9,205,205,37.4,60.7,50,8.003,7.98,23.795,1467,203.8,17.4,201.779,2020-06-26 21:54,28.9,25.2
2020-06-29 17:43,Extruder 1,20-A-326,90310-000065073004,7050 0% 065T 730W BK N/T,57831,1791,1250,250,2020-06-29 17:43,184.5,188.1,190.1,190,189.7,196.6,195.4,194.9,195,200.1,200.2,210,208.1,203,208.1,208.2,200.1,205,204.9,37.4,60.5,50.3,7.992,8.015,23.788,1447,203.5,18.3,192.813,2020-06-26 21:54,28.9,25
2020-06-29 17:31,Extruder 1,20-A-326,90310-000065073004,7050 0% 065T 730W BK N/T,57831,2238,1250,500,2020-06-29 17:31,182.1,188.1,190.1,189.9,190.2,189.3,195.5,195,195.1,199.9,200.1,210,208.2,202.7,208,208,200.1,204.9,204.8,37.5,60.6,50.3,8.001,8.03,23.809,1453,203.1,19.2,191.01,2020-06-26 21:54,28.7,24.7
2020-06-29 17:00,Extruder 1,20-A-326,90310-000065073004,7050 0% 065T 730W BK N/T,57831,2238,1250,250,2020-06-29 17:00,179.3,188.1,190.2,189.7,190.8,192.2,195.4,195.2,195,199.9,199.9,210.1,208.3,202.4,208.1,208.2,199.9,205.1,204.7,37.2,60.6,50.4,7.998,7.998,23.426,1483,202.4,19.8,192.315,2020-06-26 21:54,28.9,25.4
2020-06-29 9:44,Extruder 1,20-A-326,90310-000065073004,7050 0% 065T 730W BK N/T,57831,2238,1250,3000,2020-06-29 9:44,174.1,187.8,190.1,190.5,190.5,190.4,197.5,195.1,195.2,200,199.5,219.7,209.1,205,209.3,219.3,200,205,205.1,37,59.8,49.3,10.796,10.813,32.62,2079,207.6,18.5,211.694,2020-06-26 21:54,26,23.1
2020-06-29 7:37,Extruder 1,20-A-326,90310-000065073004,7050 0% 065T 730W BK N/T,57831,2238,1250,2000,2020-06-29 7:37,183.6,188.3,189.7,190.3,189.4,193.8,195.6,195.1,195.2,199.9,199.6,210.3,208.3,201.2,208.3,210.8,199.8,205,204.7,36.3,58.8,48.7,8.005,8.026,21.966,1812,202.3,18,186.978,2020-06-26 21:54,24.4,22.2
2020-06-29 0:53,Extruder 1,20-A-326,90310-000065073004,7050 0% 065T 730W BK N/T,57831,2469,1250,1000,2020-06-29 0:53,167.1,186.4,188.5,188,188.7,197.4,194.4,195,194.8,199.9,199.9,208.3,208.5,205.4,208.3,208.1,200,205.1,204.8,35.7,57.5,48.2,7.505,7.508,20.027,1844,198.2,15.6,150.878,2020-06-26 21:54,25.2,22.8
2020-06-26 19:49,Extruder 1,20-A-325,90310-000065073004,7050 0% 065T 730W BK N/T,57831,2238,1250,500,2020-06-26 19:49,166.5,187.9,190,190.1,190.2,191.7,195.1,194.8,195.1,200,199.7,200,200,199.9,200,200,200.1,205,205,36.3,59.4,48.9,7.493,7.496,23.551,1632,203.1,15.9,172.96,2020-06-26 18:26,25.6,22.8
2020-06-26 19:17,Extruder 1,20-A-325,90310-000065073004,7050 0% 065T 730W BK N/T,57831,2238,1250,250,2020-06-26 19:17,166.2,187.8,189.9,189.8,190.2,192.1,195.1,194.9,195.1,200,199.6,199.9,200,200.1,200,200,200,205,205.1,36.6,59.3,49,7.498,7.491,23.626,1631,203.1,16.1,175.83,2020-06-26 18:26,25.6,22.8
2020-06-26 18:38,Extruder 1,20-A-324,90310-000065073004,7050 0% 065T 730W BK N/T,57831,2238,1250,1000,2020-06-26 18:38,178.6,188.1,190.1,190.1,189.8,190.1,195.1,195.4,195,199.9,199.7,200.1,200,200.4,200,200,200.1,205,205.1,36.6,59.5,49,7.498,7.506,23.465,1621,203.4,16.7,184.606,2020-06-26 16:09,25.5,22.5
2020-06-26 17:33,Extruder 1,20-A-324,90310-000065073004,7050 0% 065T 730W BK N/T,57831,2238,1250,500,2020-06-26 17:33,169,188.1,190.1,190.1,190.2,189.2,195.1,194.3,195,200,200.5,200.1,200.1,199.7,200,200,200.1,205,205,36.6,59.6,48.9,7.498,7.496,23.44,1618,203.2,16.3,178.653,2020-06-26 16:09,25.8,23.2
2020-06-26 17:00,Extruder 1,20-A-324,90310-000065073004,7050 0% 065T 730W BK N/T,57831,2238,1250,250,2020-06-26 17:00,167,187.9,189.9,190,190.2,189,195.2,194.9,195,199.9,199.9,199.8,199.9,200.1,200,199.9,199.9,204.9,205,36.4,59.4,49.2,7.5,7.501,23.399,1608,203.2,17.2,179.269,2020-06-26 16:09,25.7,22.9
2020-06-26 16:27,Extruder 1,20-A-323,90310-000065073004,7050 0% 065T 730W BK N/T,57831,2238,1250,1000,2020-06-26 16:27,166.1,188,190,190.1,190.4,189.9,195.2,194.7,195.1,199.9,200.2,200.2,200,200.1,200,200,200.1,205,205,36.7,59.5,48.9,7.505,7.503,23.399,1609,203.1,16.7,177.135,2020-06-25 22:11,25.7,23
2020-06-26 15:21,Extruder 1,20-A-323,90310-000065073004,7050 0% 065T 730W BK N/T,57831,2238,1250,500,2020-06-26 15:21,165.6,187.9,190,189.9,189.8,192.4,195.2,194.3,195,199.9,199.6,199.9,200.1,200.1,200,199.8,199.9,205,204.9,36.7,59.4,49.1,7.5,7.491,23.271,1615,203.1,16.4,177.419,2020-06-25 22:11,25.5,22.9
2020-06-26 14:48,Extruder 1,20-A-323,90310-000065073004,7050 0% 065T 730W BK N/T,57831,2469,1250,250,2020-06-26 14:48,165.8,187.7,189.9,189.9,189.7,193.4,195.4,194.9,195.3,199.9,200.1,200.1,200.4,200.3,200.4,200.1,199.9,204.9,204.9,36.3,59.3,48.7,7.493,7.483,23.191,1608,203.1,16.1,181.618,2020-06-25 22:11,25.2,22.4
2020-06-26 8:01,Extruder 1,20-A-323,90310-000065073004,7050 0% 065T 730W BK N/T,57831,2469,1250,1000,2020-06-26 8:01,176.1,188,189.7,189.6,189.9,195.4,195.3,194.8,194.9,199.9,199.9,211.1,213.1,212.7,213,211.7,199.9,204.9,204.8,36.1,49.3,48,7.5,7.498,21.016,1574,201.7,14.8,179.341,2020-06-25 22:11,22.7,20.9
2020-06-26 2:02,Extruder 1,20-A-323,90310-000065073004,7050 0% 065T 730W BK N/T,57831,1791,1250,500,2020-06-26 2:02,180.3,188.4,184.2,183.7,193.3,193,182.6,180,180.2,179.9,179.8,210.2,200.9,200.7,200.9,200.1,180,180,180,42.1,68.2,47.7,11.011,11.008,30.096,1782,194,15.8,213.947,2020-06-25 22:11,22.8,21.1
2020-06-26 1:32,Extruder 1,20-A-323,90310-000065073004,7050 0% 065T 730W BK N/T,57831,1791,1250,250,2020-06-26 1:32,169.4,187.2,183.1,183.3,192.6,197.5,180,179.9,179.6,180,180,209.8,199.2,199.7,199.5,199.8,180.6,180,179.6,41.4,67.4,48,7.502,7.503,19.975,1684,188.2,15.3,190.916,2020-06-25 22:11,22.7,20.9
2020-06-25 22:22,Extruder 1,20-A-322,90310-000065060004,7050 0% 065T 600W BK N/T,57830,2238,1250,1000,2020-06-25 22:22,178.9,188.2,183.6,183.6,193,190.5,187.2,179.7,180,180,179.7,210.2,200.1,200.2,200,200,179.9,180.2,180,36.1,49.4,48.2,11.201,11.201,28.159,1881,197.9,16,203.439,2020-06-25 20:36,23.8,21.4
2020-06-25 21:38,Extruder 1,20-A-322,90310-000065060004,7050 0% 065T 600W BK N/T,57830,2238,1250,500,2020-06-25 21:38,178.5,188.1,183.8,182.6,192.9,196.3,187.3,179.7,180,180,180,210,199.9,199.9,200,200.1,180,180,180,36.6,49.5,48,11.201,11.203,28.248,1865,198.2,16.8,200.498,2020-06-25 20:36,24.1,21.7
2020-06-25 21:16,Extruder 1,20-A-322,90310-000065060004,7050 0% 065T 600W BK N/T,57830,2238,1250,250,2020-06-25 21:16,178,187.9,182.5,183.7,193.3,187.9,187.3,179.7,180.1,180,180.3,210,199.9,200,200,199.9,180.3,180,180,36.6,49.6,48.2,11.194,11.171,28.189,1880,197.9,16.3,204.056,2020-06-25 20:36,24.2,21.8
2020-06-25 20:54,Extruder 1,20-A-321,90310-000065060004,7050 0% 065T 600W BK N/T,57830,2238,1250,1000,2020-06-25 20:54,177,188.1,183.4,182.9,192.9,197.5,187.2,180,180.1,180,179.9,210,200.1,200,200.1,199.9,179.5,180,180,36.3,49.6,48.3,11.198,11.205,28.226,1853,198.4,16.3,197.699,2020-06-25 19:03,24.3,21.9
2020-06-25 20:10,Extruder 1,20-A-321,90310-000065060004,7050 0% 065T 600W BK N/T,57830,2238,1250,500,2020-06-25 20:10,175.2,187.9,183.2,182.9,192.4,187.3,186.5,180.1,180,180,180,210,200.1,200.1,200.1,200,179.5,180.1,180,36.4,49.6,48.2,11.192,11.173,28.271,1866,197.3,16.8,194.236,2020-06-25 19:03,24.5,22
2020-06-25 19:48,Extruder 1,20-A-321,90310-000065060004,7050 0% 065T 600W BK N/T,57830,2238,1250,250,2020-06-25 19:48,174.2,187.8,183.2,183.3,192.7,197.8,185.7,180.2,179.9,180,180,210,200.2,200.2,200.4,200.2,179.8,180,180.1,36.3,49.7,48.4,11.205,11.191,28.241,1836,197.1,16,194.995,2020-06-25 19:03,24.6,22
2020-06-25 17:55,Extruder 1,20-A-320,90310-000065060004,7050 0% 065T 600W BK N/T,57830,2238,1250,1000,2020-06-25 17:55,177.6,188,182.9,183.5,193.1,194.4,187.2,180,180,180,179.7,209.9,199.9,200,199.9,200,180.1,180,179.8,36.3,49.6,48.6,11.194,11.229,28.196,1843,197.9,16.3,195.256,2020-06-25 17:28,24.5,22
2020-06-25 17:11,Extruder 1,20-A-319,90310-000065060004,7050 0% 065T 600W BK N/T,57830,2238,1250,500,2020-06-25 17:11,178,187.8,182.7,182.9,193.2,198.4,187.2,179.9,180,180,180,210,199.9,200,199.9,199.9,180.2,180,180,36.6,49.8,48.3,11.196,11.199,28.246,1833,198.5,16.1,195.517,2020-06-25 16:00,24.4,21.8
2020-06-25 16:49,Extruder 1,20-A-319,90310-000065060004,7050 0% 065T 600W BK N/T,57830,2238,1250,250,2020-06-25 16:49,178.2,188.1,183,183.1,193.2,191,187.3,180,180.1,180,180.3,210,200.2,200,200.1,200,179.5,180,179.9,36.6,49.6,48.5,11.097,11.087,28.232,1873,198.1,16.2,202.467,2020-06-25 16:00,24.3,21.9
2020-06-25 16:18,Extruder 1,20-A-318,90310-000065060004,7050 0% 065T 600W BK N/T,57830,2238,1250,1000,2020-06-25 16:18,177.7,187.9,183.2,183.1,193.3,194.3,187.2,179,180,180,180,210,199.9,199.9,200,200,180.5,180,180,36.6,49.5,48.4,11.106,11.097,28.196,1858,198.2,15.9,200.213,2020-06-25 14:27,24.3,21.9
2020-06-25 15:34,Extruder 1,20-A-318,90310-000065060004,7050 0% 065T 600W BK N/T,57830,2238,1250,500,2020-06-25 15:34,178.1,187.9,182.7,183.6,193.3,198.5,187.1,180,180.1,180,180.2,210.1,200.1,199.9,200,200,180,180,180,36.2,49.6,48.2,11.099,11.105,27.841,1812,198.2,16.4,196.11,2020-06-25 14:27,24.3,22.2
2020-06-25 15:12,Extruder 1,20-A-318,90310-000065060004,7050 0% 065T 600W BK N/T,57830,2238,1250,250,2020-06-25 15:12,177.9,188.1,183.5,182.4,193,190.1,187.2,180,180.1,180,180.1,210,200,200,200.1,200,179.7,180.1,180.1,36.3,49.6,48.4,11.097,11.107,27.854,1835,197.9,15.8,196.988,2020-06-25 14:27,24.2,22.1
2020-06-25 14:44,Extruder 1,20-A-317,90310-000065060004,7050 0% 065T 600W BK N/T,57830,2469,1250,1000,2020-06-25 14:44,178,188.1,183.5,182.9,193.3,196.2,187.1,179.9,180.1,180,179.9,210,200,200,200.2,200.1,180,179.9,180,36.6,49.6,48.4,11.101,11.1,27.841,1824,198.2,16.1,196.158,2020-06-25 12:58,23.9,21.7
2020-06-25 14:00,Extruder 1,20-A-317,90310-000065060004,7050 0% 065T 600W BK N/T,57830,2469,1250,500,2020-06-25 14:00,178.3,188,182.8,183.8,193.4,198.4,187.1,180.9,180,180,179.9,210.2,199.9,199.9,199.9,200.1,179.9,179.9,180,36.1,49.2,48.1,11.097,11.102,27.845,1805,198.3,16.1,196.656,2020-06-25 12:58,23.4,21.2
2020-06-25 13:37,Extruder 1,20-A-317,90310-000065060004,7050 0% 065T 600W BK N/T,57830,2469,1250,250,2020-06-25 13:37,178.2,187.9,182.9,182.2,193.2,192.5,187.1,180.1,180.2,180,180.1,210.3,200.1,200,200.2,200.1,180,180,180,36.4,49.5,48.1,11.099,11.082,27.866,1808,197.9,16.1,194.118,2020-06-25 12:58,23.4,21.2
2020-06-25 13:15,Extruder 1,20-A-316,90310-000065060004,7050 0% 065T 600W BK N/T,57830,2469,1250,1000,2020-06-25 13:15,178.2,187.9,182.8,182.4,193,188.5,187,179.7,180,180,180.1,210,199.9,199.9,199.9,199.9,180,180,180,36.3,49.3,48,11.092,11.082,27.85,1810,197.6,16,197.747,2020-06-25 11:29,23.2,21.4
2020-06-25 12:31,Extruder 1,20-A-316,90310-000065060004,7050 0% 065T 600W BK N/T,57830,2469,1250,500,2020-06-25 12:31,177.9,188.2,183,182.4,192.9,188.5,186.9,179.6,180.2,180,180.4,210,200.2,200.1,200.1,200,180.1,180,180,36,49.2,47.7,11.094,11.095,27.843,1816,197.6,15.8,199.431,2020-06-25 11:29,22.9,21.1
2020-06-25 12:09,Extruder 1,20-A-316,90310-000065060004,7050 0% 065T 600W BK N/T,57830,2469,1250,250,2020-06-25 12:09,178,187.8,182.9,183.7,193.3,195.2,186.9,180,180,180.1,180.1,210,200,199.9,200,200.1,180,180,180,36,48.9,47.8,11.002,10.984,27.825,1775,198,15.9,194.497,2020-06-25 11:29,22.8,20.9
2020-06-25 11:47,Extruder 1,20-A-315,90310-000065060004,7050 0% 065T 600W BK N/T,57830,2469,1250,1000,2020-06-25 11:47,178.1,188.1,183.4,182.9,193.1,194.9,186.8,179.8,180,180,180,209.9,199.9,200,200,200,180,180.1,180,35.8,49.1,48,11.002,11.002,27.85,1808,197.8,16,192.861,2020-06-25 9:25,22.9,20.9
2020-06-25 11:02,Extruder 1,20-A-315,90310-000065060004,7050 0% 065T 600W BK N/T,57830,2469,1250,500,2020-06-25 11:02,178,188,182.9,182.9,193.1,198.6,186.6,179.7,180,180.1,180.1,210.2,200,199.9,200,200.1,179.9,180,180,36.3,48.9,47.7,10.999,10.986,27.877,1792,197.7,15.9,198.601,2020-06-25 9:25,22.6,20.8
2020-06-25 10:40,Extruder 1,20-A-315,90310-000065060004,7050 0% 065T 600W BK N/T,57830,2469,1250,250,2020-06-25 10:40,177.9,188,183.1,183.2,193.2,190.1,186.8,180.2,180,180,180,210.2,200,200.2,200.2,200.2,180,180,179.9,35.9,49,47.8,10.999,10.986,27.831,1807,197.3,16.1,198.292,2020-06-25 9:25,22.6,20.9
2020-06-25 10:13,Extruder 1,20-A-315,90310-000065060004,7050 0% 065T 600W BK N/T,57830,2469,1250,250,2020-06-25 10:13,178.1,187.9,183.2,183.8,193.5,198.8,186.7,181,180,180,179.7,210,200,200,200,199.9,180,180,180,36,49,48,13,12.958,27.827,1780,197.8,16,195.28,2020-06-25 9:25,22.6,20.9
2020-06-25 9:42,Extruder 1,20-A-314,90310-000065060004,7050 0% 065T 600W BK N/T,57830,2469,1250,1000,2020-06-25 9:42,178,188,183,182.8,193.3,198.4,186.9,180.5,180,180,180,210,199.9,199.9,200.1,199.9,180.3,180,180,36.6,49.2,48.1,11.196,11.221,27.815,1779,197.9,16.3,194.545,2020-06-25 7:57,22.8,20.9
2020-06-25 8:58,Extruder 1,20-A-314,90310-000065060004,7050 0% 065T 600W BK N/T,57830,2469,1250,500,2020-06-25 8:58,177.8,187.8,182.8,182.9,192.7,190.2,187,180,180,180,180,210,200,200.1,200,200,180,180.1,180,36.2,49.2,47.9,11.201,11.193,27.845,1806,197.7,17.1,201.257,2020-06-25 7:57,22.8,21.1
2020-06-25 8:36,Extruder 1,20-A-314,90310-000065060004,7050 0% 065T 600W BK N/T,57830,2469,1250,250,2020-06-25 8:36,178.2,188.1,183.1,182.6,193.1,198.1,186.9,180.2,180,180,180.1,210.1,200,200,200,200,179.6,180,180,35.9,49,47.5,11.198,11.219,27.856,1792,198,16.8,193.88,2020-06-25 7:57,22.8,21.1
2020-06-25 8:12,Extruder 1,20-A-313,90310-000065060004,7050 0% 065T 600W BK N/T,57830,2469,1250,1000,2020-06-25 8:12,178.3,187.8,182.9,182.8,193,187.4,187,180,180,180,180.4,210.1,200,200.2,200.1,200.1,180.1,180,180,36,49.2,47.7,11.198,11.185,27.907,1807,197.6,16.9,203.368,2020-06-25 6:35,22.4,20.7
2020-06-25 7:29,Extruder 1,20-A-313,90310-000065060004,7050 0% 065T 600W BK N/T,57830,2469,1250,500,2020-06-25 7:29,178,188,183,183.6,193.1,194.2,186.8,179.8,179.9,180,180.1,209.9,199.9,199.9,199.9,199.9,179.8,179.9,180,36.3,48.9,47.7,11.205,11.209,27.768,1793,197.6,16.7,198.885,2020-06-25 6:35,22.3,20.2
2020-06-25 7:07,Extruder 1,20-A-313,90310-000065060004,7050 0% 065T 600W BK N/T,57830,2469,1250,250,2020-06-25 7:07,178,188,183,183.2,192.9,187.9,186.9,179.7,180,180,180.7,210,199.9,200,199.9,199.9,179.9,180,180,36.3,49.1,48,11.201,11.191,27.845,1812,197.5,16.7,204.53,2020-06-25 6:35,22.5,20.3
2020-06-25 6:44,Extruder 1,20-A-312,90310-000065060004,7050 0% 065T 600W BK N/T,57830,1791,1250,1000,2020-06-25 6:44,178.1,188.1,183.9,182.6,193,198.6,186.9,179.8,180,180,180.2,210,200,200,200.1,200.1,180,180,180,36.6,49.4,47.8,11.205,11.211,27.765,1768,197.9,16.4,197.604,2020-06-25 5:05,22.6,20.4
2020-06-25 6:00,Extruder 1,20-A-312,90310-000065060004,7050 0% 065T 600W BK N/T,57830,1791,1250,500,2020-06-25 6:00,177.5,188,183,182.7,192.8,190.3,186.9,180,180,180.1,179.9,210,200.1,200.1,200,200.1,180.1,180,180.1,36.6,49.2,47.8,11.189,11.205,27.841,1784,197.6,16.7,199.715,2020-06-25 5:05,22.6,20.3
2020-06-25 5:38,Extruder 1,20-A-312,90310-000065060004,7050 0% 065T 600W BK N/T,57830,1791,1250,250,2020-06-25 5:38,177.2,187.9,183.4,183.1,193.2,197.7,186.8,180,180,180,180,210,200.1,200,200,200.1,180.1,179.9,180,36.9,49.3,47.6,11.201,11.199,27.761,1780,197.9,16.7,191.176,2020-06-25 5:05,22.5,20.3
2020-06-25 5:16,Extruder 1,20-A-311,90310-000065060004,7050 0% 065T 600W BK N/T,57830,1791,1250,1000,2020-06-25 5:16,177.3,188,182.9,182.6,192.7,188.5,186.9,180,180,180,180.1,210,200,200,200.1,200,180,179.9,179.8,36.5,49.2,47.6,11.201,11.193,27.836,1807,197.4,16.6,200.664,2020-06-25 3:38,22.4,20.3
2020-06-25 4:32,Extruder 1,20-A-311,90310-000065060004,7050 0% 065T 600W BK N/T,57830,1791,1250,500,2020-06-25 4:32,177.8,188,183.2,183.3,193.1,195.9,186.8,180,180.1,180,180.1,210,200,200.1,200.1,200.1,180,180,180,36.4,48.9,47.5,11.201,11.191,27.845,1790,197.6,16.2,201.233,2020-06-25 3:38,22.3,20.2
2020-06-25 4:10,Extruder 1,20-A-311,90310-000065060004,7050 0% 065T 600W BK N/T,57830,1791,1250,250,2020-06-25 4:10,178,187.9,182.9,183.3,193,187.7,186.9,180.1,180.1,180,179.8,210,200,200.1,200.1,200,180,180,180,36.2,49,47.8,11.194,11.203,27.754,1789,197.3,16.2,198.577,2020-06-25 3:38,22.2,20.3
2020-06-25 3:47,Extruder 1,20-A-310,90310-000065060004,7050 0% 065T 600W BK N/T,57830,1791,1250,1000,2020-06-25 3:47,178.4,188.1,183,182.3,192.7,197.2,186.8,180,180.1,180,180,210.1,200,200,200.1,200.1,180,180.1,180,36.4,48.8,47.9,11.201,11.161,27.838,1778,197.8,16.2,195.731,2020-06-25 2:02,22.1,20.2
2020-06-25 3:04,Extruder 1,20-A-310,90310-000065060004,7050 0% 065T 600W BK N/T,57830,1791,1250,500,2020-06-25 3:04,178.7,187.8,183,183.1,192.7,187.2,186.7,180,180,180,180,210,200,200.1,200,200,180.2,180,180,36.3,48.7,47.7,11.201,11.211,27.841,1812,197.3,16.1,197.794,2020-06-25 2:02,22.2,20.2
2020-06-25 2:42,Extruder 1,20-A-310,90310-000065060004,7050 0% 065T 600W BK N/T,57830,1791,1250,250,2020-06-25 2:42,179,187.8,183.3,183.6,192.5,197.4,186.1,179.9,180,180,180.5,210.1,200.2,200.2,200.3,200.1,180,180,180,36.3,48.8,47.6,11.198,11.223,27.838,1799,197.6,16.3,198.956,2020-06-25 2:02,22.2,20.3
2020-06-25 1:55,Extruder 1,20-A-309,90310-000065060004,7050 0% 065T 600W BK N/T,57830,1791,1250,1000,2020-06-25 1:55,178,187.8,182.2,182,192.7,188,187.1,180.1,179.9,180,180,209.9,200,200,200,199.8,180,180,179.9,36.3,49.2,48,11.189,11.199,27.85,1804,197.6,16.3,199.051,2020-06-25 0:17,22.2,20.2
2020-06-25 1:11,Extruder 1,20-A-309,90310-000065060004,7050 0% 065T 600W BK N/T,57830,1791,1250,500,2020-06-25 1:11,177.9,188,183.5,183.1,192.9,192.3,187,180,180,180,180,210,200,199.9,199.9,199.9,180,180,180,36.3,49.3,47.6,11.196,11.185,27.829,1807,197.7,16.3,195.185,2020-06-25 0:17,22.2,20.2
2020-06-25 0:49,Extruder 1,20-A-309,90310-000065060004,7050 0% 065T 600W BK N/T,57830,1791,1250,250,2020-06-25 0:49,177.8,188.1,183.7,182.1,192.5,187.9,187,180.1,180,180,180.1,210,199.9,200,200,199.9,180,180,180,36.4,49.2,47.9,11.194,11.213,27.852,1813,197.7,16.2,202.04,2020-06-25 0:17,22.4,20.3
2020-06-25 0:27,Extruder 1,20-A-308,90310-000065060004,7050 0% 065T 600W BK N/T,57830,1791,1250,1000,2020-06-25 0:27,178,188.1,183.1,182.3,192.9,198,186.9,180.1,180,180,180.5,209.9,200.1,199.9,200,200,180,180,180,36.6,49.1,47.9,11.203,11.195,27.827,1791,198.1,16.6,200.38,2020-06-24 22:49,22.3,20.3
2020-06-24 23:43,Extruder 1,20-A-308,90310-000065060004,7050 0% 065T 600W BK N/T,57830,1791,1250,500,2020-06-24 23:43,177.9,188,183,182.2,192.7,193.3,187,180,180,179.9,180.1,209.9,200,200,200,200,180,180,179.9,36.4,49,48,11.205,11.203,27.882,1783,198.2,16.4,200.024,2020-06-24 22:49,22.4,20.3
2020-06-24 23:21,Extruder 1,20-A-308,90310-000065060004,7050 0% 065T 600W BK N/T,57830,1791,1250,250,2020-06-24 23:21,178.1,187.8,182.6,183,192.9,196.2,186.9,179.9,180,180,179.9,209.8,200.2,200,200.1,200,180,180,180,36.3,49,47.7,11.198,11.188,27.838,1797,198.1,16.4,195.47,2020-06-24 22:49,22.5,20.3
2020-06-24 22:59,Extruder 1,20-A-307,90310-000065060004,7050 0% 065T 600W BK N/T,57830,2238,1250,1000,2020-06-24 22:59,177.7,188.1,182.9,183.1,192.8,187.7,186.8,180.1,180.1,180,180.2,209.8,200.4,200,200.1,200,180,180.1,180,36,49.1,47.8,11.203,11.191,27.818,1803,197.6,16.4,200.546,2020-06-24 20:10,22.6,21.1
2020-06-24 22:15,Extruder 1,20-A-307,90310-000065060004,7050 0% 065T 600W BK N/T,57830,2238,1250,500,2020-06-24 22:15,177.5,188,182.8,183.7,193.1,193.1,186.1,180.2,180.2,180,180.1,209.8,201.2,200.1,200.1,199.9,180,180,180,35.8,49,47.8,11.203,11.195,27.85,1782,197.2,16.2,194.592,2020-06-24 20:10,22.5,20.9
2020-06-24 21:53,Extruder 1,20-A-307,90310-000065060004,7050 0% 065T 600W BK N/T,57830,2238,1250,250,2020-06-24 21:53,177.6,187.9,183.6,183,192.6,187.9,185.2,179.9,180.1,180,179.8,200,200.2,200.3,200.2,200,179.8,180,180,35.8,48.9,47.7,11.196,11.183,27.854,1783,196.2,16.3,196.727,2020-06-24 20:10,22.6,20.9
2020-06-24 21:28,Extruder 1,20-A-307,90310-000065060004,7050 0% 065T 600W BK N/T,57830,2238,1250,500,2020-06-24 21:28,177.3,188,183,183.4,192.2,194.3,183,180,179.8,180,180.9,199.4,200.6,200.5,200.7,199.9,180.1,180,180,35.4,48.8,47.9,11.004,11.008,27.51,1807,194.3,16,200.356,2020-06-24 20:10,22.7,21.1
2020-06-24 20:43,Extruder 1,20-A-307,90310-000065060004,7050 0% 065T 600W BK N/T,57830,2238,1250,250,2020-06-24 20:43,177.8,187.9,182.1,183.2,193,190.1,186.9,179.9,179.9,180,180,199.9,200,199.9,199.9,199.9,180.1,180,180,35.7,48.7,47.9,11.201,11.185,27.806,1785,197.7,16.6,197.201,2020-06-24 20:10,22.6,21.1
2020-06-24 20:20,Extruder 1,20-A-306,90310-000065060004,7050 0% 065T 600W BK N/T,57830,2238,1250,1000,2020-06-24 20:20,178,188.1,183.3,183.1,193.3,196.5,186.9,180,180,180,179.8,200,200,199.9,199.9,199.9,179.9,180,179.9,35.9,49,48,11.196,11.205,27.834,1791,197.7,16.4,202.324,2020-06-24 18:34,22.6,20.9
2020-06-24 19:36,Extruder 1,20-A-306,90310-000065060004,7050 0% 065T 600W BK N/T,57830,2238,1250,500,2020-06-24 19:36,178.3,188,182.9,182.8,193,197.5,187,180.1,180,180,179.9,200,200,200,199.9,200,180,180,180,36,48.9,47.8,11.205,11.205,27.85,1812,198.1,16.2,198.909,2020-06-24 18:34,22.6,21.1
2020-06-24 19:14,Extruder 1,20-A-306,90310-000065060004,7050 0% 065T 600W BK N/T,57830,2238,1250,250,2020-06-24 19:14,178,188,182.2,183.4,193.1,193.3,187.1,180.1,180.1,180,180.1,200,200,200,200,200,180.1,180,180,35.6,48.7,47.4,11.198,11.201,27.856,1815,197.8,16.2,201.898,2020-06-24 18:34,22.4,21.1
2020-06-24 18:52,Extruder 1,20-A-305,90310-000065060004,7050 0% 065T 600W BK N/T,57830,2238,1250,1000,2020-06-24 18:52,178.2,188.1,183.6,182.9,192.7,188.1,187.1,180,180.1,180,180.3,200,200,200,200.1,200.1,180.2,180.1,180,35.5,48.3,47.8,11.198,11.193,27.829,1820,197.8,15.7,200.142,2020-06-24 17:07,22.2,20.8
2020-06-24 18:09,Extruder 1,20-A-305,90310-000065060004,7050 0% 065T 600W BK N/T,57830,2238,1250,500,2020-06-24 18:09,177.9,188,183.3,182.8,192.6,189.9,187,180,180,180,180.7,199.9,200.1,200,200,199.9,180,180.1,180,35.6,48.6,47.7,11.21,11.219,27.886,1802,197.7,15.4,200,2020-06-24 17:07,22,20.5
2020-06-24 17:47,Extruder 1,20-A-305,90310-000065060004,7050 0% 065T 600W BK N/T,57830,2238,1250,250,2020-06-24 17:47,178.2,188,183.1,182.9,193,192.1,187,179.8,180,180,180.4,199.9,200,200,199.9,200,180,180.1,180.1,35.9,48.4,47.4,11.192,11.188,27.852,1813,198,16.2,200.901,2020-06-24 17:07,22.1,20.7
2020-06-24 17:23,Extruder 1,20-A-304,90310-000065060004,7050 0% 065T 600W BK N/T,57830,2238,1250,1000,2020-06-24 17:23,177.9,188.1,183.5,183.4,193.3,194,187.1,179.9,180.1,180,180,200,200.2,200.1,200.3,200.3,180,180,180.1,36,48.9,47.4,11.201,11.205,27.841,1811,198,16.2,200.19,2020-06-24 15:38,22.1,20.6
2020-06-24 16:39,Extruder 1,20-A-304,90310-000065060004,7050 0% 065T 600W BK N/T,57830,2238,1250,500,2020-06-24 16:39,177.9,187.8,182.5,183.6,193.2,198.6,187,180,180,180,180.2,200,199.9,200,200,200.1,180,180,180,35.3,48.2,47.3,11.198,11.205,27.882,1799,198.4,15.3,201.637,2020-06-24 15:38,22.1,20.9
2020-06-24 16:17,Extruder 1,20-A-304,90310-000065060004,7050 0% 065T 600W BK N/T,57830,2238,1250,250,2020-06-24 16:17,177.8,188.2,183.3,183,193.1,191.4,187.1,180,180,180,179.8,200,200,200,200,200.1,180,180,180,35.8,48.6,47.3,11.194,11.173,27.756,1819,197.9,15.4,200.878,2020-06-24 15:38,22.1,20.7
2020-06-24 15:55,Extruder 1,20-A-303,90310-000065060004,7050 0% 065T 600W BK N/T,57830,2238,1250,1000,2020-06-24 15:55,178,187.9,182.7,182.9,192.9,189.6,187.1,180,180.1,180,180.5,200.1,200.1,200,200.1,200,180,180,180,35.3,48.4,47.5,11.201,11.233,27.843,1795,198,16,205.645,2020-06-24 14:17,21.8,20.5
2020-06-24 15:11,Extruder 1,20-A-303,90310-000065060004,7050 0% 065T 600W BK N/T,57830,2238,1250,500,2020-06-24 15:11,177.9,187.9,182.9,183.2,192.7,189.7,186.9,179.8,180.1,180,180.4,200,200.1,200.1,200.2,200.1,179.7,180,180,35.4,48.4,47.3,11.205,11.203,27.831,1804,197.6,15.6,200.617,2020-06-24 14:17,21.7,20.6
2020-06-24 14:49,Extruder 1,20-A-303,90310-000065060004,7050 0% 065T 600W BK N/T,57830,1251,1250,250,2020-06-24 14:49,178.1,188,182.9,183.3,193,193.1,186.9,179.8,180.1,180,180.3,199.9,199.9,199.9,200,200,180.4,180,180,35.1,48.2,47.3,11.198,11.213,27.85,1794,197.8,15.4,198.743,2020-06-24 14:17,21.6,20.3
2020-06-24 14:27,Extruder 1,20-A-302,90310-000065060004,7050 0% 065T 600W BK N/T,57830,1251,1250,1000,2020-06-24 14:27,178,188,183,182.6,193.3,194.6,186.9,180.2,180.1,180,180,200,199.9,200.1,200.2,200.3,179.6,180,180,35.4,48.5,47.3,11.205,11.211,27.841,1788,197.7,15.1,196.94,2020-06-24 12:46,21.6,20.4
2020-06-24 13:43,Extruder 1,20-A-302,90310-000065060004,7050 0% 065T 600W BK N/T,57830,1251,1250,500,2020-06-24 13:43,178.2,188,183.3,182.8,192.8,198.4,186.6,179.8,180,180,180.2,199.9,200,199.9,200,199.9,179.7,180,180.1,35.3,48.2,47.3,11.203,11.211,27.831,1772,197.9,14.8,195.92,2020-06-24 12:46,21.3,20.1
2020-06-24 13:21,Extruder 1,20-A-302,90310-000065060004,7050 0% 065T 600W BK N/T,57830,1251,1250,250,2020-06-24 13:21,178.2,188.1,182.7,183.5,193,193,186.7,180,180,180,180.7,200,200.1,200,199.8,199.8,180.3,180,180,35.4,48.1,47.3,11.198,11.221,27.888,1797,197.4,14.8,197.652,2020-06-24 12:46,21.5,20.3
2020-06-24 12:59,Extruder 1,20-A-301,90310-000065060004,7050 0% 065T 600W BK N/T,57830,1251,1250,1000,2020-06-24 12:59,177.9,188,182.4,182.7,192.7,188.1,186.7,180,180,180,180.5,200,200,200.1,199.9,200,180.1,180,180.1,35.6,48.4,47.3,11.203,11.188,27.884,1795,197.4,15.7,199.502,2020-06-24 11:14,21.6,20.3
2020-06-24 12:15,Extruder 1,20-A-301,90310-000065060004,7050 0% 065T 600W BK N/T,57830,1251,1250,500,2020-06-24 12:15,177.5,187.7,181.8,182.4,192.6,191.1,186.6,179.7,180.1,180,180.1,200,200,199.9,199.9,200,180,180,180.1,35.3,48.3,47.1,11.196,11.181,27.831,1795,197.3,14.8,200.047,2020-06-24 11:14,21.7,20.3
2020-06-24 11:53,Extruder 1,20-A-301,90310-000065060004,7050 0% 065T 600W BK N/T,57830,1251,1250,250,2020-06-24 11:53,177.8,187.9,183.2,183.1,192.7,189.6,186.5,180,180.1,180,180.4,200.1,200,200.1,200.1,199.9,180,180.1,180,35.6,48.4,47.1,11.201,11.203,27.825,1808,197.2,15.4,195.114,2020-06-24 11:14,21.9,20.5
2020-06-24 11:22,Extruder 1,20-A-300,90310-000065060004,7050 0% 065T 600W BK N/T,57830,1251,1250,250,2020-06-24 11:22,176.5,187.8,183.2,183.3,192.5,187.7,185.7,179.8,180,180,180.1,200.1,200.4,200.1,200.1,200,179.8,180,180,35.3,48.3,47.3,11.294,11.301,27.861,1802,196.6,15.6,202.68,2020-06-24 9:40,21.8,20.5
2020-06-24 10:38,Extruder 1,20-A-300,90310-000065060004,7050 0% 065T 600W BK N/T,57830,1251,1250,500,2020-06-24 10:38,178,187.9,183.2,183.5,193.2,195.8,186.9,180.1,180.1,180,180.1,200,199.9,200.1,200,200,180.3,180.1,180,35.1,48.2,47,11.502,11.496,27.82,1797,197.8,15.1,201.589,2020-06-24 9:40,21.4,20.2
2020-06-24 10:17,Extruder 1,20-A-300,90310-000065060004,7050 0% 065T 600W BK N/T,57830,1251,1250,250,2020-06-24 10:17,178,188,182.5,182.2,192.5,187.6,186.9,179.5,180.1,180,180.3,200,199.9,200,200.1,200,179.5,180,179.9,35.2,48.3,47.3,11.507,11.513,27.825,1805,197.6,15.3,206.357,2020-06-24 9:40,21.6,20.2
2020-06-24 9:55,Extruder 1,20-A-299,90310-000065060004,7050 0% 065T 600W BK N/T,57830,1251,1250,1000,2020-06-24 9:55,177.9,187.9,182.8,183.3,193.3,197.8,186.7,179.7,180.2,180,180,200,200.1,200.1,200.1,200,180.3,180.1,180,35.7,48.6,47.3,11.504,11.493,27.861,1797,198,15.7,206.096,2020-06-19 22:09,21.8,20.5
2020-06-24 8:44,Extruder 1,20-A-299,90310-000065060004,7050 0% 065T 600W BK N/T,57830,1251,1250,500,2020-06-24 8:44,175.5,188,183,183.3,192.5,191.3,183.7,180.1,180.4,180,180.6,200.2,200.8,200.7,200.8,200.2,180.6,180,180,36.2,62.4,47.8,11.154,11.235,27.59,1778,195.2,14.5,197.32,2020-06-19 22:09,22,20.7
2020-06-24 8:22,Extruder 1,20-A-299,90310-000065060004,7050 0% 065T 600W BK N/T,57830,1251,1250,250,2020-06-24 8:22,179.5,188,183.9,182,192.4,188.3,181.4,179.8,180.2,180,180.5,200.3,200.4,200.6,200.3,200,180.2,180,179.8,35.7,62.6,47.6,11.403,11.39,25.535,1763,192,15.9,201.921,2020-06-19 22:09,22.1,20.7
2020-05-21 12:48,Extruder 1,20-A-243,90310-000065073004,7050 0% 065T 730W BK N/T,57294,2238,1250,1000,2020-05-21 12:48,178.2,188,190.1,190,190.2,200.5,195.1,194.7,195.1,200,200.2,212,205,205,205,210,199.9,205,205,24.9,63.7,49.1,7.602,7.604,22.595,1640,203.4,22.2,167.102,2020-05-21 10:26,29.8,28.9
2020-05-21 11:43,Extruder 1,20-A-243,90310-000065073004,7050 0% 065T 730W BK N/T,57294,2238,1250,500,2020-05-21 11:43,178,188,190.1,189.9,190.2,201.8,195.2,194.7,194.9,200,200.5,211.9,204.9,205,205.1,210,199.8,205,205.2,24.7,63.6,48.8,7.602,7.61,22.583,1638,203.4,21.4,183.895,2020-05-21 10:26,29,28.6
2020-05-21 11:11,Extruder 1,20-A-243,90310-000065073004,7050 0% 065T 730W BK N/T,57294,2238,1250,250,2020-05-21 11:11,177.8,187.9,189.9,189.8,190.1,201.6,195.1,195.7,195,200,199.5,212.1,205,205.1,205,210,199.9,205,205,24.5,63,48.5,7.6,7.602,22.41,1648,203.1,21.9,182.045,2020-05-21 10:26,29,28.6
2020-05-21 10:04,Extruder 1,20-A-242,90310-000065073004,7050 0% 065T 730W BK N/T,57294,2238,1250,1000,2020-05-21 10:04,177.9,187.9,189.9,190,189.8,194.3,195.2,194.8,195,200,200.2,211.9,204.8,204.8,204.8,210,200,205,205.2,25.2,63.3,48.4,7.403,7.407,22.164,1636,203.1,23.3,180.455,2020-05-21 7:42,28.4,28.3
2020-05-21 8:58,Extruder 1,20-A-242,90310-000065073004,7050 0% 065T 730W BK N/T,57294,2238,1250,500,2020-05-21 8:58,178.1,188,190,189.9,189.9,193.2,195,195.2,195,200,199.9,212,204.8,204.9,204.8,209.9,200.1,205.1,205,24.6,63,48.1,7.6,7.592,21.904,1624,202.9,20.2,183.586,2020-05-21 7:42,27.6,28
2020-05-21 8:25,Extruder 1,20-A-242,90310-000065073004,7050 0% 065T 730W BK N/T,57294,2238,1250,250,2020-05-21 8:25,178.1,188,190.1,190,190.1,190,195.1,195,195,199.9,200.1,212.1,205.1,205.2,205,210,200.2,205.1,205,25.1,62.7,47.8,7.597,7.612,21.959,1630,202.6,21.2,183.325,2020-05-21 7:42,27.3,28.1
2020-05-21 7:39,Extruder 1,20-A-241,90310-000065073004,7050 0% 065T 730W BK N/T,57294,2238,1250,1000,2020-05-21 7:39,178.1,187.9,190.2,189.9,189.8,191,195,195.1,195,200.1,200,212.1,205,205,205,210.1,200.2,205,204.9,24.9,62,47.3,7.604,7.592,21.959,1618,202.4,18.7,185.176,2020-05-21 5:17,26.8,27.9
2020-05-21 6:34,Extruder 1,20-A-241,90310-000065073004,7050 0% 065T 730W BK N/T,57294,1766,1250,500,2020-05-21 6:34,177.9,188.1,189.9,190,190,194.8,194.9,194.9,195,200,199.4,211.9,205.1,205,204.9,210,200.1,205,205,25.3,62,47.4,7.706,7.672,22.182,1624,202.5,18,186.456,2020-05-21 5:17,26.9,27.9
2020-05-21 6:03,Extruder 1,20-A-241,90310-000065073004,7050 0% 065T 730W BK N/T,57294,1766,1250,250,2020-05-21 6:03,178,188.1,190.1,190.1,190,197.9,195,194.8,195,199.9,199.4,211.9,205.1,205,205,210,199.9,204.9,205.1,25.2,62.1,47.5,7.797,7.799,22.565,1629,202.8,18.3,185.674,2020-05-21 5:17,26.9,27.9
2020-05-21 5:31,Extruder 1,20-A-240,90310-000065073004,7050 0% 065T 730W BK N/T,57294,1766,1250,1000,2020-05-21 5:31,178,188.1,190.2,189.9,190.2,200.3,195,194.9,195,199.9,200.1,212,205,204.9,205,209.9,199.8,205.1,204.8,24.8,62.6,47.8,7.802,7.799,22.549,1622,203.1,18.9,184.156,2020-05-20 20:09,26.4,27
2020-05-21 4:28,Extruder 1,20-A-240,90310-000065073004,7050 0% 065T 730W BK N/T,57294,1766,1250,500,2020-05-21 4:28,178.1,188.1,190.1,190,190,198.1,195.1,195.5,195,200,200,212.1,205,205.1,205.1,209.9,200,204.9,205.1,24.5,62.7,47.9,7.802,7.811,22.654,1602,203,19.4,181.926,2020-05-20 20:09,26.6,27.2
2020-05-21 3:56,Extruder 1,20-A-240,90310-000065073004,7050 0% 065T 730W BK N/T,57294,1766,1250,250,2020-05-21 3:56,177.8,187.9,190.1,189.9,189.9,191.2,195,195.3,194.9,200.1,199.8,212.1,204.9,205,204.7,209.9,200,204.9,204.8,24.8,62.6,48,7.802,7.793,22.301,1572,202.4,20.8,183.136,2020-05-20 20:09,26.4,27
2020-05-21 3:25,Extruder 1,20-A-240,90310-000065073004,7050 0% 065T 730W BK N/T,57294,1766,1250,2000,2020-05-21 3:25,178.1,188,190.1,189.7,189.8,188.6,195.2,195.3,195,200,200,212,205.2,205.3,205.1,209.9,200.2,205,204.9,24.8,62.2,47.9,7.804,7.811,22.323,1597,202.2,18.8,181.025,2020-05-20 20:09,26.9,27.4
2020-05-21 0:19,Extruder 1,20-A-240,90310-000065073004,7050 0% 065T 730W BK N/T,57294,1766,1250,1000,2020-05-21 0:19,177.2,187.7,189.8,189.4,189.8,195.1,195.6,195.2,195,200,199.9,212.2,205.5,205.4,205.6,210.1,199.9,205,205,24.9,62.3,48.3,7.6,7.6,21.009,1631,201.5,17.5,182.045,2020-05-20 20:09,28.4,28.4
2020-05-20 21:22,Extruder 1,20-A-240,90310-000065073004,7050 0% 065T 730W BK N/T,57294,1476,1250,500,2020-05-20 21:22,177.6,187.9,189.6,189.9,189.8,196.1,195.2,194.8,194.9,200,200.7,212.1,205.1,205.3,205.2,208.1,200,204.8,205,41.4,67.7,53.4,7.498,7.503,23.046,1642,202.9,18.4,187.358,2020-05-20 20:09,30.3,29.1
2020-05-20 20:50,Extruder 1,20-A-240,90310-000065073004,7050 0% 065T 730W BK N/T,57294,1476,1250,250,2020-05-20 20:50,177.8,187.8,190.4,189.7,190.1,196.6,195.3,195.2,194.8,199.9,200.2,212.1,205.2,205.2,205.4,208,199.8,205,204.8,41.3,67.9,53.5,7.5,7.503,21.964,1651,202.1,16.8,185.579,2020-05-20 20:09,30.7,29.7
2020-05-20 19:44,Extruder 1,20-A-239,90310-000065073004,7050 0% 065T 730W BK N/T,57294,1476,1250,1000,2020-05-20 19:44,177.9,188,190.1,190,190.1,199,195.2,195.6,195,200,199.9,212,204.9,205,204.8,207.9,199.9,205.1,205.1,41.5,68.2,53.6,7.549,7.548,23.977,1654,203.6,20.4,188.781,2020-05-20 13:07,30.9,29.6
2020-05-20 18:39,Extruder 1,20-A-239,90310-000065073004,7050 0% 065T 730W BK N/T,57294,1476,1250,500,2020-05-20 18:39,177.8,188.1,189.9,189.9,189.8,192.7,195.2,195.2,195.1,200,200,211.9,205,205.1,204.7,207.4,200.1,205.1,205.1,46.8,68.2,54.7,7.551,7.536,23.182,1650,203.1,19.5,184.725,2020-05-20 13:07,31.2,29.8
2020-05-20 18:07,Extruder 1,20-A-239,90310-000065073004,7050 0% 065T 730W BK N/T,57294,1476,1250,250,2020-05-20 18:07,177.9,188,190.5,189.9,190,190.2,195.3,194.7,195.2,200,200.2,212.1,205.1,205,205.2,210.1,200,205,205.1,46.7,68.5,54.7,7.551,7.554,22.982,1638,202.9,19.5,185.579,2020-05-20 13:07,31.2,29.7
2020-05-20 17:11,Extruder 1,20-A-239,90310-000065073004,7050 0% 065T 730W BK N/T,57294,1476,1250,500,2020-05-20 17:11,177.8,187.7,190.3,189.7,189.8,201.5,195.5,195.2,195,199.9,200.2,212.1,205.1,205.3,205.3,208.1,199.9,205,205,46.4,68.2,54.5,7.6,7.606,22.984,1655,203.1,17.1,187.334,2020-05-20 13:07,31.1,29.8
2020-05-20 16:39,Extruder 1,20-A-239,90310-000065073004,7050 0% 065T 730W BK N/T,57294,1476,1250,250,2020-05-20 16:39,176,187.2,189.6,189.9,188.7,196,195.5,195.6,195,200,200.2,212.2,204.9,205.1,205.1,208.3,199.9,205.2,205.2,31,63.8,49.3,8.494,8.474,22.989,1719,201.6,16.9,188.757,2020-05-20 13:07,30.7,29.9
2020-05-20 13:16,Extruder 1,20-A-238,90310-000065065004,7050 0% 065T 650W BK N/T,57364,2238,1250,1000,2020-05-20 13:16,178,188,190.1,190.1,190,193,195,195.3,195.2,200.2,199.6,212.1,205.1,205.1,205.2,208.1,200,205.1,205,44.3,68.1,53.5,10.103,10.083,22.743,1677,202.8,19.6,181.926,2020-05-20 11:24,30.2,28.9
2020-05-20 12:27,Extruder 1,20-A-238,90310-000065065004,7050 0% 065T 650W BK N/T,57364,2238,1250,500,2020-05-20 12:27,178.2,188.1,189.8,190,190,195.6,195,195,195.2,200,199.9,212.1,205.1,205.1,205.1,208.2,199.9,205,205,43.6,68.3,53.4,10.103,10.099,22.749,1678,202.9,20.9,180.028,2020-05-20 11:24,30,28.9
2020-05-20 12:03,Extruder 1,20-A-238,90310-000065065004,7050 0% 065T 650W BK N/T,57364,2238,1250,250,2020-05-20 12:03,178,188,189.9,190,190.1,191.4,195.2,195.3,195,200,200.4,212.1,205,205,205,208,200.1,205,204.8,43.7,68,53.2,10.097,10.085,22.777,1666,203,20.9,181.855,2020-05-20 11:24,29.8,28.8
2020-05-20 11:38,Extruder 1,20-A-237,90310-000065065004,7050 0% 065T 650W BK N/T,57364,2238,1250,1000,2020-05-20 11:38,177.7,188.1,190.1,190,190,197.7,195.1,195,195.1,200.1,199.5,212,205.1,205,205,208,199.9,205.1,205,43.9,68.2,53.2,10.099,10.091,22.811,1665,203,20.3,177.775,2020-05-20 9:53,29.6,28.8
2020-05-20 4:58,Extruder 1,20-A-236,90310-000065065004,7050 0% 065T 650W BK N/T,57364,1580,1250,1000,2020-05-20 4:58,178.5,187.8,190.1,189.8,189.9,192.5,195.4,195,195,199.9,200.1,212,205.4,205.4,205.3,208,200,205,204.8,42.7,67,52,9.598,9.589,21.419,1733,202.2,15.8,179.768,2020-05-20 1:47,26.9,27.7
2020-05-20 4:07,Extruder 1,20-A-236,90310-000065065004,7050 0% 065T 650W BK N/T,57364,1580,1250,500,2020-05-20 4:07,172.3,187.5,189.6,190.7,188.7,186.3,194.6,194.5,194.6,200.2,200.4,212.1,205,205,205.4,208.1,200.4,205.1,204.6,46.5,65.8,46.5,8.998,9.001,11.884,1580,198,15.7,145.375,2020-05-20 1:47,27,27.7
2020-05-20 2:04,Extruder 1,20-A-236,90310-000065065004,7050 0% 065T 650W BK N/T,57364,1580,1250,250,2020-05-20 2:04,177,187.8,189.4,189.8,190.3,190.7,195,194.6,194.9,199.9,200.2,212.1,205.3,205.2,205.4,208,200.1,205,205,45.4,66.3,47.1,9.702,9.683,22.36,1778,202,15.4,180.455,2020-05-20 1:47,27.8,28.3
2020-05-20 1:17,Extruder 1,20-A-235,90310-000065065004,7050 0% 065T 650W BK N/T,57364,1580,1250,1000,2020-05-20 1:17,178,187.9,190.1,190,190.4,201.7,195.1,195.2,195.1,200,199.9,212,205,204.8,205,208,199.9,205.1,205.1,45.7,66.6,47.3,9.501,9.514,17.891,1590,203.2,16.8,167.339,2020-05-19 23:28,27.7,27.7
2020-05-20 0:26,Extruder 1,20-A-235,90310-000065065004,7050 0% 065T 650W BK N/T,57364,1580,1250,500,2020-05-20 0:26,178,188,190,190,190.3,199.8,195,195,194.9,199.9,200.2,212,204.9,204.8,204.8,207.8,199.8,205,205.1,45.2,66.8,47.5,9.501,9.516,22.431,1724,203.1,17.3,182.4,2020-05-19 23:28,28.1,27.7
2020-05-20 0:00,Extruder 1,20-A-235,90310-000065065004,7050 0% 065T 650W BK N/T,57364,1580,1250,250,2020-05-20 0:00,178.2,188.1,190.1,189.9,189.8,189.7,195,195.1,195.1,199.9,199.5,212,205,205.1,205.1,208.1,200.1,205.1,205,49,68,47.7,9.501,9.514,22.435,1754,203,17.4,180.195,2020-05-19 23:28,28.6,28.1
2020-05-19 23:34,Extruder 1,20-A-234,90310-000065065004,7050 0% 065T 650W BK N/T,57364,1580,1250,1000,2020-05-19 23:34,178.1,188,190.1,190,190.1,195.7,195,195.2,195,200,200.4,212,205,205,204.9,207.8,199.9,205.1,205.1,48.9,68,47.7,9.499,9.49,22.424,1773,203,17.7,183.065,2020-05-19 21:38,28.6,28.2
2020-05-19 22:42,Extruder 1,20-A-234,90310-000065065004,7050 0% 065T 650W BK N/T,57364,2262,1250,500,2020-05-19 22:42,177.9,188,189.9,190,190,192.8,194.7,194.9,194.9,200,199.9,211.9,205.1,204.8,205,208,200,205.1,205,48.4,67.8,47.9,9.494,9.48,22.462,1751,202.6,18.1,179.103,2020-05-19 21:38,29,28.4
2020-05-19 22:16,Extruder 1,20-A-234,90310-000065065004,7050 0% 065T 650W BK N/T,57364,2262,1250,250,2020-05-19 22:16,178,188,189.7,189.9,189.8,200.2,195,194.9,194.9,200,200.1,212.1,204.9,205,205,208,200,205.1,204.9,48.9,68.2,48,9.499,9.498,22.474,1749,203.4,18.3,181.499,2020-05-19 21:38,29.2,28.4
2020-05-19 21:50,Extruder 1,20-A-233,90310-000065065004,7050 0% 065T 650W BK N/T,57364,2262,1250,1000,2020-05-19 21:50,178,188,189.9,190.1,189.9,190.4,195,195,194.9,199.9,200.2,211.9,205,205,205,207.9,200,204.9,205,48.6,68.1,47.9,9.497,9.484,22.51,1790,203.1,18.9,187.239,2020-05-19 19:54,29.4,28.5
2020-05-19 20:58,Extruder 1,20-A-233,90310-000065065004,7050 0% 065T 650W BK N/T,57364,2262,1250,500,2020-05-19 20:58,178.1,188.1,190.2,189.9,189.8,188.6,195.1,195.1,195,200,200.1,212,205,205.1,205,208,200.2,205,204.8,48.7,68.3,48.2,9.501,9.516,22.474,1794,203.1,19.6,189.777,2020-05-19 19:54,29.9,28.7
2020-05-19 20:32,Extruder 1,20-A-233,90310-000065065004,7050 0% 065T 650W BK N/T,57364,2262,1250,250,2020-05-19 20:32,178.2,188,190,189.9,190,200.3,195.1,194.7,195,200,199.6,212,205,205,205,207.9,199.9,205.1,205.1,48.9,68.5,48.3,9.499,9.49,22.449,1790,203.7,19.6,182.424,2020-05-19 19:54,29.9,28.7
2020-05-19 20:06,Extruder 1,20-A-232,90310-000065065004,7050 0% 065T 650W BK N/T,57364,2262,1250,1000,2020-05-19 20:06,177.7,188,189.8,189.9,189.8,189.6,195.3,194.8,195,199.9,199.6,212.1,205,205,205,208.1,200.1,205.2,205.1,49,68.5,48.4,9.499,9.5,22.508,1796,203.3,19.8,185.816,2020-05-19 17:51,30.2,28.9
2020-05-19 19:15,Extruder 1,20-A-232,90310-000065065004,7050 0% 065T 650W BK N/T,57364,2262,1250,500,2020-05-19 19:15,178,188,190.2,189.8,189.8,193.5,195.3,195.2,195,200,200.5,212.1,205.1,205.2,205.2,208.1,200,205.1,204.9,48.8,68.5,48.4,9.497,9.518,22.446,1803,203.7,19.3,183.088,2020-05-19 17:51,30.3,28.9
2020-05-19 18:49,Extruder 1,20-A-232,90310-000065065004,7050 0% 065T 650W BK N/T,57364,2262,1250,250,2020-05-19 18:49,176.8,187.8,190.2,189.8,189.8,192.7,195.2,194.9,195,200,199.4,212.3,205.6,205.5,205.5,208.3,200.2,205.1,204.8,48.7,68.5,48.5,9.501,9.514,22.476,1830,202.8,18.7,188.33,2020-05-19 17:51,30.3,28.9
2020-05-19 18:12,Extruder 1,20-A-232,90310-000065065004,7050 0% 065T 650W BK N/T,57364,2262,1250,500,2020-05-19 18:12,173.9,186.4,189.7,189.6,188.8,184.8,194,195.3,195,200.2,200.4,212.2,204.7,205,205,208.2,200.2,205.2,204.9,48.5,67.5,48.2,12.004,12,22.451,2089,200.3,15.7,191.959,2020-05-19 17:51,30.1,28.9
2020-05-19 16:54,Extruder 1,20-A-231,90310-000065065004,7050 0% 065T 650W BK N/T,57364,2262,1250,250,2020-05-19 16:54,177.3,188,189.8,189.8,189.9,195.2,195.5,195.1,194.9,199.9,200.2,212.2,205.6,205.3,205.3,208,200.1,204.9,205.1,48.2,68.1,48.3,10.506,10.517,22.431,1829,203.8,19.1,188.306,2020-05-15 13:39,30.1,28.8
2020-05-19 16:26,Extruder 1,20-A-231,90310-000065065004,7050 0% 065T 650W BK N/T,57364,2262,1250,250,2020-05-19 16:26,177.6,187.6,188.8,189.8,189.8,195,195.7,194.8,195,200,200.7,213,205.9,205.4,205.2,208,199.9,204.9,205,48.3,68.2,48.3,9.799,9.791,22.426,1845,203.1,18.8,190.251,2020-05-15 13:39,29.9,28.9
2020-05-19 14:05,Extruder 1,20-A-231,90310-000065065004,7050 0% 065T 650W BK N/T,57364,0,1250,2000,2020-05-19 14:05,178,188.6,189.7,190.1,189.8,194.9,195.7,195.1,195,200,200.2,208.4,205.8,205.8,206.1,208.4,200.2,205.1,205.1,64,78.3,46.4,12.002,12.02,26.287,1800,204.4,16.2,199.763,2020-05-15 13:39,29.6,28.5
2020-05-19 11:30,Extruder 1,20-A-231,90310-000065065004,7050 0% 065T 650W BK N/T,57364,0,1250,1000,2020-05-19 11:30,182.3,188.3,189.6,189.9,189.6,195,195.6,195.3,195,199.9,200.1,208.3,205.8,205.8,206.1,208.3,199.9,205,205,63.3,70.9,36.7,10.004,10.01,22.984,1881,203.4,15.4,190.251,2020-05-15 13:39,28.2,28
2020-03-10 20:41,Extruder 1,20-A-158,90310-000065110004,7050 0% 065T 1100W BK N/T,56322,2262,1250,1000,2020-03-10 20:41,177.7,187.9,189.9,189,189.8,194.5,196.2,195,195,200,200.6,214.9,208,205,207.9,211.8,200,205.1,205,40.6,69.9,50.9,7.301,7.309,30.034,1657,205.3,18.7,192.339,2020-03-10 18:23,23.9,26.6
2020-03-10 19:34,Extruder 1,20-A-158,90310-000065110004,7050 0% 065T 1100W BK N/T,56322,2262,1250,500,2020-03-10 19:34,178.3,188.1,190,190,190.1,194.9,196.3,194.9,195,199.9,200.5,215,208.1,205,208.1,212,200,204.9,204.9,40.7,70.2,50.9,7.306,7.304,30.039,1649,205.6,19,196.679,2020-03-10 18:23,24.3,26.6
2020-03-10 19:00,Extruder 1,20-A-158,90310-000065110004,7050 0% 065T 1100W BK N/T,56322,2262,1250,250,2020-03-10 19:00,177.9,187.9,190.1,190.1,190,194.8,196.2,194.9,195,199.9,200.2,214.8,207.8,204.9,207.8,211.8,200,204.9,204.9,41.3,70.4,51.2,7.299,7.309,30.021,1629,205.4,19.3,196.656,2020-03-10 18:23,24.4,26.7
2020-03-10 18:26,Extruder 1,20-A-157,90310-000065110004,7050 0% 065T 1100W BK N/T,56322,2262,1250,1000,2020-03-10 18:26,177.4,187.9,190,190.6,190.1,195,196.3,195.1,194.7,199.9,199.9,215.1,208.2,205,208,212,200,205,205.1,40.8,69.8,50.9,7.292,7.301,30.073,1665,205.5,20.3,197.723,2020-03-10 11:48,24.5,26.7
2020-03-10 17:19,Extruder 1,20-A-157,90310-000065110004,7050 0% 065T 1100W BK N/T,56322,2262,1250,500,2020-03-10 17:19,178.1,188.1,190,190.1,190.1,195.3,196.2,195,194.8,200,200,215.1,208.2,205,207.9,211.9,200.1,205.1,205,41,70.4,51.3,7.2,7.2,30.066,1686,205.6,20,199.051,2020-03-10 11:48,24.5,26.9
2020-03-10 16:45,Extruder 1,20-A-157,90310-000065110004,7050 0% 065T 1100W BK N/T,56322,2262,1250,250,2020-03-10 16:45,178.4,188,189.3,190.3,190,195.7,195.9,195.1,195,199.9,200,215,208.3,205.1,208.3,212.1,200.1,205,205,40.8,70.3,51,7.2,7.2,30.016,1641,205.2,20.3,193.098,2020-03-10 11:48,24.4,26.9
2020-03-10 14:12,Extruder 1,20-A-157,90310-000065110004,7050 0% 065T 1100W BK N/T,56322,2238,1250,1000,2020-03-10 14:12,178.8,188.4,190.3,190.6,188,196.3,197.8,194.8,195.1,200,200.5,208.3,208.3,205.3,208.5,212.1,200.1,205,204.9,40.9,70.3,51.6,9.003,9.019,38.642,1840,208.2,22.2,212.215,2020-03-10 11:48,24.8,27
2020-03-10 13:00,Extruder 1,20-A-157,90310-000065110004,7050 0% 065T 1100W BK N/T,56322,2238,1250,500,2020-03-10 13:00,175.9,188.1,190.8,190.3,191.7,195.3,197.7,195,195.3,200,200,208,208.3,205.1,208.2,211.9,200.2,205.1,204.9,41.7,70.9,51.6,9.005,9.021,36.255,1727,207.9,22.6,205.882,2020-03-10 11:48,25.3,27.2
2020-03-10 12:33,Extruder 1,20-A-157,90310-000065110004,7050 0% 065T 1100W BK N/T,56322,2238,1250,250,2020-03-10 12:33,176.9,188.2,189.4,189.8,186,195.3,196.3,195.1,195,199.9,200.1,208.7,208.8,205.5,209,212.6,200,205,204.9,41.5,70.9,51.6,9.005,9.011,36.861,1739,205.9,18.5,207.851,2020-03-10 11:48,25.2,27.8
2020-03-10 11:32,Extruder 1,20-A-156,90310-000065100004,7050 0% 065T 1000W BK N/T,56321,2238,1250,1000,2020-03-10 11:32,181,186.2,189.1,188.5,189.3,195.8,197.9,195.3,195,200.1,200.1,208,208,205,208,211.9,200.1,205,205,41.4,70.9,51.7,8.992,9.019,34.67,729,208.2,23.8,36.812,2020-03-10 9:36,25.7,27.2
2020-03-10 10:37,Extruder 1,20-A-156,90310-000065100004,7050 0% 065T 1000W BK N/T,56321,2238,1250,500,2020-03-10 10:37,177.9,187.5,190,190.4,190,195.4,197.8,195.1,195.2,200,199.6,208,207.8,205.1,208,211.8,200,204.9,205,41.8,71.3,52.2,8.994,8.996,34.633,1755,207.6,22.2,203.961,2020-03-10 9:36,26,27.5
2020-03-10 10:10,Extruder 1,20-A-156,90310-000065100004,7050 0% 065T 1000W BK N/T,56321,2238,1250,250,2020-03-10 10:10,177.4,188,190.1,189.8,189.9,195,197.3,195.1,195.1,199.9,200.3,208.2,208.2,205.1,208.3,212.1,200.1,205,205,42.1,72.1,52.4,9.003,9.004,34.699,1764,207.2,21.6,203.368,2020-03-10 9:36,26.2,27.7
2020-03-10 8:20,Extruder 1,20-A-155,90310-000065100004,7050 0% 065T 1000W BK N/T,56321,2238,1250,1000,2020-03-10 8:20,179,187.9,190.8,189.8,190,196.4,198.5,194.8,195,199.9,200.2,208.1,208.1,204.8,207.8,211.9,200,205.1,204.8,41.7,72.1,52.8,9.305,9.317,35.282,1793,208.5,23.4,206.665,2020-03-10 6:25,25.9,27.8
2020-03-10 7:26,Extruder 1,20-A-155,90310-000065100004,7050 0% 065T 1000W BK N/T,56321,2238,1250,500,2020-03-10 7:26,175.8,188.5,190.8,190.7,190.3,196.2,198.6,195.1,195.2,200.1,200,208,208,205.1,208,212.1,200,205.1,205.1,41.8,72.2,52.8,9.005,9.006,35.271,1801,208.6,25.1,206.38,2020-03-10 6:25,26.1,27.9
2020-03-10 6:59,Extruder 1,20-A-155,90310-000065100004,7050 0% 065T 1000W BK N/T,56321,2238,1250,250,2020-03-10 6:59,177.9,188.1,190.1,190.6,190.1,194.3,198.2,195.3,195.1,200.1,200,208,207.9,204.9,208,211.9,200,205,204.9,41.5,71.9,52.9,9.001,8.986,35.21,1809,208.2,24.4,211.338,2020-03-10 6:25,26.1,27.8
2020-03-10 5:58,Extruder 1,20-A-154,90310-000065100004,7050 0% 065T 1000W BK N/T,56321,1476,1250,1000,2020-03-10 5:58,178.4,188.2,190,190.1,190.1,195.6,198.6,194.7,194.8,200,200.3,208.3,208.3,205,208.1,212.2,200,204.9,205.1,41.8,72.2,52.7,9.003,9.027,35.831,1833,208.8,25.3,212.571,2020-03-10 3:59,26.2,27.7
2020-03-10 5:03,Extruder 1,20-A-154,90310-000065100004,7050 0% 065T 1000W BK N/T,56321,1476,1250,500,2020-03-10 5:03,177.3,187.6,190.7,190.1,190,197.6,198.7,195.1,195,200,200.1,208,207.9,205,207.9,211.9,200,205,205.1,41.8,71.4,52.3,9.003,9.004,35.834,1829,209,25.2,210.602,2020-03-10 3:59,26.1,27.7
2020-03-10 4:35,Extruder 1,20-A-154,90310-000065100004,7050 0% 065T 1000W BK N/T,56321,1476,1250,250,2020-03-10 4:35,177.7,188,190,189.4,189.9,198.2,198.9,195,195,200,200,207.9,208,205,207.9,212,200,205,205.1,41.4,71.4,52.4,9.001,8.991,35.904,1832,209.3,25.4,211.931,2020-03-10 3:59,26.2,27.6
2020-03-10 4:08,Extruder 1,20-A-153,90310-000065100004,7050 0% 065T 1000W BK N/T,56321,1476,1250,1000,2020-03-10 4:08,178.2,187.8,190.1,190.5,189.9,197.1,199,195.2,195,200.1,200.5,207.9,208,205.1,208,212,200.1,205,205,41.6,71.5,52.5,9.001,9.001,35.9,1881,209.5,25.4,219.663,2020-03-10 2:10,26.2,27.7
2020-03-10 3:13,Extruder 1,20-A-153,90310-000065100004,7050 0% 065T 1000W BK N/T,56321,1476,1250,500,2020-03-10 3:13,177.2,188.2,190.1,190.4,190,194.5,198.9,194.9,195.1,200,199.5,208,208.1,205.2,208.1,212,200,205,205,42,71.7,52.6,9.001,9.009,35.656,1878,209.2,25.1,216.129,2020-03-10 2:10,26.4,27.7
2020-03-10 2:46,Extruder 1,20-A-153,90310-000065100004,7050 0% 065T 1000W BK N/T,56321,1476,1250,250,2020-03-10 2:46,177.3,187.5,189.4,189.3,190,192.5,198.7,194.9,195,200,199.7,208.1,208.1,205.1,208.1,212,200,205.1,205,41.5,71.5,52.6,9.001,8.981,35.713,1867,208.7,25.5,216.437,2020-03-10 2:10,26.5,27.7
2020-03-10 2:18,Extruder 1,20-A-152,90310-000065100004,7050 0% 065T 1000W BK N/T,56321,1476,1250,1000,2020-03-10 2:18,178.5,188.2,190.1,189.4,189.8,191.1,198.7,194.6,195,200,199.8,208,208,205.1,208.1,212,200,205,205.1,41.5,71.5,52.7,9.001,9.011,35.18,1868,208.6,25.2,213.805,2020-03-10 0:23,26.8,27.9
2020-03-10 1:24,Extruder 1,20-A-152,90310-000065100004,7050 0% 065T 1000W BK N/T,56321,1476,1250,500,2020-03-10 1:24,177.4,188.3,190.1,189.4,190.7,194.5,198.6,194.9,195.2,199.9,200.4,208,208.1,205.1,208,212,200.1,205.1,205,41.8,71.8,52.8,8.998,8.996,35.44,1850,208.9,23.9,214.184,2020-03-10 0:23,27.5,28.1
2020-03-10 0:56,Extruder 1,20-A-152,90310-000065100004,7050 0% 065T 1000W BK N/T,56321,1476,1250,250,2020-03-10 0:56,177.7,188.7,190.2,190.5,187.8,197.3,197.6,195.3,195,200,200.2,208.2,208.2,205.3,208.4,212.2,200.1,205,204.9,41.8,71.7,52.8,9.001,8.991,35.433,1883,208.4,22.2,213.639,2020-03-10 0:23,27.5,28.2
2020-03-09 23:59,Extruder 1,20-A-151,90310-000065100004,7050 0% 065T 1000W BK N/T,56321,2262,1250,1000,2020-03-09 23:59,177.2,188,190.1,189.9,190.1,192.8,198.6,195.4,195,199.9,200.4,208,208,205.1,208,212.1,199.9,205,204.8,41.7,71.7,52.8,9.203,9.213,35.378,1903,209,25,215.346,2020-03-09 21:58,27.4,28
2020-03-09 23:06,Extruder 1,20-A-151,90310-000065100004,7050 0% 065T 1000W BK N/T,56321,2262,1250,500,2020-03-09 23:06,179.7,187.8,189.4,190.7,189.7,193.7,198.6,195.1,195.1,200,200,208,208.1,205,208,212,200,205.1,205,41.7,71.9,52.9,9.203,9.188,35.704,1923,209.2,24.6,217.576,2020-03-09 21:58,27.4,28
2020-03-09 22:39,Extruder 1,20-A-151,90310-000065100004,7050 0% 065T 1000W BK N/T,56321,2262,1250,250,2020-03-09 22:39,177.3,188.3,189.8,190.7,190.4,195.4,197.8,195.1,194.9,200,200.2,208.1,208.2,205.2,208.2,212.1,199.9,204.8,204.9,41.7,71.8,52.7,9.203,9.19,35.608,1910,209,23.9,214.326,2020-03-09 21:58,27.4,28
2020-03-09 21:54,Extruder 1,20-A-150,90310-000065100004,7050 0% 065T 1000W BK N/T,56321,2262,1250,1000,2020-03-09 21:54,178.2,188.2,189.8,190.6,190,193.2,198.6,195.3,195,199.9,200.1,208,208,205,208,211.9,200,205,205,41.2,71.6,52.9,12.998,12.954,35.711,1933,209.3,25.9,219.046,2020-03-09 19:59,27.3,28
2020-03-09 21:00,Extruder 1,20-A-150,90310-000065100004,7050 0% 065T 1000W BK N/T,56321,2262,1250,500,2020-03-09 21:00,178.1,188.1,190.2,189.8,190,191.6,198.7,194.8,195,200,200.5,208,208,205.1,208,212.1,200,205,205,41.7,71.6,52.7,9.003,9.006,35.713,1907,209.1,25.4,214.658,2020-03-09 19:59,27.3,28
2020-03-09 20:33,Extruder 1,20-A-150,90310-000065100004,7050 0% 065T 1000W BK N/T,56321,2262,1250,250,2020-03-09 20:33,178.6,187.5,190.4,190.4,189.8,193.5,198.7,194.7,195,200.1,199.9,208,208,205,207.9,212,199.9,205,205.1,41.8,71.9,52.9,9.001,8.994,35.713,1906,209.2,25.1,220.707,2020-03-09 19:59,27.4,27.9
2020-03-09 20:03,Extruder 1,20-A-149,90310-000065100004,7050 0% 065T 1000W BK N/T,56321,2262,1250,1000,2020-03-09 20:03,178.7,188,190,190.7,190.3,199,198.5,195.1,194.9,199.9,200.5,208,207.9,204.9,207.9,211.9,200.1,205.1,205,41.3,71.6,52.9,8.998,8.981,35.622,1880,209.5,25,210.484,2020-03-09 18:08,27.4,28.1
2020-03-09 19:09,Extruder 1,20-A-149,90310-000065100004,7050 0% 065T 1000W BK N/T,56321,2262,1250,500,2020-03-09 19:09,177.4,188.2,189.8,189.8,190.2,195.6,198.7,195.3,195,199.9,200.4,208,208,204.9,208,211.9,200.1,205,205,41.5,71.8,53,9.005,9.004,35.604,1891,209.3,25.5,212.287,2020-03-09 18:08,27.6,28
2020-03-09 18:41,Extruder 1,20-A-149,90310-000065100004,7050 0% 065T 1000W BK N/T,56321,2262,1250,250,2020-03-09 18:41,177.4,188.6,189.4,189.8,190.1,193,198.8,195,195,200,200.2,208,208,204.9,208,211.9,200,205,205.1,41.5,71.8,52.9,9.003,8.989,35.663,1893,209.3,25.6,220.351,2020-03-09 18:08,27.5,28
2020-03-09 18:14,Extruder 1,20-A-148,90310-000065100004,7050 0% 065T 1000W BK N/T,56321,2262,1250,1000,2020-03-09 18:14,177.7,187.7,190.3,190.1,190.1,191.2,198.9,194.6,195,199.9,199.9,207.9,208,205,208,212.1,200,205,204.9,41.5,71.9,52.9,8.996,9.016,35.708,1909,209.2,25.9,217.908,2020-03-09 16:11,27.6,28
2020-03-09 17:19,Extruder 1,20-A-148,90310-000065100004,7050 0% 065T 1000W BK N/T,56321,2262,1250,500,2020-03-09 17:19,179.9,187.8,189.4,190.1,190.3,197.7,198.5,195.5,195,199.9,200.6,208.2,208,205.1,207.9,212,200.1,205,205,41.6,71.8,52.9,9.005,9.009,35.718,1906,209.5,25,216.034,2020-03-09 16:11,27.5,28
2020-03-09 16:52,Extruder 1,20-A-148,90310-000065100004,7050 0% 065T 1000W BK N/T,56321,2262,1250,250,2020-03-09 16:52,177.4,188.1,190.4,190.5,190.7,197.2,197.8,195.3,195,199.9,199.9,207.8,208.3,205,208.1,212,200.1,205,204.9,41.5,71.5,52.7,8.994,8.991,35.633,1913,209,24.6,219.189,2020-03-09 16:11,27.4,27.9
2020-03-09 16:08,Extruder 1,20-A-147,90310-000065100004,7050 0% 065T 1000W BK N/T,56321,2262,1250,1000,2020-03-09 16:08,177.5,188.3,189.4,190,190.2,198.6,198.6,195,195.1,200,200,208,207.9,205.1,207.8,211.9,200.1,205,205.1,41.6,71.7,52.9,13.003,13.004,35.738,1896,209.6,25.4,221.395,2020-03-09 14:11,27.5,28.1
2020-03-09 15:14,Extruder 1,20-A-147,90310-000065100004,7050 0% 065T 1000W BK N/T,56321,2262,1250,500,2020-03-09 15:14,178.4,187.9,190.5,189.5,190.1,195.7,198.9,195.3,195,199.9,199.9,207.9,207.9,204.8,207.9,211.9,200,204.9,205.1,41.4,71.8,53,9.001,8.983,35.663,1902,209.4,26,214.018,2020-03-09 14:11,27.8,28.2
2020-03-09 14:46,Extruder 1,20-A-147,90310-000065100004,7050 0% 065T 1000W BK N/T,56321,2238,1250,250,2020-03-09 14:46,176.8,188,189.6,190.4,189.9,194,199.1,194.6,195,200,200.1,207.9,207.9,205.1,208,211.9,200,204.9,205,41.4,71.8,53.1,8.899,8.911,36.08,1909,209.8,27.6,218.311,2020-03-09 14:11,27.9,28.3
2020-03-09 14:19,Extruder 1,20-A-146,90310-000065100004,7050 0% 065T 1000W BK N/T,56321,2238,1250,1000,2020-03-09 14:19,176.7,187.8,189.7,190.1,190,191.6,199.1,195,195,199.9,199.8,208.1,208.1,205.2,208.2,212.1,200,204.9,205,41.6,72,53.2,9.201,9.196,36.449,1916,209.8,28.1,219.307,2020-03-09 12:24,28,28.3
2020-03-09 13:26,Extruder 1,20-A-146,90310-000065100004,7050 0% 065T 1000W BK N/T,56321,2238,1250,500,2020-03-09 13:26,171.4,187.9,190.1,189.6,189.8,193.2,198.9,194.6,195,199.9,199.8,208,208,204.9,208,212.1,199.9,204.9,204.8,41.4,71.9,53.2,9.203,9.203,36.478,1885,209.4,27.5,216.935,2020-03-09 12:24,27.8,28.2
2020-03-09 12:59,Extruder 1,20-A-146,90310-000065100004,7050 0% 065T 1000W BK N/T,56321,2238,1250,250,2020-03-09 12:59,181.1,188.5,190.2,189.8,190.1,200.8,198.7,195,194.9,199.9,199.5,207.9,208,205,208,212,200,205,205.1,41.6,71.8,53.1,9.198,9.216,36.515,1846,209.7,26.9,219.046,2020-03-09 12:24,27.7,28
2020-03-09 12:32,Extruder 1,20-A-145,90310-000065100004,7050 0% 065T 1000W BK N/T,56321,2238,1250,1000,2020-03-09 12:32,181,188.5,190.1,190.5,190.2,191.6,198.7,195.2,195,199.9,200.1,208,208,205.1,208,211.9,200.1,205,204.9,42.1,72.4,53.2,9.203,9.216,36.513,1865,209.4,27.4,218.382,2020-03-09 10:43,27.7,27.9
2020-03-09 11:39,Extruder 1,20-A-145,90310-000065100004,7050 0% 065T 1000W BK N/T,56321,2238,1250,500,2020-03-09 11:39,181.4,187.9,190.4,190.2,190.4,198.9,197.9,195,194.6,199.6,200.3,207.7,208,204.9,207.9,211.6,199.9,204.9,204.5,41.7,72,53.3,9.196,9.203,36.829,1883,209.2,25.8,220.541,2020-03-09 10:43,28.1,28.5
2020-03-09 11:12,Extruder 1,20-A-145,90310-000065100004,7050 0% 065T 1000W BK N/T,56321,2238,1250,250,2020-03-09 11:12,177.2,188,190.8,189.3,189.5,196.3,196.6,194.8,193.9,199.5,200.5,207.4,208,204.7,208,211.1,199.9,204.7,204.4,41.3,72,53.2,9.003,9.006,36.107,1876,207.8,23.9,215.441,2020-03-09 10:43,28.2,28.4
2020-03-09 10:16,Extruder 1,20-A-144,90310-000065100004,7050 0% 065T 1000W BK N/T,56321,2238,1250,1000,2020-03-09 10:16,176.8,188.3,191,190.7,187.3,197.9,193,193,189.6,198.7,200.6,202.8,203.8,202.8,204,206.5,199.6,204.3,201.5,41.6,71.1,31.7,5.6,5.591,35.066,1927,201.1,19.2,222.391,2020-03-09 7:46,28.4,28.9
2020-03-09 8:44,Extruder 1,20-A-144,90310-000065100004,7050 0% 065T 1000W BK N/T,56321,2238,1250,500,2020-03-09 8:44,178.2,187.4,190.1,189.8,189.9,189.5,199,195.3,195.1,200,200.3,208.1,208.2,205.1,208.1,212.1,200.1,205.1,205,41.6,72,53.2,8.994,9.011,35.984,1914,209.3,28.3,218.43,2020-03-09 7:46,27.7,28
2020-03-09 8:17,Extruder 1,20-A-144,90310-000065100004,7050 0% 065T 1000W BK N/T,56321,2238,1250,250,2020-03-09 8:17,178,187.8,190.2,190.4,190.2,196.2,198.9,194.8,195.1,200.1,199.9,207.9,208,205,208.2,212,199.9,205,205,41.4,71.6,53.2,8.994,8.996,35.92,1899,209.6,27.9,211.646,2020-03-09 7:46,27.8,28.1
2020-03-09 7:48,Extruder 1,20-A-143,90310-000065100004,7050 0% 065T 1000W BK N/T,56321,2238,1250,1000,2020-03-09 7:48,177.8,187.7,189.8,190.3,190.4,200,198.6,195.2,194.8,200.1,200.4,207.9,207.9,205.1,207.7,211.5,200,205,205,41.8,71.6,52.9,9.003,8.986,35.836,1887,209.7,27,216.224,2020-03-09 5:57,27.8,27.9
2020-03-09 6:53,Extruder 1,20-A-143,90310-000065100004,7050 0% 065T 1000W BK N/T,56321,1476,1250,500,2020-03-09 6:53,178,187.8,190.5,190.8,190,189.1,198.9,194.9,195,199.9,199.5,207.9,208,205.1,208.1,211.9,200,205,205.1,43.2,73.4,53.8,9.005,9.011,35.836,1896,209.1,27.2,214.753,2020-03-09 5:57,28.1,28.3
2020-03-09 6:26,Extruder 1,20-A-143,90310-000065100004,7050 0% 065T 1000W BK N/T,56321,1476,1250,250,2020-03-09 6:26,177.7,188.3,190,189.4,189.8,197.2,198.8,194.9,195,200,199.9,208,208,205,208.1,212,199.9,205,204.8,43.3,73.4,53.8,9.001,8.991,35.843,1890,209.4,27,214.943,2020-03-09 5:57,28.2,28.3
2020-03-09 5:58,Extruder 1,20-A-142,90310-000065100004,7050 0% 065T 1000W BK N/T,56321,1476,1250,1000,2020-03-09 5:58,178,187.8,190,190.5,190.4,201,198.6,195,195,200,200,208,208,205.1,208,212,200.1,205,204.9,43.1,73.5,53.7,9.007,8.991,35.831,1863,209.5,26.9,210.982,2020-03-09 4:06,28.1,28.3
2020-03-09 5:03,Extruder 1,20-A-142,90310-000065100004,7050 0% 065T 1000W BK N/T,56321,1476,1250,500,2020-03-09 5:03,178.4,187.9,190.2,189.6,189.8,192.3,198.3,195.2,195.1,200,200.1,208.1,208,205.1,208,212,200,204.7,204.8,43.2,73.5,53.6,8.996,8.983,35.645,1891,208.8,26.4,214.824,2020-03-09 4:06,28.1,28.4
2020-03-09 4:36,Extruder 1,20-A-142,90310-000065100004,7050 0% 065T 1000W BK N/T,56321,1476,1250,250,2020-03-09 4:36,175.3,187.5,189.9,190.5,191,199.3,197.3,195,195.1,200,199.8,208.2,208,205.3,208.3,212.2,200,204.9,204.9,43,73.4,53.5,9.001,9.014,35.67,1855,208.5,25.4,208.136,2020-03-09 4:06,28.1,28.4
2020-03-09 3:46,Extruder 1,20-A-141,90310-000065100004,7050 0% 065T 1000W BK N/T,56321,1476,1250,1000,2020-03-09 3:46,171.6,187.8,189.7,189.7,190,194.7,198.8,195,195.1,199.9,200,208,208,205.1,208.1,212,200,205,205,42.8,73.3,53.7,8.998,8.996,35.403,1882,209.3,27.6,212.666,2020-03-06 21:06,28.1,28.4
2020-03-09 2:51,Extruder 1,20-A-141,90310-000065100004,7050 0% 065T 1000W BK N/T,56321,1476,1250,500,2020-03-09 2:51,178.9,188.1,190.1,190.7,189.5,192,198.4,195.1,195.2,200.1,200.8,208,208,205.1,208.1,212.1,200.2,205.1,205.2,42.8,73.3,53.6,9.003,8.994,35.244,1870,208.9,26.3,208.729,2020-03-06 21:06,28.1,28.5
2020-03-09 2:24,Extruder 1,20-A-141,90310-000065100004,7050 0% 065T 1000W BK N/T,56321,0,1250,250,2020-03-09 2:24,171,187.8,189.4,190.1,188.2,189.8,198,195.3,195.4,200,199.9,208.1,208,205.2,208.5,211.9,200,204.8,205,43,73.2,53.5,9.007,8.991,35.335,1881,208.3,24.5,214.445,2020-03-06 21:06,28.1,28.3
2020-03-09 2:10,Extruder 1,20-A-141,90310-000065100004,7050 0% 065T 1000W BK N/T,56321,0,1250,500,2020-03-09 2:10,176.1,187.8,189.6,190,191.9,193.5,197.4,195,195.6,200,200.4,208.3,208.3,205.4,208.9,212.6,199.9,205,205.1,42.9,73.1,53.5,9.001,8.969,35.681,1895,208.2,22.6,214.54,2020-03-06 21:06,28.2,28.4
2020-03-09 1:43,Extruder 1,20-A-141,90310-000065100004,7050 0% 065T 1000W BK N/T,56321,0,1250,250,2020-03-09 1:43,183.9,189.2,189.8,190.3,189.1,201.5,195.3,195.3,195,200,200.7,207.5,206,204,206.2,207.4,200.1,205.2,205.1,42.5,73.7,53.4,9.001,8.969,36.239,1880,206,15.4,219.877,2020-03-06 21:06,28.1,28.6
2020-03-06 20:40,Extruder 1,20-A-140,90310-000045100004,7050 0% 045T 1000W BK N/T,56320,2238,1250,1000,2020-03-06 20:40,178.3,188,190,185.9,193,190.1,188.7,189.8,185,189.9,190,208,204.8,204.9,204.8,209.9,190.1,190,190,40.7,70.5,51.3,9.999,9.993,27.203,1706,199.6,16.1,205.266,2020-03-06 19:00,25.7,26.8
2020-03-06 19:51,Extruder 1,20-A-140,90310-000045100004,7050 0% 045T 1000W BK N/T,56320,2238,1250,500,2020-03-06 19:51,178,188.1,189.3,184.2,192.7,194.3,188.7,189.9,185.1,190.1,189.8,208.1,205,205.1,205,210.1,190,190.1,190,40.8,70.6,51.2,10.002,10.005,27.248,1704,199.7,13.3,205.076,2020-03-06 19:00,25.3,26.6
2020-03-06 19:26,Extruder 1,20-A-140,90310-000045100004,7050 0% 045T 1000W BK N/T,56320,2238,1250,250,2020-03-06 19:26,178.1,188.1,189.7,185.2,193.1,191.8,188.6,190.2,185.1,190,190.1,208,205,205,204.9,210,189.9,190,190,40.6,70.4,51.3,9.999,10.025,27.223,1705,199.4,12.3,200.996,2020-03-06 19:00,25.1,26.7
2020-03-06 18:39,Extruder 1,20-A-139,90310-000045100004,7050 0% 045T 1000W BK N/T,56320,2238,1250,1000,2020-03-06 18:39,177.8,188,190,185.5,193.2,192.7,188.5,190.1,185.2,190,189.8,208.1,205.2,205.1,205.2,210.1,190,190,190.1,40.5,70.2,50.9,10.002,10,27.23,1689,199.2,14.1,197.818,2020-03-06 16:53,24.5,26.4
2020-03-06 17:50,Extruder 1,20-A-139,90310-000045100004,7050 0% 045T 1000W BK N/T,56320,2238,1250,500,2020-03-06 17:50,178.2,188.1,190,185,193,191.9,188.1,190,185.1,190,189.8,208,204.9,205.1,204.9,209.8,189.9,189.8,189.9,40.4,69.1,50,9.999,9.99,27.232,1703,198.6,14.9,197.249,2020-03-06 16:53,22.6,25.8
2020-03-06 17:26,Extruder 1,20-A-139,90310-000045100004,7050 0% 045T 1000W BK N/T,56320,2238,1250,250,2020-03-06 17:26,178.3,188,189.9,185.4,193.2,194.7,188,190,184.9,190,190.4,207.9,205,205,204.9,210,190,190,190.1,40.7,69.4,50.1,9.997,10.007,27.205,1662,199.2,14.9,194.853,2020-03-06 16:53,22.7,25.8
2020-03-06 16:42,Extruder 1,20-A-138,90310-000045100004,7050 0% 045T 1000W BK N/T,56320,2238,1250,1000,2020-03-06 16:42,178.2,188.1,189.9,185.2,192.8,187.2,188.1,190,185,190,189.9,207.9,205,205.1,205,210,190,190,190,40.9,70.1,50.6,10.006,10,27.162,1682,198.6,14.4,194.663,2020-03-06 14:55,23.2,26.2
2020-03-06 15:53,Extruder 1,20-A-138,90310-000045100004,7050 0% 045T 1000W BK N/T,56320,2238,1250,500,2020-03-06 15:53,177.9,188.1,190.2,185.2,192.9,187.3,188.3,190.1,184.9,190,189.4,208,205.1,205,205.1,210.1,190,190,190,41,69.7,50.3,9.999,10.015,27.21,1749,198.9,12.7,207.448,2020-03-06 14:55,23.2,26.2
2020-03-06 15:28,Extruder 1,20-A-138,90310-000045100004,7050 0% 045T 1000W BK N/T,56320,2238,1250,250,2020-03-06 15:28,177.9,188.1,190,185.3,193.4,198.3,188.1,190.1,184.9,190,190.5,207.9,204.8,204.9,205,209.9,189.9,190.1,189.9,40.7,69.8,50.5,9.999,9.985,27.207,1749,199.5,13,199.431,2020-03-06 14:55,23.5,26.1
2020-03-06 14:44,Extruder 1,20-A-137,90310-000045100004,7050 0% 045T 1000W BK N/T,56320,1476,1250,1000,2020-03-06 14:44,178.2,187.9,189.6,185.4,193.3,193,188.2,190,184.9,190,190,208,205.1,205,205.1,210.2,190.1,189.9,190,41,70.9,51.4,9.997,10.005,27.287,1769,199.2,14.5,205.123,2020-03-06 13:05,24.1,26.4
2020-03-06 13:55,Extruder 1,20-A-137,90310-000045100004,7050 0% 045T 1000W BK N/T,56320,1476,1250,500,2020-03-06 13:55,178,187.9,189.8,185.3,193.2,194.3,188.5,189.7,184.8,190,190.7,208,205.1,205,205,210,189.9,189.9,189.9,41.1,71,51.3,9.999,10.003,27.235,1756,199.6,14,202.728,2020-03-06 13:05,24.1,26.6
2020-03-06 13:31,Extruder 1,20-A-137,90310-000045100004,7050 0% 045T 1000W BK N/T,56320,1476,1250,250,2020-03-06 13:31,177.7,188.3,190.1,185.2,193,191.3,188.5,190,185,189.9,189.6,208,205,204.9,205.1,210,189.9,190,190,41.2,71.1,51.5,9.999,9.977,27.207,1784,199.3,13.1,200.119,2020-03-06 13:05,24.3,26.7
2020-03-06 12:46,Extruder 1,20-A-136,90310-000045100004,7050 0% 045T 1000W BK N/T,56320,1476,1250,1000,2020-03-06 12:46,178.1,188.1,190.4,184.4,193,197.4,188.5,189.5,185,190,189.9,208.1,205.2,205,205.2,210.2,189.9,190.1,190.1,41.3,71.5,52.1,9.997,10.017,27.492,1748,199.7,12.9,202.657,2020-03-06 11:05,25.2,27.2
2020-03-06 11:57,Extruder 1,20-A-136,90310-000045100004,7050 0% 045T 1000W BK N/T,56320,1476,1250,500,2020-03-06 11:57,178.2,187.9,190.1,186.2,193.3,197.2,188.5,190.4,185,190,190.4,208,205.1,205.1,205.1,210.1,189.9,189.9,189.9,42.6,72.7,52.5,10.002,9.987,27.533,1722,199.7,18.3,198.885,2020-03-06 11:05,26.9,27.7
2020-03-06 11:32,Extruder 1,20-A-136,90310-000045100004,7050 0% 045T 1000W BK N/T,56320,1476,1250,250,2020-03-06 11:32,178.3,188.1,190,184.3,192.8,187.5,188.5,190.1,185,190,190.1,207.9,204.8,205.1,205,209.8,190,190,190,42.5,72.7,52.4,10.006,9.985,27.481,1689,198.9,14.4,195.991,2020-03-06 11:05,26.8,27.6
2020-03-06 10:47,Extruder 1,20-A-135,90310-000045100004,7050 0% 045T 1000W BK N/T,56320,1476,1250,1000,2020-03-06 10:47,177.8,188,190,184.9,193.2,191,188.3,190.3,185,189.9,189.8,208,205,205.2,205.1,210,189.8,190,189.9,41.9,72.4,52.2,9.997,10.017,27.636,1682,198.6,15,196.584,2020-03-06 9:06,26.6,27.7
2020-03-06 9:58,Extruder 1,20-A-135,90310-000045100004,7050 0% 045T 1000W BK N/T,56320,1476,1250,500,2020-03-06 9:58,177.8,187.9,190.1,185.4,193.3,191.1,188.1,189.7,185,189.9,190.6,207.9,205,205.1,204.9,209.9,190,190,189.8,42.2,72.4,52.3,10.002,9.987,27.647,1674,198.6,14.5,195.398,2020-03-06 9:06,26.3,27.6
2020-03-06 9:34,Extruder 1,20-A-135,90310-000045100004,7050 0% 045T 1000W BK N/T,56320,1476,1250,250,2020-03-06 9:34,178,188,190,185.5,193,196.6,188.2,190.1,185.1,189.9,190.1,208,205,205.1,205,210,190.1,190,190,42,72.4,52.4,10.002,9.993,27.592,1640,198.9,18.1,190.963,2020-03-06 9:06,26.5,27.7
2020-03-06 8:49,Extruder 1,20-A-134,90310-000045100004,7050 0% 045T 1000W BK N/T,56320,1476,1250,1000,2020-03-06 8:49,178.2,188.1,190,184.5,192.9,186.5,188.1,190,185,190,189.8,208,205.1,205.1,205.1,210,190.1,190,190,42,72.4,52.4,9.999,10.01,27.667,1668,198.5,16.7,195.47,2020-03-06 7:13,26.7,27.7
2020-03-06 8:00,Extruder 1,20-A-134,90310-000045100004,7050 0% 045T 1000W BK N/T,56320,1476,1250,500,2020-03-06 8:00,177.9,188.1,190.1,184.9,192.7,186.6,188.1,189.9,185.1,190,190.4,208,205.1,205.1,205.1,210.1,190,190,190,42.1,72.6,52.4,10.004,9.99,27.633,1646,198.2,13.8,194.094,2020-03-06 7:13,27.1,27.7
2020-03-06 7:35,Extruder 1,20-A-134,90310-000045100004,7050 0% 045T 1000W BK N/T,56320,1476,1250,250,2020-03-06 7:35,177.9,187.9,190,184.2,192.8,199.2,188.1,190.4,184.9,190,190,208,204.9,205,204.8,209.9,190,190.1,189.9,42.4,72.5,52.4,9.999,9.98,27.868,1632,198.9,15.6,190.109,2020-03-06 7:13,27.1,27.7
2020-03-06 6:51,Extruder 1,20-A-133,90310-000045105004,7050 0% 045T 1050W BK N/T,56320,1793,1250,1000,2020-03-06 6:51,178,188.1,190.1,185,193.1,189.7,188.1,190.2,185,190.1,190.1,208,205,205,205,210,190.1,190,190,41.3,71.2,52,10.006,10.025,27.831,1655,198.5,17.4,193.382,2020-03-06 5:04,26.7,27.4
2020-03-06 6:02,Extruder 1,20-A-133,90310-000045105004,7050 0% 045T 1050W BK N/T,56320,1793,1250,500,2020-03-06 6:02,178.1,188,190,185.7,192.9,189.4,188.1,190.1,185.1,190,189.8,208.1,205,205.1,205.1,210.1,190.1,189.9,189.9,41.2,71.2,51.7,10.002,10.005,27.854,1642,198.5,15.7,198.98,2020-03-06 5:04,26.5,27.3
2020-03-06 5:37,Extruder 1,20-A-133,90310-000045105004,7050 0% 045T 1050W BK N/T,56320,1793,1250,250,2020-03-06 5:37,178.2,188,189.8,184.8,193.1,195.8,188.1,189.9,184.9,190,190.3,208,205,204.8,205,210,189.9,190,189.9,41.4,71.2,52.1,9.999,9.997,27.884,1663,198.6,14.5,195.754,2020-03-06 5:04,26.6,27.4
2020-03-06 4:52,Extruder 1,20-A-132,90310-000045105004,7050 0% 045T 1050W BK N/T,56320,1793,1250,1000,2020-03-06 4:52,178.2,188.1,190,184.6,193,199.4,188.1,190.1,185,190,190.2,208,204.9,205.1,204.8,210,190,189.9,190.1,40.9,71,51.9,10.002,9.99,27.77,1665,199,14.8,194.877,2020-03-06 3:05,26.6,27.5
2020-03-06 4:03,Extruder 1,20-A-132,90310-000045105004,7050 0% 045T 1050W BK N/T,56320,1793,1250,500,2020-03-06 4:03,178.1,188,190.1,185,193,198.8,188.3,190.3,184.9,190,190.5,208.1,205,205,204.9,210,190.1,190,189.9,41.4,71.4,51.9,10.002,10.01,27.834,1662,199.1,15.1,192.647,2020-03-06 3:05,26.6,27.4
2020-03-06 3:38,Extruder 1,20-A-132,90310-000045105004,7050 0% 045T 1050W BK N/T,56320,1793,1250,250,2020-03-06 3:38,177.8,187.9,190,185.1,193,188.7,188.4,190.1,185,190.1,189.8,208.1,205.1,205.1,205,210.1,190,189.9,189.9,41,70.9,51.9,9.995,9.995,27.831,1676,198.7,13.7,194.805,2020-03-06 3:05,26.6,27.5
2020-03-06 2:52,Extruder 1,20-A-131,90310-000045105004,7050 0% 045T 1050W BK N/T,56320,1793,1250,1000,2020-03-06 2:52,178,187.9,190,185.1,193.1,195,188.5,190.4,185,189.9,189.6,208,204.9,204.9,204.8,209.9,189.9,190,190,41.4,71.2,52,9.997,10.01,27.813,1650,198.9,15.9,201.803,2020-03-06 1:11,26.4,27.4
2020-03-06 2:03,Extruder 1,20-A-131,90310-000045105004,7050 0% 045T 1050W BK N/T,56320,1793,1250,500,2020-03-06 2:03,177.8,188,190,185.3,193.2,195,188.4,190.1,185.1,190,189.5,208.1,205,205.1,205.2,210,189.8,189.9,189.9,41,71,51.7,9.993,9.985,27.834,1666,199.1,15.8,200.261,2020-03-06 1:11,26.1,27.3
2020-03-06 1:39,Extruder 1,20-A-131,90310-000045105004,7050 0% 045T 1050W BK N/T,56320,1793,1250,250,2020-03-06 1:39,177.9,188,190.1,185.3,192.7,189.2,188.2,189.7,185,190,190.5,208.2,205.1,205.1,205,209.9,190.3,190.1,190.1,40.8,70.5,51.3,9.997,9.985,27.843,1691,198.8,14.5,191.082,2020-03-06 1:11,25.4,27.2
2020-03-06 1:02,Extruder 1,20-A-130,90310-000045105004,7050 0% 045T 1050W BK N/T,56320,1793,1250,1000,2020-03-06 1:02,177.8,188,190,185.1,193.3,199.4,187.9,190.2,184.9,190,189.8,208,204.8,205,205.1,210.1,190,190,190,41,70.6,51.3,9.997,10.013,27.841,1663,199,14.1,193.05,2020-03-05 23:09,25.2,27
2020-03-06 0:13,Extruder 1,20-A-130,90310-000045105004,7050 0% 045T 1050W BK N/T,56320,1793,1250,500,2020-03-06 0:13,177.8,188,189.9,184.5,193,199.1,188.1,190,184.9,189.9,189.8,207.9,205,205,205,208,190.1,190,189.9,40.9,70.3,51.4,10.006,10.005,27.818,1657,199,12.6,195.707,2020-03-05 23:09,25.5,27.2
2020-03-05 23:48,Extruder 1,20-A-130,90310-000045105004,7050 0% 045T 1050W BK N/T,56320,1793,1250,250,2020-03-05 23:48,178,187.9,190,184.3,192.9,188.1,188.2,190.1,184.9,190.1,190,207.9,205,204.8,205,208,189.8,190,190.1,41.2,70.5,51.5,10.002,9.99,27.845,1684,198.7,15.7,195.541,2020-03-05 23:09,25.7,27.3
2020-03-05 22:57,Extruder 1,20-A-129,90310-000045105004,7050 0% 045T 1050W BK N/T,56320,1793,1250,1000,2020-03-05 22:57,177.7,187.9,190.1,185.5,193,186.8,188.5,189.9,185.1,190,189.7,207.9,205.1,205.1,204.9,207.9,190,190,190,41.2,71,52.1,9.997,9.972,27.806,1694,198.9,14.6,197.913,2020-03-05 21:19,27,27.8
2020-03-05 22:07,Extruder 1,20-A-129,90310-000045105004,7050 0% 045T 1050W BK N/T,56320,2238,1250,500,2020-03-05 22:07,178.2,188,190,184.8,192.8,186.7,188.5,190,185.1,190.1,189.9,208.2,205.1,205.1,205.1,208.1,190.1,190,189.9,41.4,71.3,52.1,10.006,9.995,27.841,1693,198.8,15.4,198.648,2020-03-05 21:19,27.1,27.8
2020-03-05 21:43,Extruder 1,20-A-129,90310-000045105004,7050 0% 045T 1050W BK N/T,56320,2238,1250,250,2020-03-05 21:43,178,188.1,190,185.4,193.3,198.3,188.4,190.1,185,190,189.9,208,204.9,205,205,208.1,189.8,190,190,41.4,71.4,52.2,10.002,9.993,27.856,1665,199.2,17,203.25,2020-03-05 21:19,27.1,27.8
2020-03-05 20:57,Extruder 1,20-A-128,90310-000045105004,7050 0% 045T 1050W BK N/T,56320,2238,1250,1000,2020-03-05 20:57,178.3,188.1,190.1,185,192.9,197.3,188.3,189.7,185,190.1,190.5,208,205,205.1,205.1,208,190.1,190.1,190,40.9,71.1,52,9.995,9.993,27.733,1658,199.2,16.7,195.707,2020-03-05 19:11,27.1,27.8
2020-03-05 20:08,Extruder 1,20-A-128,90310-000045105004,7050 0% 045T 1050W BK N/T,56320,2238,1250,500,2020-03-05 20:08,178.3,188,190,185,192.9,194.7,188.3,189.9,185,190,190.1,208.1,205,205.1,205.1,208,190.1,190,190.1,40.9,71,52,9.999,9.985,27.827,1679,199.2,14.1,198.695,2020-03-05 19:11,27,27.7
2020-03-05 19:44,Extruder 1,20-A-128,90310-000045105004,7050 0% 045T 1050W BK N/T,56320,2238,1250,250,2020-03-05 19:44,178.3,187.9,189.9,184.9,193.1,192.3,188.2,189.8,185,190,189.9,208,205.1,205.1,205.1,208.1,189.9,190,189.9,41.3,71.1,52.2,10.008,9.995,27.759,1664,198.8,15.4,195.636,2020-03-05 19:11,27,27.7
2020-03-05 19:00,Extruder 1,20-A-127,90310-000045105004,7050 0% 045T 1050W BK N/T,56320,2238,1250,1000,2020-03-05 19:00,178,188.1,189.5,184.3,192.8,199.5,188.3,189.9,185,190,189.5,208,204.9,205,204.9,208,190,190,190.1,41,71,52.1,9.995,9.987,27.522,1683,199.3,16.8,197.177,2020-03-05 17:13,26.9,27.7
2020-03-05 18:10,Extruder 1,20-A-127,90310-000045105004,7050 0% 045T 1050W BK N/T,56320,2238,1250,500,2020-03-05 18:10,178.2,188.1,190,185.1,193.3,199.6,188.4,189.6,185,189.9,190,208,205,204.8,205,207.9,190.1,190,190,41.3,71.1,51.9,9.993,9.977,27.508,1670,199.5,13.7,200.83,2020-03-05 17:13,26.7,27.7
2020-03-05 17:46,Extruder 1,20-A-127,90310-000045105004,7050 0% 045T 1050W BK N/T,56320,2238,1250,250,2020-03-05 17:46,178.3,188,190.1,185.1,192.9,187.8,188.5,190,185.1,190,190.2,208.1,205.1,205.1,205.1,208.1,190,190,190,41.3,71,52,10.004,10,27.528,1713,198.9,14.2,198.601,2020-03-05 17:13,26.8,27.7
2020-03-05 17:02,Extruder 1,20-A-126,90310-000045105004,7050 0% 045T 1050W BK N/T,56320,2238,1250,1000,2020-03-05 17:02,177.9,187.9,189.9,184.7,192.8,196.9,188.2,190.4,185,190,189.6,208,205,205,205,208,190,190,190,40.9,71,51.9,10.002,10.023,27.481,1712,199.1,15.1,200.569,2020-03-05 15:26,26.7,27.7
2020-03-05 16:13,Extruder 1,20-A-126,90310-000045105004,7050 0% 045T 1050W BK N/T,56320,2238,1250,500,2020-03-05 16:13,178,188,190.5,185,192.9,197,187.8,190.1,185.2,190.1,189.8,208,205.1,205.1,205.2,208.1,190,190,190,41.3,71,51.7,9.997,10.003,27.481,1726,198.9,15.4,198.743,2020-03-05 15:26,26.4,27.5
2020-03-05 15:48,Extruder 1,20-A-126,90310-000045105004,7050 0% 045T 1050W BK N/T,56320,2238,1250,250,2020-03-05 15:48,178.4,188,190.1,184.3,191.9,186.5,186.8,190.3,185.1,190,190,208.2,205.3,205.2,205.4,208.1,190.1,190,190,41.3,70.9,51.7,9.995,10.013,27.474,1732,197.9,13.6,202.704,2020-03-05 15:26,26.1,27.4
2020-03-05 13:58,Extruder 1,20-A-125,90310-000045105004,7050 0% 045T 1050W BK N/T,56320,1476,1250,1000,2020-03-05 13:58,177.8,188,190.1,185.7,193.3,193.4,188.6,189.5,185.1,190,190,208,205,205,205,208,190,189.9,189.9,40.8,70.4,51.6,10.006,10.007,27.841,1758,199.9,14.8,198.861,2020-03-04 22:50,25.9,27.4
2020-03-05 13:09,Extruder 1,20-A-125,90310-000045105004,7050 0% 045T 1050W BK N/T,56320,1476,1250,500,2020-03-05 13:09,177.7,188.1,189.4,184.9,192.8,192.1,188,190.3,185.2,190,190.1,208.1,205.1,205.2,205.3,208.1,190,190,190,40.8,70.4,51.6,10.006,10.007,27.827,1787,199.3,12.7,211.29,2020-03-04 22:50,25.9,27.5
2020-03-05 12:45,Extruder 1,20-A-125,90310-000045105004,7050 0% 045T 1050W BK N/T,56320,1476,1250,250,2020-03-05 12:45,177.7,187.8,190.4,185.5,192.5,192,187.1,189.8,185.2,189.9,190.2,208.2,205.4,205.2,205.4,207.9,190,190.1,190,41,70.7,51.6,9.999,9.997,27.834,1761,198.7,16.9,202.158,2020-03-04 22:50,25.8,27.5
2020-01-27 21:08,Extruder 1,20-A-85,90310-000045100004,7050 0% 045T 1000W BK N/T,55694,1793,1250,1000,2020-01-27 21:08,178.1,188,190,190.4,190.3,194.9,195.4,194.9,195,199.9,199.8,212,208,205.1,207.9,207.9,199.9,204.9,204.8,40.5,72.9,52.4,9.995,9.972,27.49,1828,204.6,14.4,201.589,2020-01-27 19:25,25,23.8
2020-01-27 20:19,Extruder 1,20-A-85,90310-000045100004,7050 0% 045T 1000W BK N/T,55694,1793,1250,500,2020-01-27 20:19,178.2,188.1,190.1,190.9,190.3,194.1,195.6,195,195,200,199.9,212.1,208.1,205.2,207.9,208,200,205.1,204.9,40.2,72.9,52.5,9.999,10.003,27.563,1825,204.7,16.4,199.122,2020-01-27 19:25,24.8,23.8
2020-01-27 19:55,Extruder 1,20-A-85,90310-000045100004,7050 0% 045T 1000W BK N/T,55694,1793,1250,250,2020-01-27 19:55,178.6,188.1,190.2,190.7,190.1,195.1,195.7,195,195.1,200,200.2,212,208,204.9,208,207.9,200,205.1,205,40.6,72.7,52.4,9.999,9.99,27.483,1825,204.9,16.5,198.458,2020-01-27 19:25,24.6,23.8
2020-01-27 19:10,Extruder 1,20-A-84,90310-000045100004,7050 0% 045T 1000W BK N/T,55694,1793,1250,1000,2020-01-27 19:10,177.8,187.8,189.4,190.8,190.1,195,195.6,194.3,195,199.9,199.8,211.9,207.9,204.7,207.9,207.8,200,205,204.8,39.1,72,52.2,9.999,10.01,27.483,1832,204.8,15.7,203.344,2020-01-27 17:28,24.4,23.8
2020-01-27 18:21,Extruder 1,20-A-84,90310-000045100004,7050 0% 045T 1000W BK N/T,55694,1793,1250,500,2020-01-27 18:21,178,188,190,190.3,190.1,194.7,195.7,195.1,195.2,200,200.4,212,208,204.8,208,208.1,200,204.9,205,40.5,72.7,52.2,10.002,10.021,27.499,1836,205,14.3,203.131,2020-01-27 17:28,24.5,23.7
2020-01-27 17:56,Extruder 1,20-A-84,90310-000045100004,7050 0% 045T 1000W BK N/T,55694,1793,1250,250,2020-01-27 17:56,177.6,188,190,190.3,190.2,194.6,195.8,194.9,195.2,200.1,199.4,212.1,208,204.8,208,208,199.9,204.9,205,40.2,72.5,52.2,10.008,9.993,27.563,1829,204.9,13.6,197.154,2020-01-27 17:28,24.4,23.6
2020-01-27 17:11,Extruder 1,20-A-83,90310-000045100004,7050 0% 045T 1000W BK N/T,55694,1793,1250,1000,2020-01-27 17:11,178.1,188.1,190.1,190.5,190.4,194.8,195.6,195.5,195.5,200.2,200,212.3,208.2,205.2,208.5,208.4,200,205,205,39.5,72.4,51.7,9.999,10,27.508,1820,204.7,13,203.605,2020-01-27 15:29,23.4,23.4
2020-01-27 16:22,Extruder 1,20-A-83,90310-000045100004,7050 0% 045T 1000W BK N/T,55694,2262,1250,500,2020-01-27 16:22,178,188,190,189.8,189.9,195,195.1,194.9,195,200,200.2,212,207.9,205,208,208,200,205,205.1,38.7,70.9,51.4,9.995,10,27.501,1801,204.3,14.8,206.713,2020-01-27 15:29,22,23.1
2020-01-27 15:58,Extruder 1,20-A-83,90310-000045100004,7050 0% 045T 1000W BK N/T,55694,2262,1250,250,2020-01-27 15:58,178.1,187.9,190,190.1,190.1,195.1,195.1,195,195,200,199.4,211.9,207.9,205,208,207.9,199.9,205,205,38.5,71.1,51.4,9.999,10.005,27.583,1781,204.3,15.4,206.12,2020-01-27 15:29,21.9,23.1
2020-01-27 15:12,Extruder 1,20-A-82,90310-000045100004,7050 0% 045T 1000W BK N/T,55694,2262,1250,1000,2020-01-27 15:12,178,187.9,190.2,189.8,190.1,194.9,195.1,195.1,195.1,200,200,212,208.2,205.1,208.3,208.4,200,205,205,38.1,71,51.4,9.999,9.993,27.547,1790,204.2,16.1,199.336,2020-01-27 13:37,21.9,23.4
2020-01-27 14:23,Extruder 1,20-A-82,90310-000045100004,7050 0% 045T 1000W BK N/T,55694,1251,1250,500,2020-01-27 14:23,178.1,188,190.1,190.7,190,195.1,195,194.9,194.9,199.9,199.5,212.1,208.1,205,207.9,208,199.9,205,205,40.2,71.8,51.5,9.999,9.995,27.576,1709,203.8,15.1,192.481,2020-01-27 13:37,21.6,22.7
2020-01-27 13:58,Extruder 1,20-A-82,90310-000045100004,7050 0% 045T 1000W BK N/T,55694,1251,1250,250,2020-01-27 13:58,178.1,188,190.1,190.2,189.9,194.8,195,195.4,195,200,200.5,211.9,208,205.1,208,207.8,200.1,205,205,39.7,72,51.5,10.004,10.013,27.524,1712,203.7,14,192.339,2020-01-27 13:37,21.7,22.6
2020-01-27 13:14,Extruder 1,20-A-81,90310-000045100004,7050 0% 045T 1000W BK N/T,55694,1251,1250,1000,2020-01-27 13:14,178.3,188,190.1,190.5,189.9,195,195,195,195,200,200.1,211.9,208,205,208,207.9,200.1,205,205.1,39.7,72,51.4,10.004,9.982,27.579,1713,203.8,14,198.245,2020-01-27 11:39,22.1,22.6
2020-01-27 12:25,Extruder 1,20-A-81,90310-000045100004,7050 0% 045T 1000W BK N/T,55694,1251,1250,500,2020-01-27 12:25,178.2,188,190.1,189.8,190.1,195,195,194.9,194.9,200,199.9,211.9,208,204.9,208,208,200,205.1,205,39.9,72,51.5,10.002,9.98,27.549,1713,203.9,13,192.339,2020-01-27 11:39,22.1,22.7
2020-01-27 12:00,Extruder 1,20-A-81,90310-000045100004,7050 0% 045T 1000W BK N/T,55694,1251,1250,250,2020-01-27 12:00,178,188.1,190,189.5,190,195.1,195.1,194.8,195,200,200.1,212,208.1,204.8,208,208,200,205,204.7,39.4,71.9,51.5,9.993,9.977,27.626,1704,203.8,12.7,191.556,2020-01-27 11:39,22.2,22.7
2020-01-27 11:16,Extruder 1,20-A-80,90310-000045100004,7050 0% 045T 1000W BK N/T,55694,1251,1250,1000,2020-01-27 11:16,178.2,188,190,190.1,190.1,195,195,194.9,195,200,200,212.1,208,205,208,208.1,200.1,205.1,205.1,39.9,72.1,51.6,9.999,9.957,27.508,1719,203.9,12.8,192.552,2020-01-27 9:42,22.2,22.8
2020-01-27 10:27,Extruder 1,20-A-80,90310-000045100004,7050 0% 045T 1000W BK N/T,55694,1251,1250,500,2020-01-27 10:27,178.3,187.9,189.8,190.4,190.3,195,195.1,195.1,195.2,200,200.1,212,207.9,205,208,208.1,200,205,205,38.9,71.9,51.7,10.002,10.033,27.565,1731,204,14.6,202.111,2020-01-27 9:42,22.2,22.8
2020-01-27 10:03,Extruder 1,20-A-80,90310-000045100004,7050 0% 045T 1000W BK N/T,55694,1251,1250,250,2020-01-27 10:03,178.2,188,190.1,189.9,190.2,195.1,195.1,194.9,195,200,200,212.2,208,205,208,208.1,200,205,205,39,71.8,51.6,10.008,10.021,27.526,1725,204.1,16.2,197.343,2020-01-27 9:42,22.1,22.8
2020-01-27 9:18,Extruder 1,20-A-79,90310-000045100004,7050 0% 045T 1000W BK N/T,55694,1251,1250,1000,2020-01-27 9:18,178.4,188,190,189.8,190,195.1,195,194.9,195,200,200.1,212.1,208,205,208,207.9,200,205,205,38.9,71.7,51.6,9.997,9.995,27.531,1733,204,16.1,200.024,2020-01-27 7:43,21.9,22.7
2020-01-27 8:29,Extruder 1,20-A-79,90310-000045100004,7050 0% 045T 1000W BK N/T,55694,1251,1250,500,2020-01-27 8:29,178.1,188,189.9,190.4,190,194.9,195,195,195.1,200,200,212.1,208,205,208.1,208.1,199.9,205,205.1,39.2,71.7,51.6,10.004,10.013,27.485,1719,204,14.8,194.782,2020-01-27 7:43,22.1,22.8
2020-01-27 8:05,Extruder 1,20-A-79,90310-000045100004,7050 0% 045T 1000W BK N/T,55694,1251,1250,250,2020-01-27 8:05,177.7,187.9,190,189.6,190.1,195,195.2,195.1,194.9,200.1,200.1,212,208,205,208,208,200,205,204.8,38.9,71.3,51.5,10.002,10.023,27.856,1762,204.3,14.8,199.62,2020-01-27 7:43,22.1,22.8
2020-01-27 7:20,Extruder 1,20-A-78,90310-000045100004,7050 0% 045T 1000W BK N/T,55694,1251,1250,1000,2020-01-27 7:20,178,187.9,189.9,189.9,190.4,195.1,195.3,194.8,195,200,199.5,211.9,207.9,204.9,207.9,207.8,200,205,205,39.5,72,51.6,10.002,10.023,27.198,1802,204.6,14.4,203.463,2020-01-27 5:41,22.3,22.9
2020-01-27 6:31,Extruder 1,20-A-78,90310-000045100004,7050 0% 045T 1000W BK N/T,55694,1476,1250,500,2020-01-27 6:31,178,188.1,189.9,188.2,189.7,195,195.4,195,194.9,200.1,199.6,212.2,208.1,204.9,208,208.1,200,205,205.1,39.2,71.5,51.7,9.999,10,27.276,1820,204.8,13.9,212.239,2020-01-27 5:41,22.9,23.6
2020-01-27 6:06,Extruder 1,20-A-78,90310-000045100004,7050 0% 045T 1000W BK N/T,55694,1476,1250,250,2020-01-27 6:06,178,188.2,190.1,190.3,189.9,194.5,195.4,195,195,200.1,200.2,211.9,207.9,205,208,208,199.9,204.9,205,38.5,71.3,51.6,10.002,9.98,27.305,1823,204.7,14.8,201.732,2020-01-27 5:41,23.1,23.6
2020-01-27 5:22,Extruder 1,20-A-77,90310-000045100004,7050 0% 045T 1000W BK N/T,55694,1476,1250,1000,2020-01-27 5:22,178.1,188,190.1,189.4,189.9,194.9,195.3,195,195,200,200.2,212.1,208.1,205,208,208.1,200,205,205,38.9,71.6,51.5,9.999,9.997,27.362,1831,204.7,15.4,203.463,2020-01-27 3:44,23,23.6
2020-01-27 4:33,Extruder 1,20-A-77,90310-000045100004,7050 0% 045T 1000W BK N/T,55694,1476,1250,500,2020-01-27 4:33,178.1,188,190,190.7,190,195.3,195.3,195.1,195,200,200,212.1,208,205.1,208,208,200,205,205,38.7,71.5,51.7,9.997,9.993,27.278,1812,204.6,15.4,202.23,2020-01-27 3:44,22.9,23.6
2020-01-27 4:08,Extruder 1,20-A-77,90310-000045100004,7050 0% 045T 1000W BK N/T,55694,1476,1250,250,2020-01-27 4:08,178.2,187.9,189.9,190,189.9,195.8,195.4,195.2,195,200,200.4,211.9,207.8,205,208,207.9,200.1,205,205,38.9,71.4,51.6,10.004,9.993,27.235,1809,204.7,15.2,209.82,2020-01-27 3:44,23,23.4
2020-01-27 3:24,Extruder 1,20-A-76,90310-000045100004,7050 0% 045T 1000W BK N/T,55694,1476,1250,1000,2020-01-27 3:24,177.8,188.1,190,190.4,190,195.8,195.3,195,194.9,200,200.3,212.1,208.1,205.1,208,208,200,205.1,204.9,39.2,71.5,51.8,10.002,9.99,27.472,1804,204.7,14.8,211.694,2020-01-24 20:55,22.6,23.6
2020-01-27 2:35,Extruder 1,20-A-76,90310-000045100004,7050 0% 045T 1000W BK N/T,55694,1476,1250,500,2020-01-27 2:35,177.6,187.9,190.1,190.4,190.1,195,195.3,195,195,199.9,199.9,212.2,208,205.1,208.2,208,200,204.9,205,39.2,71.5,51.8,10.002,9.985,27.435,1804,204.6,15.1,201.044,2020-01-24 20:55,22.8,23.6
2020-01-27 2:10,Extruder 1,20-A-76,90310-000045100004,7050 0% 045T 1000W BK N/T,55694,1476,1250,250,2020-01-27 2:10,176.4,187.5,189.3,190.2,190.1,197.6,195.7,195,195.3,200,200.1,212.4,208.2,205.3,208.3,208.2,200,205,205,40.2,71.2,51.7,9.995,9.995,27.426,1804,204.6,15.7,201.447,2020-01-24 20:55,22.8,23.6
2020-01-24 20:30,Extruder 1,20-A-75,90310-000045100004,7050 0% 045T 1000W BK N/T,55694,1251,1250,1000,2020-01-24 20:30,177.9,187.9,190.3,190.6,190,195.1,195.7,195.3,195.1,200,200.2,212.1,208,205.3,208.1,208.1,200,204.9,205,39.8,71.6,52.3,9.949,9.9,27.768,1841,204.8,18,199.454,2020-01-24 18:57,25.8,24.4
2020-01-24 19:41,Extruder 1,20-A-75,90310-000045100004,7050 0% 045T 1000W BK N/T,55694,1251,1250,500,2020-01-24 19:41,178.3,188.1,190,190.1,189.9,194.5,195.7,195.1,195,200,199.9,212,207.9,205.1,207.9,208,200,205,205,39.7,71.3,52.4,9.953,9.96,27.82,1853,204.8,15.4,201.803,2020-01-24 18:57,25.8,24.4
2020-01-24 19:16,Extruder 1,20-A-75,90310-000045100004,7050 0% 045T 1000W BK N/T,55694,1251,1250,250,2020-01-24 19:16,178.2,188.1,190,190,190.1,194,195.7,194.7,194.9,200,199.6,211.9,208,205.3,208,208.2,200,204.9,204.9,39.9,71.5,52.4,9.949,9.967,27.875,1871,205,14.8,203.605,2020-01-24 18:57,26,24.4
2020-01-24 18:31,Extruder 1,20-A-74,90310-000045100004,7050 0% 045T 1000W BK N/T,55694,1251,1250,1000,2020-01-24 18:31,178.3,188,190.1,190.7,190.1,194.8,195.8,194.9,195,200.1,200.2,211.9,208,205.2,208,208,200,205,205,39.5,71.6,52.4,9.984,9.99,27.838,1868,205.1,17.4,197.936,2020-01-24 16:18,26.1,24.5
2020-01-24 17:42,Extruder 1,20-A-74,90310-000045100004,7050 0% 045T 1000W BK N/T,55694,1251,1250,500,2020-01-24 17:42,177.4,187.9,189.8,189.5,189.9,195.5,195.7,195.1,194.9,200,200.2,212.1,208.1,205.1,208,208,199.9,205,205.1,39.3,71.4,52.6,9.984,9.982,27.838,1864,205.2,15.1,201.732,2020-01-24 16:18,26,24.6
2020-01-24 17:18,Extruder 1,20-A-74,90310-000045100004,7050 0% 045T 1000W BK N/T,55694,1251,1250,250,2020-01-24 17:18,177.5,188.1,190.1,190.2,189.9,195.3,195.6,195,195,200,200.5,212.1,208.1,204.9,208.3,208.1,200,205,205,39.7,71.5,52.5,9.999,9.995,27.793,1875,205,14.9,200.213,2020-01-24 16:18,26.1,24.6
2020-01-24 16:46,Extruder 1,20-A-74,90310-000045100004,7050 0% 045T 1000W BK N/T,55694,1251,1250,250,2020-01-24 16:46,176.9,188.1,190.2,189.5,189.3,192.4,196.2,195,194.8,199.9,199.8,212.2,208.1,205.1,208.3,208.2,199.9,205,204.9,39.5,71.5,52.5,9.997,10,27.175,1899,204.3,16.7,200.925,2020-01-24 16:18,26.1,24.5
2020-01-24 16:06,Extruder 1,20-A-73,90310-000065100004,7050 0% 065T 1000W BK N/T,55696,1251,1250,1000,2020-01-24 16:06,177.5,187.6,189.9,190.2,190,193.7,198.7,194.8,195,200,199.8,212,208.1,205.1,208.1,208.3,200.1,205,205,39.5,71.6,52.9,13.003,13.057,36.656,2100,209,18.3,219.046,2020-01-24 14:16,26,24.7
2020-01-24 15:12,Extruder 1,20-A-73,90310-000065100004,7050 0% 065T 1000W BK N/T,55696,1251,1250,500,2020-01-24 15:12,177.5,188.1,190.5,189.9,189.8,194,198.8,194.9,195,200.1,199.5,212,208,205.2,207.9,208,200,205.1,205.1,39.5,71.4,52.8,8.996,9.001,36.601,2069,209.2,16.8,211.029,2020-01-24 14:16,26.1,24.6
2020-01-24 14:45,Extruder 1,20-A-73,90310-000065100004,7050 0% 065T 1000W BK N/T,55696,1476,1250,250,2020-01-24 14:45,177.7,187.7,189.3,190.2,190,196.5,198.8,195,195,200,199.6,212,208.1,205,207.9,208,199.9,205,204.9,41,73.4,53.2,9.005,8.994,36.599,2075,209.1,17.4,222.059,2020-01-24 14:16,26,24.5
2020-01-24 14:17,Extruder 1,20-A-72,90310-000065100004,7050 0% 065T 1000W BK N/T,55696,1476,1250,1000,2020-01-24 14:17,177.7,188.7,189.9,189.9,190.1,198.3,198.6,195,194.9,200,200.2,212,208,205,207.8,208,199.9,205.1,205.1,40.8,73.4,53.5,9.005,8.961,36.651,2070,209.2,14.3,222.676,2020-01-24 12:26,26,24.4
2020-01-24 13:22,Extruder 1,20-A-72,90310-000065100004,7050 0% 065T 1000W BK N/T,55696,1476,1250,500,2020-01-24 13:22,177.8,188.5,190.2,189.2,189.9,198.5,198.8,194.9,195,200,200.1,212,208,205.1,207.8,208.1,199.9,205,204.9,40.9,73.6,53.6,8.996,9.004,36.67,2076,209.4,17.6,220.28,2020-01-24 12:26,25.9,24.4
2020-01-24 12:55,Extruder 1,20-A-72,90310-000065100004,7050 0% 065T 1000W BK N/T,55696,1476,1250,250,2020-01-24 12:55,178.1,187.8,189.8,190.4,189.9,198.6,198.9,194.8,195,199.9,199.9,212,207.9,205,208,207.8,200,204.8,204.9,40.5,73.3,53.3,8.996,8.994,36.642,2066,209.6,16.1,214.564,2020-01-24 12:26,25.8,24.3
2020-01-24 12:27,Extruder 1,20-A-71,90310-000065100004,7050 0% 065T 1000W BK N/T,55696,1476,1250,1000,2020-01-24 12:27,178.2,188,189.1,190.7,190.3,198.2,199,195.2,195,200,199.7,212.1,207.9,204.8,207.9,207.9,200.1,205.1,205.1,40.9,73.4,53.2,8.998,8.994,36.904,2079,209.5,16.1,214.73,2020-01-24 10:36,25.9,24.4
2020-01-24 11:33,Extruder 1,20-A-71,90310-000065100004,7050 0% 065T 1000W BK N/T,55696,1476,1250,500,2020-01-24 11:33,178.3,188.5,189.9,189.8,190.3,197.5,199,195.2,195,200,200.4,211.9,208,205.4,208.1,208,200,204.8,204.9,41,73.4,53.4,8.998,8.994,36.841,2083,209.5,17.2,218.548,2020-01-24 10:36,25.8,24.3
2020-01-24 11:05,Extruder 1,20-A-71,90310-000065100004,7050 0% 065T 1000W BK N/T,55696,1476,1250,250,2020-01-24 11:05,178.3,188.1,190.8,189.7,190.1,198.2,199,195,195,200.1,200.2,212,208,205.1,207.9,207.9,200,205.1,205.2,40.8,73.2,53.4,9.007,9.016,36.891,2058,209.6,16.7,224.312,2020-01-24 10:36,25.7,24.3
2020-01-24 10:38,Extruder 1,20-A-70,90310-000065100004,7050 0% 065T 1000W BK N/T,55696,1476,1250,1000,2020-01-24 10:38,178.3,187.9,190,189.9,190.2,198.4,199,195.1,195,200,200.3,212.1,208,204.9,207.9,208,200,204.8,205,40.5,73.4,53.3,8.992,9.004,36.888,2065,209.6,14.7,218.24,2020-01-24 8:50,25.8,24.4
2020-01-24 9:43,Extruder 1,20-A-70,90310-000065100004,7050 0% 065T 1000W BK N/T,55696,1476,1250,500,2020-01-24 9:43,178.3,188.9,189.5,189.8,190,195,199.2,195.1,195,200,200.2,212,207.9,204.8,207.9,208,200.1,205,205,40.9,73.1,53.2,8.996,8.983,37.084,2084,209.5,16.6,217.718,2020-01-24 8:50,25.6,24.3
2020-01-24 9:16,Extruder 1,20-A-70,90310-000065100004,7050 0% 065T 1000W BK N/T,55696,1476,1250,250,2020-01-24 9:16,178,188.1,189.8,189.6,189.9,193,199.3,194.6,195,200,200.4,211.9,208,205.1,208,208.1,200,204.9,204.8,41.2,73.2,53.2,9.001,9.021,37.062,2088,209.8,17.4,215.299,2020-01-24 8:50,25.6,24.3
2020-01-24 8:47,Extruder 1,20-A-69,90310-000065100004,7050 0% 065T 1000W BK N/T,55696,1476,1250,1000,2020-01-24 8:47,177.7,187.9,190.6,189.7,189.8,191.8,199.2,195.2,195,200,200.2,212.1,208,204.8,208,208.1,200,205.1,205.1,40.8,73.2,52.9,9.003,9.019,37.08,2085,209.7,16.4,215.085,2020-01-24 6:57,25.5,24.3
2020-01-24 7:52,Extruder 1,20-A-69,90310-000065100004,7050 0% 065T 1000W BK N/T,55696,1476,1250,500,2020-01-24 7:52,177.6,188.1,189.4,189.3,189.7,191.4,199.6,195,195,200,199.9,212.1,208.1,205.1,208.2,208.2,200,205.1,204.8,40.8,73.2,53.2,9.001,9.037,37.123,2118,210.2,15.5,218.05,2020-01-24 6:57,25.5,24.2
2020-01-24 7:25,Extruder 1,20-A-69,90310-000065100004,7050 0% 065T 1000W BK N/T,55696,1476,1250,250,2020-01-24 7:25,177.9,188.2,190.4,190.7,189.9,192.6,199.7,195.4,195.1,200,200,212.1,208,205.2,208.4,208.3,200,204.9,205.1,40.8,73.3,53.4,8.998,9.024,37.077,2099,210.4,17,217.861,2020-01-24 6:57,25.6,24.2
2020-01-24 6:57,Extruder 1,20-A-68,90310-000065100004,7050 0% 065T 1000W BK N/T,55696,2262,1250,1000,2020-01-24 6:57,177.7,187.4,190.2,190.6,190,197.2,199.5,195.2,195,200,199.6,212,208,205.2,208,208,200,204.9,205.1,40.8,73.2,53.4,8.996,9.034,37.392,2077,210.6,15.8,215.583,2020-01-24 5:05,25.4,24.3
2020-01-24 6:02,Extruder 1,20-A-68,90310-000065100004,7050 0% 065T 1000W BK N/T,55696,2262,1250,500,2020-01-24 6:02,178.1,188.1,190.2,189.5,190.1,198.9,199.5,195.1,195.1,200.1,199.8,212.1,208,204.8,208.1,208,200,205.1,205,40.4,73.1,53.5,8.994,8.976,37.369,2074,210.5,17.7,218.335,2020-01-24 5:05,25.5,24.4
2020-01-24 5:35,Extruder 1,20-A-68,90310-000065100004,7050 0% 065T 1000W BK N/T,55696,2262,1250,250,2020-01-24 5:35,178,188.1,189.6,190.3,190.1,197.4,199.4,195,195,199.9,200.1,212,208,204.9,207.9,207.9,200.1,205,205.1,40.4,73.2,53.4,8.998,8.991,37.39,2062,210.3,16.2,219.663,2020-01-24 5:05,25.6,24.5
2020-01-24 5:07,Extruder 1,20-A-67,90310-000065100004,7050 0% 065T 1000W BK N/T,55696,2262,1250,1000,2020-01-24 5:07,178.1,187.7,190.3,190.2,190.3,195.4,199.3,195,195.1,199.9,199.6,211.9,208.1,205.2,208,207.9,200,205,204.8,40.5,73.4,53.4,8.996,9.009,37.367,2062,210,14.8,214.065,2020-01-24 3:13,25.8,24.4
2020-01-24 4:12,Extruder 1,20-A-67,90310-000065100004,7050 0% 065T 1000W BK N/T,55696,2262,1250,500,2020-01-24 4:12,177.9,188.4,189.8,190.3,190.1,194,198.6,195.3,195,199.9,200.2,211.9,208,204.7,207.9,207.9,199.9,205.1,205,40.8,73.2,53.2,9.003,9.014,37.401,1979,208.6,17.1,214.35,2020-01-24 3:13,25.5,24.3
2020-01-24 3:45,Extruder 1,20-A-67,90310-000065100004,7050 0% 065T 1000W BK N/T,55696,2262,1250,250,2020-01-24 3:45,178.1,188,190.1,190.8,190.3,194.5,198.6,194.8,195,200,200.6,212,208,204.9,208,207.9,200,205,204.9,40.8,73.2,53.2,8.998,9.001,37.383,1987,208.7,18.1,211.694,2020-01-24 3:13,25.6,24.3
2020-01-24 3:15,Extruder 1,20-A-66,90310-000065100004,7050 0% 065T 1000W BK N/T,55696,2262,1250,1000,2020-01-24 3:15,178.3,187.8,190,190.7,190.2,194,198.6,195.3,195,200,199.7,212.1,208,205,208,208,199.9,205,204.9,40.7,73.2,53.2,8.994,9.024,37.141,1969,208.6,16.7,209.179,2020-01-24 1:23,25.6,24.4
2020-01-24 2:20,Extruder 1,20-A-66,90310-000065100004,7050 0% 065T 1000W BK N/T,55696,2262,1250,500,2020-01-24 2:20,178.1,187.6,190.1,189.2,190.1,195.4,198.6,195,195,200,200.2,212.1,208.2,205.1,208.1,208.1,200,205.1,204.9,40.8,73.2,53.3,8.996,8.966,37.082,1973,208.7,15,214.777,2020-01-24 1:23,25.6,24.3
2020-01-24 1:53,Extruder 1,20-A-66,90310-000065100004,7050 0% 065T 1000W BK N/T,55696,2262,1250,250,2020-01-24 1:53,178.3,188.3,189.9,189.2,189.8,195.8,198.6,195,195,200.1,200,209.9,207.9,205.1,207.9,208,200.2,205,205,40.7,73.1,53.5,9.001,8.986,37.082,1973,208.8,16.2,211.267,2020-01-24 1:23,25.5,24.3
2020-01-24 1:24,Extruder 1,20-A-65,90310-000065100004,7050 0% 065T 1000W BK N/T,55696,2262,1250,1000,2020-01-24 1:24,178.7,188.2,190.2,189.4,190.1,196.1,198.6,194.8,195,200,200.1,210,208.1,204.9,207.9,208,200,205,205,40.5,73.1,53.2,9.001,9.024,37.2,1962,208.8,17,218.477,2020-01-23 23:32,25.7,24.4
2020-01-24 0:30,Extruder 1,20-A-65,90310-000065100004,7050 0% 065T 1000W BK N/T,55696,2262,1250,500,2020-01-24 0:30,178.4,188,190.1,189.9,190.1,197.4,198.3,195.3,194.9,199.9,200.1,210,208.1,205.1,207.8,207.9,200,205,205,40.8,73.3,53.2,8.998,8.983,37.077,1943,208.6,15.7,207.709,2020-01-23 23:32,25.4,24.2
2020-01-24 0:02,Extruder 1,20-A-65,90310-000065100004,7050 0% 065T 1000W BK N/T,55696,2262,1250,250,2020-01-24 0:02,177.9,188.1,190.3,190.2,190.1,197.7,198.3,195,194.9,200.1,200.5,210.3,208.2,204.7,207.7,207.8,200,205,205.1,40.8,73.1,53.5,9.001,9.006,37.093,1966,208.7,16.2,207.139,2020-01-23 23:32,25.4,24.3
2020-01-23 23:35,Extruder 1,20-A-64,90310-000065100004,7050 0% 065T 1000W BK N/T,55696,2262,1250,1000,2020-01-23 23:35,178.1,188.4,190.6,190.9,190.3,197.8,198.5,195,194.9,199.9,200.4,207.9,207.9,205.1,208,208.2,199.9,205,204.9,40.6,73.3,53.2,9.052,9.057,37.123,1983,208.8,17.3,212.595,2020-01-23 21:41,25.5,24.4
2020-01-23 22:40,Extruder 1,20-A-64,90310-000065100004,7050 0% 065T 1000W BK N/T,55696,1251,1250,500,2020-01-23 22:40,178.3,187.2,189.9,189.5,190.1,199.3,198.6,194.9,195,200.1,200.3,208.1,208,204.8,208.1,208,200.1,205,205.1,40.8,73.4,53.2,9.045,9.094,37.091,2030,209.2,14.5,212.524,2020-01-23 21:41,25.7,24.3
2020-01-23 22:13,Extruder 1,20-A-64,90310-000065100004,7050 0% 065T 1000W BK N/T,55696,1251,1250,250,2020-01-23 22:13,178.4,188.6,190.6,189.6,189.8,198.5,198.6,194.7,195,199.9,199.5,208,207.9,204.7,207.8,208,200,204.9,205,40.5,73.4,53.3,9.047,9.052,37.082,2026,209.2,14.9,219.094,2020-01-23 21:41,25.5,24.2
2020-01-23 21:45,Extruder 1,20-A-63,90310-000065100004,7050 0% 065T 1000W BK N/T,55696,1251,1250,1000,2020-01-23 21:45,177.9,188.3,190.2,190.1,190.4,198.7,198.7,195.5,195.1,200,199.9,208,208,205,208,208,200.1,205,205.1,40.9,73.4,53.1,9.052,9.07,37.062,2034,209.4,16.6,219.853,2020-01-23 19:54,25.5,24.2
2020-01-23 20:50,Extruder 1,20-A-63,90310-000065100004,7050 0% 065T 1000W BK N/T,55696,1251,1250,500,2020-01-23 20:50,178.2,188.5,190.5,189.8,190.5,198.1,198.8,195.2,195,200,199.5,208,208,205.3,208,208,200,205.1,205.1,40.6,73.1,52.7,9.102,9.1,37.141,1998,209.5,17,208.302,2020-01-23 19:54,24.9,24.1
2020-01-23 20:24,Extruder 1,20-A-63,90310-000065100004,7050 0% 065T 1000W BK N/T,55696,1251,1250,250,2020-01-23 20:24,178.6,188,189.6,189.9,189.9,198.8,198.9,195.3,195,200,199.7,207.9,207.9,205.1,207.9,208,199.9,205,205,40.4,73.2,52.9,9.003,8.971,37.08,2038,209.7,15,218.193,2020-01-23 19:54,24.9,24.1
2020-01-23 19:56,Extruder 1,20-A-62,90310-000065100004,7050 0% 065T 1000W BK N/T,55696,1251,1250,1000,2020-01-23 19:56,178.3,187.8,190,189.4,189.9,199.2,199,195.6,195,200,199.9,208,208,205.1,208,208,200,205.1,205.1,40.4,73.3,52.9,9.005,8.996,37.073,2051,209.9,15.4,219.972,2020-01-23 17:20,25,24.2
2020-01-23 19:01,Extruder 1,20-A-62,90310-000065100004,7050 0% 065T 1000W BK N/T,55696,1251,1250,500,2020-01-23 19:01,177.8,187.5,191,189.7,190.1,196.1,198.6,195.2,195.1,200,200.3,208,208.1,204.8,208.2,208,200.1,205.1,205.1,40.8,73,52.8,9.005,9.009,37.091,2030,209.2,17.4,220.541,2020-01-23 17:20,24.6,23.9
2020-01-23 18:34,Extruder 1,20-A-62,90310-000065100004,7050 0% 065T 1000W BK N/T,55696,1251,1250,250,2020-01-23 18:34,177.2,188.4,189.8,189.6,189.8,194,198.2,194.8,195.3,200.1,200.8,208.1,208.1,205.2,208.1,208,200,204.9,205,40.8,73.1,52.9,8.998,8.999,36.62,2031,208.5,15.5,220.944,2020-01-23 17:20,24.7,23.9
2020-01-23 17:51,Extruder 1,20-A-62,90310-000065100004,7050 0% 065T 1000W BK N/T,55696,1251,12000,250,2020-01-23 17:51,178.7,187.9,190.1,191.1,190.5,198.4,196.6,195.1,195.2,199.9,200.5,208.6,208.7,205.8,208.8,208.2,200.1,205,205,40.7,73,52.9,10.999,10.994,36.638,2019,207.4,16.2,218.501,2020-01-23 17:20,24.9,24.1
2020-01-23 16:21,Extruder 1,20-A-61,90310-000065080004,7050 0% 065T 800W BK N/T,55695,1251,1250,1000,2020-01-23 16:21,177.9,188.1,189.5,190,189.8,195.5,196,195.3,195,199.9,199.9,208,208,204.9,208,208,200,205,205,40.4,72.7,52.6,13,12.981,29.834,1726,205,14.2,121.584,2020-01-23 14:28,25.2,24.3
2020-01-23 15:27,Extruder 1,20-A-61,90310-000065080004,7050 0% 065T 800W BK N/T,55695,1251,1250,500,2020-01-23 15:27,177.7,188,189.7,190.7,190,194.7,196.3,194.9,195.1,200.1,200,208.1,208,205,208,208,199.9,205,205,41,72.7,52.5,9.001,8.973,29.836,1788,205.4,14.6,201.85,2020-01-23 14:28,25,24.1
2020-01-23 15:00,Extruder 1,20-A-61,90310-000065080004,7050 0% 065T 800W BK N/T,55695,1251,1250,250,2020-01-23 15:00,178,188,189.4,190.4,190.1,195,196.3,194.8,195.1,200.1,200.2,208.1,207.9,205,207.9,207.9,200,205.1,204.9,40.8,72.8,52.6,8.994,8.983,29.841,1777,205.5,14,201.328,2020-01-23 14:28,25,24.1
2020-01-23 14:32,Extruder 1,20-A-60,90310-000065080004,7050 0% 065T 800W BK N/T,55695,1476,1250,1000,2020-01-23 14:32,178.1,187.9,190,190.4,189.9,194.1,196.4,194.7,195,199.9,200,208,207.9,205,208,207.9,200,205,205.1,40.5,72.7,52.6,8.996,8.996,29.579,1798,205.5,16.9,200.332,2020-01-23 12:42,24.9,24.1
2020-01-23 13:37,Extruder 1,20-A-60,90310-000065080004,7050 0% 065T 800W BK N/T,55695,1476,1250,500,2020-01-23 13:37,178.8,188,190.4,189.6,189.9,196.1,195.8,194.9,195,200.1,199.9,208.1,208.1,205.2,208.1,208.1,200.1,205,205,40.5,72.4,52.7,9.001,9.037,29.524,1813,205.4,14.5,203.155,2020-01-23 12:42,24.8,24.1
2020-01-23 13:10,Extruder 1,20-A-60,90310-000065080004,7050 0% 065T 800W BK N/T,55695,1476,1250,250,2020-01-23 13:10,179.3,188,190.4,190.8,189.3,191.7,195.7,195,195,199.9,199.4,208.1,208.4,205.3,208.4,208,200.1,204.9,204.9,40.1,72.5,52.5,9.001,8.979,29.535,1854,204.6,15.8,210.033,2020-01-23 12:42,24.8,24.1
2020-01-23 11:59,Extruder 1,20-A-59,90310-000065080004,7050 0% 065T 800W BK N/T,55695,1476,1250,1000,2020-01-23 11:59,178,187.9,190.1,189.8,190,195.3,196.7,195.2,194.8,199.9,199.9,208,208,205,207.9,208,200.1,205,205,40.3,72.6,52.7,8.998,8.979,29.581,1855,206.3,15.4,150.213,2020-01-23 10:08,24.8,24.1
2020-01-23 11:05,Extruder 1,20-A-59,90310-000065080004,7050 0% 065T 800W BK N/T,55695,1476,1250,500,2020-01-23 11:05,177.8,188,190,190.4,190,194.5,196.8,195.3,195.1,199.9,200.1,208,208,205.1,208.1,208.1,199.9,205,205,40.1,72.6,52.6,9.003,8.986,29.467,1869,206.4,15.1,206.452,2020-01-23 10:08,24.7,24.1
2020-01-23 10:37,Extruder 1,20-A-59,90310-000065080004,7050 0% 065T 800W BK N/T,55695,1476,1250,250,2020-01-23 10:37,178,188.1,190.3,190,189.8,195.1,196.7,195.2,195,200,199.8,208.1,208.1,205,208,208,200,205,204.9,39.8,72.2,52.7,9.003,8.991,29.526,1854,206.2,14,207.78,2020-01-23 10:08,24.8,24.1
2020-01-23 10:10,Extruder 1,20-A-58,90310-000065080004,7050 0% 065T 800W BK N/T,55695,1476,1250,1000,2020-01-23 10:10,177.8,188.1,190,189.7,189.8,195.4,196.7,195.2,195,200,199.6,208,207.9,205.1,208,208,200,205,204.9,40,72.5,52.5,9.003,8.983,29.834,1872,206.4,16.1,206.048,2020-01-23 8:04,24.8,24.1
2020-01-23 9:15,Extruder 1,20-A-58,90310-000065080004,7050 0% 065T 800W BK N/T,55695,1476,1250,500,2020-01-23 9:15,177.2,187.9,189.6,190.7,190.1,195.2,196.2,194.9,195.1,200,199.5,208,208.1,205.1,208,207.9,200,205,205,39.8,72.4,52.7,8.998,8.994,29.854,1849,206,15,201.684,2020-01-23 8:04,24.6,24.1
2020-01-23 8:48,Extruder 1,20-A-58,90310-000065080004,7050 0% 065T 800W BK N/T,55695,1476,1250,250,2020-01-23 8:48,176.1,188,190,190.5,189.8,195.7,195.8,195.1,195,199.9,200.2,208.1,208.1,205.3,208.4,208.3,200,205,205.1,39.9,72.2,52.7,9.001,9.024,29.674,1856,205.3,14.1,208.776,2020-01-23 8:04,24.7,24.1
2020-01-23 7:57,Extruder 1,20-A-57,90310-000065080004,7050 0% 065T 800W BK N/T,55695,1476,1250,1000,2020-01-23 7:57,177.4,187.7,189.3,189.5,189.9,194.9,196.8,195,195,200,199.7,208,208,205,208,208.1,199.9,205,205,40.1,72.4,52.6,9.001,9.006,22.05,1694,205,15.6,187.595,2020-01-23 6:05,24.8,24.1
2020-01-23 7:03,Extruder 1,20-A-57,90310-000065080004,7050 0% 065T 800W BK N/T,55695,1476,1250,500,2020-01-23 7:03,177.7,188.1,190.8,189.6,190.1,195.6,197.2,195.2,195,199.9,200.3,208.1,208,205,208.1,208,200,205.1,205.1,40.5,72.7,52.6,9.003,9.011,30.021,1847,206.9,14.6,205.028,2020-01-23 6:05,25,24.1
2020-01-23 6:35,Extruder 1,20-A-57,90310-000065080004,7050 0% 065T 800W BK N/T,55695,2262,1250,250,2020-01-23 6:35,177.9,188,189.6,190.3,190,195.2,197.1,195,195,200,200.4,208.1,208,205.1,208.1,208.1,200,205,205,40.6,72.7,52.7,9.003,9.014,29.998,1870,206.8,15.8,206.76,2020-01-23 6:05,25,24.1
2020-01-23 6:07,Extruder 1,20-A-56,90310-000065080004,7050 0% 065T 800W BK N/T,55695,2262,1250,1000,2020-01-23 6:07,177.9,188.1,190,189.8,189.8,194.8,197.1,194.9,195,199.9,200.2,208,208,205,208,208,200,205.1,205.1,40.5,72.8,52.7,8.998,9.004,30.036,1861,206.8,17,208.515,2020-01-23 4:16,25,24.2
2020-01-23 5:13,Extruder 1,20-A-56,90310-000065080004,7050 0% 065T 800W BK N/T,55695,2262,1250,500,2020-01-23 5:13,178.2,188.1,189.6,190.3,190.2,195.1,197,195.2,195.1,200.1,199.8,208,208,205,208,208.1,200,204.8,205.1,40.2,72.5,53,9.107,9.12,30.023,1846,206.8,15.6,206.831,2020-01-23 4:16,25,24.2
2020-01-23 4:46,Extruder 1,20-A-56,90310-000065080004,7050 0% 065T 800W BK N/T,55695,2262,1250,250,2020-01-23 4:46,178.4,188.1,190.6,190.2,190.1,194.6,197,195.1,195,200,200.4,208,208,205,208,208.1,200,205,205,39.9,72.4,52.9,9.102,9.12,30.027,1872,206.7,16.8,210.626,2020-01-23 4:16,24.9,24.2
2020-01-23 4:18,Extruder 1,20-A-55,90310-000065080004,7050 0% 065T 800W BK N/T,55695,2262,1250,1000,2020-01-23 4:18,178.3,188,189.7,189.1,189.8,195.1,196.9,195,194.9,200,200.3,208,208.2,205,208.1,208,199.9,205.1,205.1,39.8,72.5,52.6,9.005,8.999,30.032,1856,206.6,16.6,206.879,2020-01-23 2:25,25,24.2
2020-01-23 3:23,Extruder 1,20-A-55,90310-000065080004,7050 0% 065T 800W BK N/T,55695,2262,1250,500,2020-01-23 3:23,178.3,188,189.5,190.4,190.1,194.9,196.9,194.9,195,200,200,208,208,205,208.1,208.1,200,205,205,39.2,70.5,51.8,9.003,9.016,30.027,1861,206.5,16,206.499,2020-01-23 2:25,24.9,24.1
2020-01-23 2:56,Extruder 1,20-A-55,90310-000065080004,7050 0% 065T 800W BK N/T,55695,2262,1250,250,2020-01-23 2:56,178.3,188,190,189.5,189.9,195.6,196.7,195,194.9,200,199.5,207.9,208,205,207.9,207.9,200,204.9,205,39.4,70.5,51.8,9.003,9.006,30.041,1827,206.4,16.6,195.754,2020-01-23 2:25,24.8,24.1
2020-01-23 2:28,Extruder 1,20-A-54,90310-000065080004,7050 0% 065T 800W BK N/T,55695,2262,1250,1000,2020-01-23 2:28,178.1,187.9,189.8,190.5,190.2,194.4,196.7,194.6,194.8,200,200.5,207.9,208,205,207.9,207.8,200,205,205.1,39.5,70.4,51.5,8.998,9.011,30.082,1842,206.2,15.8,206.072,2020-01-23 0:45,24.7,24.1
2020-01-23 1:33,Extruder 1,20-A-54,90310-000065080004,7050 0% 065T 800W BK N/T,55695,2262,1250,500,2020-01-23 1:33,178.2,188.1,190.1,190.7,190.1,195.9,196.5,195,195,200,199.9,208,208,205.1,207.9,208,200,205,204.9,39.2,70.6,51.9,8.998,8.996,30.084,1844,206.2,17.3,204.08,2020-01-23 0:45,24.9,24.1
2020-01-23 1:06,Extruder 1,20-A-54,90310-000065080004,7050 0% 065T 800W BK N/T,55695,2262,1250,250,2020-01-23 1:06,178,188,189.2,189,190,194.9,196.4,195.1,195,199.9,200.3,207.9,208,205.1,207.9,207.9,199.9,205.1,204.8,39.7,70.6,51.8,9.005,8.989,30.043,1820,206,15.9,200.664,2020-01-23 0:45,24.8,24.1
2020-01-23 0:38,Extruder 1,20-A-53,90310-000065080004,7050 0% 065T 800W BK N/T,55695,2262,1250,1000,2020-01-23 0:38,178.1,188.1,190.1,190.1,190.1,194.5,196.3,194.9,194.8,199.9,200.4,207.9,207.9,205,207.8,207.8,200,204.8,205,39.8,70.8,52,9.001,8.996,30.032,1816,205.8,14.2,207.187,2020-01-22 22:45,24.9,24.1
2020-01-22 23:43,Extruder 1,20-A-53,90310-000065080004,7050 0% 065T 800W BK N/T,55695,2262,1250,500,2020-01-22 23:43,177.3,188,190.5,190.1,189.9,195,195.6,194.8,193.4,199.4,199.9,207,207.3,204.8,207,207,199.9,204.8,204.5,39.8,71.1,51.9,8.994,9.001,30.121,1804,205.4,16.1,196.158,2020-01-22 22:45,24.8,24.1
2020-01-22 23:16,Extruder 1,20-A-53,90310-000065080004,7050 0% 065T 800W BK N/T,55695,2262,1250,250,2020-01-22 23:16,175.4,187.3,190.1,190.3,189.6,194.7,195.7,194.6,192.2,199.1,199.5,205.9,206.1,204.7,205.8,206,199.4,204.5,204,39.5,70.9,52,8.996,9.009,30.075,1826,205.2,14.2,201.613,2020-01-22 22:45,24.7,23.9
2020-01-22 22:30,Extruder 1,20-A-52,90310-000065080004,7050 0% 065T 800W BK N/T,55695,1251,1250,1000,2020-01-22 22:30,178.3,188,189.7,189.9,189.8,195,196.6,195.2,195,200,200.3,208,208,205.1,208.1,208.1,199.9,205,205,39.8,71,52,8.996,9.014,30.03,1818,205.9,16,200.949,2020-01-22 20:49,24.8,23.9
2020-01-22 21:36,Extruder 1,20-A-52,90310-000065080004,7050 0% 065T 800W BK N/T,55695,1251,1250,500,2020-01-22 21:36,178,188.1,189.5,190.1,190,194.9,196.5,194.9,195,200,200.4,208,207.9,204.9,208,208,200,205,205.1,39.8,71.2,52.1,9.001,9.011,30.592,1820,206,16,200.759,2020-01-22 20:49,24.8,23.9
2020-01-22 21:08,Extruder 1,20-A-52,90310-000065080004,7050 0% 065T 800W BK N/T,55695,1251,1250,250,2020-01-22 21:08,177.8,188,190.1,189.8,189.8,194.6,196.6,195.2,194.9,200,199.8,208,208,205,207.8,208,200,204.9,205,39.7,70.9,51.9,8.992,8.991,29.745,1819,205.9,15.1,200.261,2020-01-22 20:49,24.9,24.1
2020-01-22 20:41,Extruder 1,20-A-51,90310-000065080004,7050 0% 065T 800W BK N/T,55695,1251,1250,1000,2020-01-22 20:41,177.5,187.9,189.9,190.1,189.8,195.3,196.8,195.2,195,200,200.2,208,207.9,204.8,207.9,207.9,200,205.1,205,39.8,71.2,52.2,9.003,9.011,29.756,1851,206.2,17.9,201.969,2020-01-22 18:53,24.9,24.1
2020-01-22 19:46,Extruder 1,20-A-51,90310-000065080004,7050 0% 065T 800W BK N/T,55695,1251,1250,500,2020-01-22 19:46,177.6,188,190.2,190,190.1,191.8,197,195.2,195,200,200,207.9,208,205,208,208,200,205.1,205,39.5,71.1,52.2,8.992,8.994,29.72,1950,206.7,14.7,208.61,2020-01-22 18:53,24.7,23.9
2020-01-22 19:19,Extruder 1,20-A-51,90310-000065080004,7050 0% 065T 800W BK N/T,55695,1251,1250,250,2020-01-22 19:19,178.1,187.9,190.1,190.2,190.1,191.1,197,195,195.2,199.9,199.6,208.1,208.1,205.3,208.2,208,199.9,205.1,205.1,40.3,71.7,52.2,9.001,8.999,29.745,1962,206.7,15.9,215.916,2020-01-22 18:53,24.8,23.9
2020-01-22 18:51,Extruder 1,20-A-50,90310-000065080004,7050 0% 065T 800W BK N/T,55695,1251,1250,1000,2020-01-22 18:51,178.5,187.3,189.5,190.1,190.1,191,197,195.1,195,200,199.9,208.1,208.1,204.7,208,208.1,200.1,205.1,205.1,40.2,71.5,52.1,8.996,8.986,29.747,1981,206.7,17.4,211.883,2020-01-22 16:57,24.8,24.1
2020-01-22 17:57,Extruder 1,20-A-50,90310-000065080004,7050 0% 065T 800W BK N/T,55695,1251,1250,500,2020-01-22 17:57,178.3,188.2,189.1,190.4,190.1,195.2,197.2,195,195,199.9,200.2,208,208,205,207.9,208,200,205,204.8,40.1,71.3,52.2,9.001,9.014,29.69,1962,207.5,14.9,207.448,2020-01-22 16:57,24.9,24.1
2020-01-22 17:29,Extruder 1,20-A-50,90310-000065080004,7050 0% 065T 800W BK N/T,55695,1251,1250,250,2020-01-22 17:29,178.3,188.1,190,190.4,190.2,195.6,197.2,195,195.1,200,200.5,208.1,208.1,205,208.1,208,199.9,204.8,204.8,40.2,71.4,52.1,8.994,9.032,29.74,1927,207.6,16.4,212.832,2020-01-22 16:57,24.9,24.1
2020-01-22 17:02,Extruder 1,20-A-49,90310-000065080004,7050 0% 065T 800W BK N/T,55695,1251,1250,1000,2020-01-22 17:02,178.2,188.1,189.9,189.4,190.1,195.2,196.9,194.6,195.1,200,200.1,208,208,205.1,208,207.9,200,205.1,205,40.2,71.5,52.1,9.005,8.999,29.697,1927,207,16.4,211.433,2020-01-22 13:07,24.8,23.9
2020-01-22 16:07,Extruder 1,20-A-49,90310-000065080004,7050 0% 065T 800W BK N/T,55695,1251,1250,500,2020-01-22 16:07,178.3,187.5,189.6,190,190.1,194.9,196.6,195.4,195.2,200,200.2,208.1,208.2,205.4,208.2,208,199.9,205.1,204.9,38.3,68.9,50.1,9.001,9.006,29.745,1887,206.5,15.7,208.752,2020-01-22 13:07,24.7,23.9
2020-01-22 15:40,Extruder 1,20-A-49,90310-000065080004,7050 0% 065T 800W BK N/T,55695,1251,1250,250,2020-01-22 15:40,177.6,188.1,190.2,190.1,190.7,193.7,196,195.3,195.3,199.9,200,208.3,208.2,205.4,208.3,208.1,199.9,205.1,204.8,38.1,68.7,49.8,9.003,8.986,30.533,1939,205.7,16.5,209.63,2020-01-22 13:07,24.6,23.9
2020-01-22 13:02,Extruder 1,20-A-48,90310-000065080004,7050 0% 065T 800W BK N/T,55695,1476,1250,1000,2020-01-22 13:02,178,187.9,189.9,190.7,189.9,195.5,197.4,195,195,200,199.8,208,208.1,205,208,207.9,200,204.9,205.1,40.3,72.7,52.7,8.998,8.996,22.025,1718,206.5,14.1,187.88,2020-01-22 11:15,24.7,24.1
2020-01-22 12:07,Extruder 1,20-A-48,90310-000065080004,7050 0% 065T 800W BK N/T,55695,1476,1250,500,2020-01-22 12:07,177.8,188,190.4,189.7,189.9,195,197.2,195.3,194.9,200,199.9,208,208.1,205.1,208,208,200,204.9,205,40.4,72.5,52.6,9.005,8.963,30.071,1869,206.9,17.3,206.594,2020-01-22 11:15,24.6,24.1
2020-01-22 11:40,Extruder 1,20-A-48,90310-000065080004,7050 0% 065T 800W BK N/T,55695,1476,1250,250,2020-01-22 11:40,177.7,187.9,189.6,190.3,190.2,194.8,197.1,194.9,195,200,200.5,207.9,208,205,208,207.9,200.1,205,204.9,40.4,72.4,52.5,9.003,9.019,30.171,1848,206.6,15.4,204.934,2020-01-22 11:15,24.6,23.9
2020-01-22 11:12,Extruder 1,20-A-47,90310-000065080004,7050 0% 065T 800W BK N/T,55695,1476,1250,1000,2020-01-22 11:12,177.9,187.9,189.3,190.4,190,195.9,197,195,195,199.9,199.6,207.9,207.9,205,208,208,200,205,204.9,40.4,72.4,52.8,9.001,9.004,30.144,1854,206.6,16.3,203.653,2020-01-22 9:23,24.7,23.9
2020-01-22 10:18,Extruder 1,20-A-47,90310-000065080004,7050 0% 065T 800W BK N/T,55695,1476,1250,500,2020-01-22 10:18,177.9,188.1,190.2,190.3,190.2,195.6,196.7,195.2,194.9,199.9,199.9,208,207.8,205,208,207.9,199.9,204.9,205,40.1,72.3,52.7,9.003,8.999,30.146,1864,206.1,16.1,204.483,2020-01-22 9:23,24.6,23.9
2020-01-22 9:50,Extruder 1,20-A-47,90310-000065080004,7050 0% 065T 800W BK N/T,55695,1476,1250,250,2020-01-22 9:50,178,188,189.3,190.3,189.8,196.5,196.8,194.8,195,200.1,200.6,208,207.9,205.1,208.1,208,200,205,205,40.2,72.5,52.6,9.003,8.999,30.1,1834,206.2,14.4,205.811,2020-01-22 9:23,24.7,23.9
2020-01-22 9:23,Extruder 1,20-A-46,90310-000065080004,7050 0% 065T 800W BK N/T,55695,1476,1250,1000,2020-01-22 9:23,177.8,188.1,189.9,189,189.7,194.3,197.2,194.6,195.1,200.1,200.1,208,208,205,208.1,208.1,200,205,205.1,40.2,72.4,52.6,8.998,8.966,30.387,1840,206.3,16.4,205.028,2020-01-22 7:34,24.7,24.1
2020-01-22 8:28,Extruder 1,20-A-46,90310-000065080004,7050 0% 065T 800W BK N/T,55695,1476,1250,500,2020-01-22 8:28,178.3,188,189.6,190.5,189.9,195.6,197,195.3,195,200.1,199.4,208,208.1,205,208,208,200,205,205,40.3,72.4,52.6,9.001,9.011,30.392,1838,206.4,15.9,205.716,2020-01-22 7:34,24.5,23.9
2020-01-22 8:01,Extruder 1,20-A-46,90310-000065080004,7050 0% 065T 800W BK N/T,55695,1476,1250,250,2020-01-22 8:01,178.3,188,190.1,190.4,190,194.8,197.1,195.3,195.1,200,200.1,208.1,208.1,205,208,208,200,205,205.1,40.1,72.4,52.5,9.003,8.986,30.604,1855,206.5,14.4,202.396,2020-01-22 7:34,24.5,23.9
2020-01-22 7:33,Extruder 1,20-A-45,90310-000065080004,7050 0% 065T 800W BK N/T,55695,1476,1250,1000,2020-01-22 7:33,178,188.1,190.3,188.7,189.9,195.6,197,195.1,195.1,200.1,199.9,208.1,207.9,205.1,208.1,208.1,199.9,205,204.9,39.8,72.3,52.6,9.098,9.12,30.554,1851,206.4,17.1,204.151,2020-01-22 5:42,24.4,23.9
2020-01-22 6:39,Extruder 1,20-A-45,90310-000065080004,7050 0% 065T 800W BK N/T,55695,2262,1250,500,2020-01-22 6:39,177.2,188.1,189.6,190.4,190,195.2,196.6,195.2,195,199.9,200.2,208,208.2,205,208,207.9,200.2,205.1,205.1,40,72.4,52.4,9.105,9.11,30.59,1832,206,13.8,200.308,2020-01-22 5:42,24.6,23.9
2020-01-22 6:12,Extruder 1,20-A-45,90310-000065080004,7050 0% 065T 800W BK N/T,55695,2262,1250,250,2020-01-22 6:12,176,188.1,189.7,190.5,189.7,195.4,196.1,195.1,195,199.9,200,207.9,208.2,205.2,208.3,208,199.9,204.9,205,40.3,72.5,52.6,9.094,9.102,30.617,1817,205.5,15.1,205.076,2020-01-22 5:42,24.7,23.9
2020-01-22 5:27,Extruder 1,20-A-44,90310-000065080004,7050 0% 065T 800W BK N/T,55695,2262,1250,1000,2020-01-22 5:27,178,188.3,190.1,190.7,190.5,195.8,196,195.2,195,200,200.3,208.1,208.1,205.1,208,208,200,205,205.1,40,72.5,52.6,13,13.011,30.565,1786,205.3,16.2,201.969,2020-01-22 3:41,24.7,23.9
2020-01-22 4:34,Extruder 1,20-A-44,90310-000065080004,7050 0% 065T 800W BK N/T,55695,2262,1250,500,2020-01-22 4:34,178.3,188,190,190,190,195,195.8,195.3,195,200,200.6,207.9,207.8,205.1,208.2,208,200,204.9,205,40.5,72.6,52.6,9.198,9.186,30.549,1670,204.3,14.9,185.697,2020-01-22 3:41,24.6,23.9
2020-01-22 4:06,Extruder 1,20-A-44,90310-000065080004,7050 0% 065T 800W BK N/T,55695,2262,1250,250,2020-01-22 4:06,178.2,187.9,189.9,190.1,189.9,195,195.7,195.2,194.9,200,200,208.2,208.3,205,207.7,207.8,200.2,205,205.2,40.5,72.6,52.6,8.903,8.931,30.526,1672,204.3,14.2,189.326,2020-01-22 3:41,24.7,23.9
2020-01-22 3:38,Extruder 1,20-A-43,90310-000065080004,7050 0% 065T 800W BK N/T,55695,2262,1250,1000,2020-01-22 3:38,178.1,188.1,190.1,189.9,189.9,194.9,195.8,195.2,195,199.9,199.9,208,207.9,205,208,208,200,204.9,205.1,40.2,72.6,52.6,8.899,8.893,30.583,1674,204.4,17,189.255,2020-01-22 1:49,24.6,23.9
2020-01-22 2:43,Extruder 1,20-A-43,90310-000065080004,7050 0% 065T 800W BK N/T,55695,2262,1250,500,2020-01-22 2:43,178,188,190.1,189.9,189.9,194.9,196,194.8,195,200,200.3,208,207.9,204.9,208,208,200.1,205.1,205.1,40.3,72.5,52.7,8.899,8.908,30.572,1682,204.6,13.2,194.829,2020-01-22 1:49,24.6,23.8
2020-01-22 2:15,Extruder 1,20-A-43,90310-000065080004,7050 0% 065T 800W BK N/T,55695,2262,1250,250,2020-01-22 2:15,178.2,188.1,190,189.9,190,195,196.1,194.8,195.1,200,199.5,208.2,207.9,205.1,208.1,208.2,199.9,205.1,205,40.1,72.5,52.6,8.903,8.903,30.554,1674,204.9,16.1,192.386,2020-01-22 1:49,24.6,23.9
2020-01-22 1:47,Extruder 1,20-A-42,90310-000065080004,7050 0% 065T 800W BK N/T,55695,2262,1250,1000,2020-01-22 1:47,178,188.1,190.1,190,189.9,194.7,196.2,195,195.1,200,200,208.1,208,205.1,208.2,208.1,200,205,205,39.8,72.4,52.7,8.892,8.891,30.597,1700,205,15.4,196.063,2020-01-21 23:57,24.6,23.9
2020-01-22 0:52,Extruder 1,20-A-42,90310-000065080004,7050 0% 065T 800W BK N/T,55695,2262,1250,500,2020-01-22 0:52,177,187.8,189.9,190,189.8,194,196,195,194.8,200,199.7,208,208,205,208.1,208.1,200,205,204.8,39.5,72.4,52.5,8.903,8.919,30.565,1713,204.7,14.6,190.678,2020-01-21 23:57,24.6,23.9
2020-01-22 0:24,Extruder 1,20-A-42,90310-000065080004,7050 0% 065T 800W BK N/T,55695,2262,1250,250,2020-01-22 0:24,175.7,187.8,189.5,189.8,189.8,195.2,195.7,194.9,195.1,200,200.2,208.1,208.1,205.1,208.2,208,200.1,205.1,205.1,39.5,71.5,52,8.897,8.847,30.574,1672,204.7,16.9,189.279,2020-01-21 23:57,24.4,23.9
2020-01-21 23:44,Extruder 1,20-A-41,90310-000065080004,7050 0% 065T 800W BK N/T,55695,2262,1250,1000,2020-01-21 23:44,177.9,188.1,190,190,189.9,194.7,195.9,194.6,194.8,199.9,200.1,208,208,205,207.9,208,200,205,205,39.8,71.5,51.9,13,12.996,30.542,1712,204.8,14.9,189.137,2020-01-21 21:44,24.4,23.7
2020-01-21 22:49,Extruder 1,20-A-41,90310-000065080004,7050 0% 065T 800W BK N/T,55695,1251,1250,500,2020-01-21 22:49,178.4,188.1,189.9,189.4,190,195.1,195.9,195,194.9,200.1,200.2,208,207.9,205,207.9,207.8,199.9,205.1,204.9,40,71.8,52,8.903,8.895,30.271,1671,204.7,15.7,188.686,2020-01-21 21:44,24.5,23.8
2020-01-21 22:22,Extruder 1,20-A-41,90310-000065080004,7050 0% 065T 800W BK N/T,55695,1251,1250,250,2020-01-21 22:22,178.1,188.1,190,189.5,190,195.2,196.2,195.3,195,200,200.6,207.9,208,205.1,207.9,207.9,200,205,205.1,39.8,71.6,52.2,8.897,8.921,30.583,1726,204.9,16.1,190.56,2020-01-21 21:44,24.4,23.7
2020-01-21 21:39,Extruder 1,20-A-40,90310-000065080004,7050 0% 065T 800W BK N/T,55695,1251,1250,1000,2020-01-21 21:39,178.3,188,189.9,189.7,190,195.3,196,195,195,200,200,207.9,208,205,207.9,207.8,200,204.9,204.8,39.7,71.8,51.8,7.996,8.015,27.487,1631,204.6,16.6,182.685,2020-01-21 20:02,24.2,23.7
2020-01-21 20:44,Extruder 1,20-A-40,90310-000065080004,7050 0% 065T 800W BK N/T,55695,1251,1250,500,2020-01-21 20:44,177.7,188.1,190,190.4,190.1,195.4,196.2,194.6,195,200,200.2,208,207.8,205.1,208,208.2,200,205.1,204.8,39.6,71.2,51.6,8.894,8.925,30.59,1688,205.1,14.8,189.896,2020-01-21 20:02,23.8,23.4
2020-01-21 20:16,Extruder 1,20-A-40,90310-000065080004,7050 0% 065T 800W BK N/T,55695,1251,1250,250,2020-01-21 20:16,177.8,188,189.9,190.1,190.1,194.8,196,194.7,194.8,199.9,199.7,208,208.1,205.1,208,208,200.1,205,205,39.8,71.2,51.6,8.897,8.865,30.565,1690,205.2,17.6,192.647,2020-01-21 20:02,23.7,23.4
2020-01-21 18:37,Extruder 1,20-A-39,90310-000065080004,7050 0% 065T 800W BK N/T,55695,1251,1250,1000,2020-01-21 18:37,178.2,188.1,189.4,189.8,190.2,194.7,195.9,195.3,195.1,200,199.7,208,208,205.2,208,208.1,200,204.9,205,39.2,70.8,51.5,8.901,8.908,30.613,1682,204.7,13.5,191.817,2020-01-21 16:05,23.7,23.6
2020-01-21 17:43,Extruder 1,20-A-39,90310-000065080004,7050 0% 065T 800W BK N/T,55695,1251,1250,500,2020-01-21 17:43,176.4,187.6,189.5,189.2,189.5,197,195.9,194.8,195.2,200.1,199.6,208.2,208,205.4,208.4,208.4,200.1,205,205.1,34.6,68.9,46.7,10.106,10.119,28.51,1598,203.4,15.2,189.777,2020-01-21 16:05,23.8,23.7
2020-01-21 17:05,Extruder 1,20-A-39,90310-000065080004,7050 0% 065T 800W BK N/T,55695,1251,1250,250,2020-01-21 17:05,178,188.1,190.1,189.7,189.7,195,195.1,195.3,194.9,199.9,199.7,208.1,208.2,205.2,208.3,208.1,200,204.9,204.8,34.5,69.2,46.7,6.996,6.991,24.251,1486,202.5,16.4,175.783,2020-01-21 16:05,23.7,23.6
2020-01-21 15:52,Extruder 1,20-A-38,90310-000065080004,7050 0% 065T 800W BK N/T,55695,1251,1250,1000,2020-01-21 15:52,177.9,187.9,189.9,189.9,190,195,194.9,194.8,195,200,200,208.1,208,204.8,207.9,207.9,200,205,205.1,34.6,69.2,46.9,7.994,8,23.804,1493,202.9,16.2,176.091,2020-01-21 13:32,24.1,23.6
2020-01-21 14:42,Extruder 1,20-A-38,90310-000065080004,7050 0% 065T 800W BK N/T,55695,1476,1250,500,2020-01-21 14:42,178.1,188,190,190.1,189.9,195.1,195.1,195.2,195.1,200.1,200.5,208,208,205,208,208,200,205,204.9,35.3,70.5,47.3,7.004,7.007,23.144,1572,203.5,16.6,181.665,2020-01-21 13:32,24.5,23.9
2020-01-21 14:07,Extruder 1,20-A-38,90310-000065080004,7050 0% 065T 800W BK N/T,55695,1476,1250,250,2020-01-21 14:07,177.9,188.1,190,190,189.9,195,195,195.4,195,200,200.1,208,208,204.9,208,208,199.9,205,205,35.4,70.4,47.2,7.001,6.997,23.018,1554,203.3,13.5,179.886,2020-01-21 13:32,24.3,23.7
2020-01-21 13:32,Extruder 1,20-A-37,90310-000065080004,7050 0% 065T 800W BK N/T,55695,1476,1250,1000,2020-01-21 13:32,178,188.1,190,190.1,190,194.9,195,195,195,200,199.5,208,208,205.1,208.1,208.1,199.9,205,205,35.1,70.2,47.2,7.001,6.993,23.1,1563,203.2,16.1,187.263,2020-01-21 11:10,24.3,23.9
2020-01-21 12:21,Extruder 1,20-A-37,90310-000065080004,7050 0% 065T 800W BK N/T,55695,1476,1250,500,2020-01-21 12:21,177.9,188,190,190,189.8,195,195,195,195,200,200,208,208.2,205.1,208,208,199.9,205.1,205,35,70.2,47,7.006,6.991,22.945,1554,203.3,16.4,185.247,2020-01-21 11:10,24.6,23.8
2020-01-21 11:46,Extruder 1,20-A-37,90310-000065080004,7050 0% 065T 800W BK N/T,55695,1476,1250,250,2020-01-21 11:46,178,187.8,189.8,189.7,189.6,195,195.2,195.3,195,200,200.1,208.2,208.2,205.1,208.3,208.2,200,205,205.1,35.1,70.1,47.2,7.001,7.029,23.03,1562,203.3,13.6,183.942,2020-01-21 11:10,23.4,23.6
2020-01-21 10:37,Extruder 1,20-A-36,90310-000065080004,7050 0% 065T 800W BK N/T,55695,1476,1250,1000,2020-01-21 10:37,177.9,187.5,189.4,189.6,189.8,194.7,195,195,195.1,200,199.6,208,208,205,208.1,208,200,204.9,205,35.2,69.8,46.8,6.998,6.997,15.007,1327,202.2,16,157.187,2020-01-20 21:14,23.7,23.6
2020-01-21 9:26,Extruder 1,20-A-36,90310-000065080004,7050 0% 065T 800W BK N/T,55695,1476,1250,500,2020-01-21 9:26,177.7,188,190,189.9,190,195,195,194.7,194.8,200,200.1,208.2,208.3,205.2,207.8,207.7,199.9,205,204.9,34.8,69.8,47,7.003,7.001,23.025,1546,203.4,14.4,186.124,2020-01-20 21:14,28.9,23.6
2020-01-21 8:51,Extruder 1,20-A-36,90310-000065080004,7050 0% 065T 800W BK N/T,55695,1476,1250,250,2020-01-21 8:51,177.6,188,189.8,189.7,189.5,195,195.5,195.2,195.1,200.1,200.3,208.3,208,205.4,208.3,208.1,200,205,205,34.5,69.7,46.9,6.992,6.989,22.79,1557,203.5,16.5,179.507,2020-01-20 21:14,28.6,23.4
2020-01-20 21:05,Extruder 1,20-A-35,90310-000065080004,7050 0% 065T 800W BK N/T,55695,1251,1250,1000,2020-01-20 21:05,179.5,188,189.9,190,189.9,194.9,195,195.2,195,200.1,199.8,208,208,205.1,208,208,200,205,205.1,34.5,69.3,46.8,12.002,11.989,23.335,1339,203.4,16.8,72.059,2020-01-20 18:48,24.4,23.9
2020-01-20 19:55,Extruder 1,20-A-35,90310-000065080004,7050 0% 065T 800W BK N/T,55695,1251,1250,500,2020-01-20 19:55,177.8,188.1,190.1,189.9,189.9,194.5,195.1,195.2,195,200,199.6,208,208.1,205,208,208,200,205,205,34.9,69.4,47,7.003,6.993,23.317,1601,203.6,17.5,183.373,2020-01-20 18:48,24.1,23.6
2020-01-20 19:20,Extruder 1,20-A-35,90310-000065080004,7050 0% 065T 800W BK N/T,55695,1251,1250,250,2020-01-20 19:20,178,188,190,189.8,189.7,195.1,195.3,194.8,195,200,199.9,208.1,208.1,205.2,208.3,208,200,205,205.1,34.9,69.6,46.9,7.003,7.017,22.79,1590,203.4,15.7,176.067,2020-01-20 18:48,24.3,23.8
2020-01-20 18:38,Extruder 1,20-A-34,90310-000065080004,7050 0% 065T 800W BK N/T,55695,1251,1250,1000,2020-01-20 18:38,173.9,187.6,188.5,189.7,189.5,197.3,195,195,194.8,200,199.8,208,207.6,204.6,207.5,208.2,199.9,205.3,205,35.1,70.3,47,7.996,7.988,22.772,1628,202.1,16.2,177.609,2020-01-20 16:10,24.8,23.7
2020-01-20 17:14,Extruder 1,20-A-34,90310-000065080004,7050 0% 065T 800W BK N/T,55695,1251,1250,500,2020-01-20 17:14,178.1,188,190,190,190.1,194.1,195,195,195.1,200,199.7,208,208,205,208.1,208,200.1,204.9,205.1,34.5,69.6,47,6.996,7.011,23.342,1619,203.5,15.6,184.938,2020-01-20 16:10,24.3,23.9
2020-01-20 16:39,Extruder 1,20-A-34,90310-000065080004,7050 0% 065T 800W BK N/T,55695,1251,1250,250,2020-01-20 16:39,177.8,187.9,189.9,189.9,190,194.1,195.1,194.4,195,200,200.1,208,208,205,208.1,208,199.9,205.1,205.1,34.6,69.5,46.7,7.004,7.001,23.358,1646,203.7,16.1,183.397,2020-01-20 16:10,24.8,23.7
2020-01-20 16:04,Extruder 1,20-A-33,90310-000065080004,7050 0% 065T 800W BK N/T,55695,1251,1250,1000,2020-01-20 16:04,177.8,187.8,190,190,190,195,195,195.1,194.9,199.9,200,207.9,208,205.1,208.2,208,200,205,205,35.2,69.6,46.8,6.994,6.993,23.26,1647,203.8,16,182.827,2020-01-20 12:38,24.3,23.7
2020-01-20 14:54,Extruder 1,20-A-33,90310-000065080004,7050 0% 065T 800W BK N/T,55695,1476,1250,500,2020-01-20 14:54,178,188.1,190,190,190.2,196.2,195.1,195.1,195.1,200.1,200,208,207.8,205.1,208.3,208,200,205,205.1,35.3,70.5,47.2,6.994,6.983,23.364,1642,203.7,15.3,180.028,2020-01-20 12:38,24,23.7
2020-01-20 14:18,Extruder 1,20-A-33,90310-000065080004,7050 0% 065T 800W BK N/T,55695,1476,1250,250,2020-01-20 14:18,178.1,188,190,190.1,190.1,195.9,194.9,194.9,195,199.9,199.7,208.1,208,205,208,208,200,205.1,205,35.4,70.4,47.1,6.994,7.027,23.323,1613,203,15.1,185.104,2020-01-20 12:38,24.3,23.6
2020-01-20 13:45,Extruder 1,20-A-33,90310-000065080004,7050 0% 065T 800W BK N/T,55695,1476,1250,500,2020-01-20 13:45,178.2,188.1,189.8,190,190.1,192.5,195.1,194.9,195,199.9,200,208.1,208.1,205.2,208.2,208,199.9,205,205,35.7,70.2,47.2,6.998,7.007,23.503,1601,202.8,14.6,182.329,2020-01-20 12:38,24.1,23.7
2020-01-20 13:11,Extruder 1,20-A-33,90310-000065080004,7050 0% 065T 800W BK N/T,55695,1476,1250,250,2020-01-20 13:11,176.4,188.1,190.1,189.6,190.3,192.5,195.1,194.9,195.1,199.9,200.1,208.2,208.4,205.2,208.4,208,200.1,205.1,204.9,35,70.2,47.2,6.996,6.981,22.556,1618,202,17,176.352,2020-01-20 12:38,23.9,23.6
2020-01-20 12:03,Extruder 1,20-A-32,90310-000065080004,7050 0% 065T 800W BK N/T,55695,1476,1250,1000,2020-01-20 12:03,178,187.7,189.8,189.9,189.9,200.8,194.9,195,195,199.9,200.3,208,208,204.9,208,208,200,205,205,35.3,69.8,46.9,7.001,7.013,17.964,1426,202.7,15.3,160.508,2020-01-20 9:43,23.7,23.4
2020-01-20 10:53,Extruder 1,20-A-32,90310-000065080004,7050 0% 065T 800W BK N/T,55695,1476,1250,500,2020-01-20 10:53,178.2,188,189.9,190,190.1,200.2,195,195.2,195.1,199.9,199.3,208,207.9,204.9,208.1,208.2,200,205,205.1,35.2,69.8,46.8,7.006,7.021,23.023,1561,203.3,16.5,172.984,2020-01-20 9:43,23.1,23.4
2020-01-20 10:18,Extruder 1,20-A-32,90310-000065080004,7050 0% 065T 800W BK N/T,55695,1476,1250,250,2020-01-20 10:18,177.8,188.1,190.1,190.1,190.1,199.7,195.1,195.1,194.9,200,200.1,208.1,208,205,208,208,199.9,205.1,205,34.6,69.5,46.7,7.001,6.993,23.009,1553,203.4,16.1,182.685,2020-01-20 9:43,23,23.4
2020-01-20 9:42,Extruder 1,20-A-31,90310-000065080004,7050 0% 065T 800W BK N/T,55695,1476,1250,1000,2020-01-20 9:42,178.1,187.9,190,190,190,197.6,195,194.9,195.1,200.2,200.1,207.9,207.9,205,208.2,208,199.9,205,204.9,34.6,69.5,46.6,7.004,7.001,23.023,1585,203.2,15.8,178.226,2020-01-20 7:26,22.9,23.3
2020-01-20 8:32,Extruder 1,20-A-31,90310-000065080004,7050 0% 065T 800W BK N/T,55695,1476,1250,500,2020-01-20 8:32,178.2,188.1,190.1,190,190.1,193.4,195,194.8,195.1,199.9,200.1,207.9,207.8,205,208.3,208.1,199.9,204.8,205,34.5,69.6,46.7,7.001,6.999,23.023,1588,203.1,17.9,179.103,2020-01-20 7:26,22.4,23.3
2020-01-20 7:57,Extruder 1,20-A-31,90310-000065080004,7050 0% 065T 800W BK N/T,55695,1476,1250,250,2020-01-20 7:57,177.9,188,190.1,190,190.1,192.4,195,195,194.9,200,199.7,208.2,208.4,205.2,208,208.2,199.9,204.8,205,34.6,69.6,46.7,7.003,6.981,22.831,1590,202.9,15.1,184.915,2020-01-20 7:26,22.2,23.3
2020-01-20 7:21,Extruder 1,20-A-30,90310-000065080004,7050 0% 065T 800W BK N/T,55695,1476,1250,1000,2020-01-20 7:21,178,188,190.2,190,189.9,191.1,195.2,194.9,195,200.2,200.5,208.3,208.2,205.1,208.1,208.2,200,205,205.2,34.9,69.7,46.7,7.001,6.999,22.818,1575,203.1,14.8,184.559,2020-01-17 11:30,22.8,23.3
2020-01-20 6:11,Extruder 1,20-A-30,90310-000065080004,7050 0% 065T 800W BK N/T,55695,2262,1250,500,2020-01-20 6:11,178.2,188,190,190,189.8,188.9,195.1,195.2,195.1,199.9,200.2,208,208,205.1,208,208.1,199.9,205,205.1,35.2,69.8,46.6,7.009,7.009,22.631,1587,202.9,15.4,181.452,2020-01-17 11:30,23.1,23.4
2020-01-20 5:36,Extruder 1,20-A-30,90310-000065080004,7050 0% 065T 800W BK N/T,55695,2262,1250,250,2020-01-20 5:36,177.4,187.8,189.9,189.8,189.8,188.8,195.1,195,194.8,200,200.4,208,208.2,205.1,207.8,207.9,200.2,205.1,205.1,34.9,69.8,46.7,7.004,7.009,22.651,1603,203,17.1,184.772,2020-01-17 11:30,23.2,23.4
2020-01-20 4:17,Extruder 1,20-A-30,90310-000065080004,7050 0% 065T 800W BK N/T,55695,2262,1250,3000,2020-01-20 4:17,171.5,186.1,188.3,189.8,188.6,196.4,195.9,195.1,195,199.9,200,208.4,207.6,205.1,207.6,208,199.8,205,204.7,34.9,70.6,46.9,8.01,7.998,22.087,1672,202.5,15.4,188.615,2020-01-17 11:30,24,23.4
2019-11-19 10:42,Extruder 1,19-A-786,90310-000065060004,7050 0% 065T 600W BK N/T,55043,1251,1250,1000,2019-11-19 10:42,178.3,187.8,189.6,190.1,189.7,195.8,195.6,194.7,195,200,200.2,205,208,205.1,207.9,204.9,199.9,205,205,35.5,68.2,49,16.001,16.051,26.194,2007,204.6,15.4,206.997,2019-11-19 9:28,24.9,24.2
2019-11-19 10:00,Extruder 1,19-A-786,90310-000065060004,7050 0% 065T 600W BK N/T,55043,1251,1250,500,2019-11-19 10:00,178.6,187.9,189.9,189.8,190,194.8,195.6,195,195,200.1,200.1,205.1,208,205,208,205,200.2,205,205.1,35.3,68.2,49,11.697,11.667,26.854,2008,204.8,15.7,210.365,2019-11-19 9:28,24.7,24.1
2019-11-19 9:39,Extruder 1,19-A-786,90310-000065060004,7050 0% 065T 600W BK N/T,55043,1251,1250,250,2019-11-19 9:39,178.5,188.1,190.8,190,189.8,195.1,195.6,195,195.1,200,200.5,204.9,207.9,204.7,208.1,204.9,200.1,205.1,205.1,35.4,68.2,49,11.706,11.692,26.87,2003,205,15.5,211.528,2019-11-19 9:28,24.8,24.1
2019-11-19 7:54,Extruder 1,19-A-784,90310-000065060004,7050 0% 065T 600W BK N/T,55043,1251,1250,1000,2019-11-19 7:54,177.9,188.1,190.1,189.8,189.8,194.1,195.8,194.8,195.2,200.1,200.6,205.1,208.1,205.1,208.2,205.1,200.1,205,205.1,35.4,68.2,49,11.699,11.7,26.861,1988,205,14,209.796,2019-11-19 6:27,24,24.1
2019-11-19 7:12,Extruder 1,19-A-784,90310-000065060004,7050 0% 065T 600W BK N/T,55043,1251,1250,500,2019-11-19 7:12,177.6,187.8,189.8,190.6,190.1,194.8,195.6,195.1,195.1,199.9,200.7,205.1,207.9,204.7,208,204.7,200,205,205,35.3,68.2,49,11.697,11.675,26.822,1974,205,13.6,210.247,2019-11-19 6:27,24.8,24.2
2019-11-19 6:51,Extruder 1,19-A-784,90310-000065060004,7050 0% 065T 600W BK N/T,55043,2262,1250,250,2019-11-19 6:51,176.6,187.8,190.3,189.3,189.2,194.6,195.2,195,194.9,200,199.9,204.9,207.7,205,208,205,200.1,205,205,35.6,67.8,49.1,11.703,11.672,26.866,1986,204.7,13.1,211.48,2019-11-19 6:27,24.9,24.1
2019-11-19 6:19,Extruder 1,19-A-783,90310-000065060004,7050 0% 065T 600W BK N/T,55043,2262,1250,1000,2019-11-19 6:19,169.9,187.8,190,189.8,189.9,194.7,195.6,194.9,195,200,200.3,205,207.9,204.8,207.8,205,200.1,204.9,205.1,35.4,68,49.3,16.001,16,26.806,1998,204.8,15.3,203.202,2019-11-19 4:59,25,23.9
2019-11-19 5:38,Extruder 1,19-A-783,90310-000065060004,7050 0% 065T 600W BK N/T,55043,2262,1250,500,2019-11-19 5:38,183.2,187.9,189.8,190.2,190.1,195.1,195.6,194.9,194.9,200,199.9,205.1,208,205.3,208,205,199.9,205.1,205.1,35.6,67.6,49.2,11.708,11.71,26.802,1981,204.9,15.6,207.709,2019-11-19 4:59,24.9,23.9
2019-11-19 5:17,Extruder 1,19-A-783,90310-000065060004,7050 0% 065T 600W BK N/T,55043,2262,1250,250,2019-11-19 5:17,170.7,187.6,189.7,190.4,190.1,195.2,195.8,194.7,195,199.9,199.5,205,208,204.9,207.9,204.9,199.9,205,205.1,35.6,67.9,49.2,11.703,11.692,26.77,1989,205,15.1,206.902,2019-11-19 4:59,24.6,23.9
2019-11-19 4:56,Extruder 1,19-A-782,90310-000065060004,7050 0% 065T 600W BK N/T,55043,2262,1250,1000,2019-11-19 4:56,177.4,188.3,190.7,190.3,189.7,195.5,195.6,194.6,195,200,200.5,205,208,204.7,208,205,200.2,204.9,205,35.6,67.7,49.2,11.502,11.536,26.806,2011,205.3,14.9,206.38,2019-11-19 3:27,24.4,23.9
2019-11-19 4:13,Extruder 1,19-A-782,90310-000065060004,7050 0% 065T 600W BK N/T,55043,2262,1250,500,2019-11-19 4:13,169.1,187.9,190.2,190.9,190.4,194.7,195,195,195,199.9,199.9,205,208,205.1,208,204.9,200,205,204.8,35.5,67.7,49.1,10.603,10.606,24.374,1951,203.9,14.8,196.324,2019-11-19 3:27,24.6,23.9
2019-11-19 3:49,Extruder 1,19-A-782,90310-000065060004,7050 0% 065T 600W BK N/T,55043,2262,1250,250,2019-11-19 3:49,184.6,188.2,190.6,189.3,189.7,195,195,194.8,195,200,199.9,205,208.1,205.2,207.9,205.1,199.9,205,205,35.5,67.7,48.9,10.601,10.572,24.435,1949,204,14.4,199.739,2019-11-19 3:27,24.5,23.8
2019-11-19 3:26,Extruder 1,19-A-781,90310-000065060004,7050 0% 065T 600W BK N/T,55043,2262,1250,1000,2019-11-19 3:26,172.2,187.7,189.3,189.9,190.2,195.5,195.1,195.1,195,200,199.5,205.1,208,205.1,208.1,205.1,200.1,205,205.1,35.4,67.8,49.1,10.605,10.63,24.333,1934,204.1,14.9,198.363,2019-11-19 1:50,24.6,23.9
2019-11-19 2:40,Extruder 1,19-A-781,90310-000065060004,7050 0% 065T 600W BK N/T,55043,2262,1250,500,2019-11-19 2:40,175.9,187.8,190,189.5,189.8,195.2,195.2,195.2,195.1,200,199.8,205.1,208.1,204.9,208,205.1,200,205,204.9,35.4,67.9,49,10.601,10.596,24.38,1971,204.3,15.4,198.529,2019-11-19 1:50,24.4,23.8
2019-11-19 2:16,Extruder 1,19-A-781,90310-000065060004,7050 0% 065T 600W BK N/T,55043,2262,1250,250,2019-11-19 2:16,174.9,187.8,189.2,190.7,189.8,195.1,195.4,194.8,195.2,200,200.3,205,207.7,204.8,208.2,205.1,199.9,205.1,205.1,35.6,67.9,49.1,10.402,10.411,24.415,1983,204.6,15.7,202.491,2019-11-19 1:50,24,23.7
2019-11-19 1:42,Extruder 1,19-A-780,90310-000065060004,7050 0% 065T 600W BK N/T,55043,2262,1250,1000,2019-11-19 1:42,177.5,188.3,190.2,190,189.8,194.1,195.2,195.1,195,200,199.6,205,208.2,204.9,208.1,205,199.9,205.1,205.1,35.4,68,49.1,16.004,15.995,24.367,2006,204.5,13.3,203.202,2019-11-19 0:09,23.7,23.7
2019-11-19 0:56,Extruder 1,19-A-780,90310-000065060004,7050 0% 065T 600W BK N/T,55043,2262,1250,500,2019-11-19 0:56,169.9,187.9,190.6,190.3,189.9,195.1,195.2,195,195.1,200,200.1,205,208,205,208,205.1,200,205.1,205.1,35.5,68,49.1,10.402,10.389,24.392,2029,204.7,14.2,204.744,2019-11-19 0:09,24.3,23.6
2019-11-19 0:32,Extruder 1,19-A-780,90310-000065060004,7050 0% 065T 600W BK N/T,55043,2262,1250,250,2019-11-19 0:32,182.3,188.1,190,191,190.3,194.9,195.2,195.2,195,200,200.2,205,208,205.2,208,204.9,200.1,204.8,205,35.6,67.9,49,10.399,10.451,24.419,2011,204.6,14.2,211.694,2019-11-19 0:09,24.3,23.7
2019-11-19 0:08,Extruder 1,19-A-779,90310-000065060004,7050 0% 065T 600W BK N/T,55043,2262,1250,1000,2019-11-19 0:08,170.3,188.1,190.2,189.8,189.9,194.6,195.3,194.9,195.1,200,199.5,205,208,205,208,204.9,200,205,205,35.5,67.8,49,10.402,10.383,24.403,2012,204.7,15.3,209.25,2019-11-18 22:37,24.4,23.7
2019-11-18 23:21,Extruder 1,19-A-779,90310-000065060004,7050 0% 065T 600W BK N/T,55043,2262,1250,500,2019-11-18 23:21,170.1,188,189.7,189.7,189.8,195.6,195.2,195.1,195.1,199.9,199.5,205.1,208,205,208,205,200.1,205,205.1,35.5,67.9,49,10.395,10.419,24.446,1993,204.7,15.4,204.768,2019-11-18 22:37,24.3,23.7
2019-11-18 22:58,Extruder 1,19-A-779,90310-000065060004,7050 0% 065T 600W BK N/T,55043,2262,1250,250,2019-11-18 22:58,184.1,188,189.9,190.1,190.1,195.3,195.1,195,195,200,200.2,205,208,204.9,208,205.1,199.9,204.9,204.8,35.4,68,49.1,10.408,10.429,24.396,1998,204.6,15.6,206.428,2019-11-18 22:37,24.1,23.6
2019-11-18 22:34,Extruder 1,19-A-778,90310-000065060004,7050 0% 065T 600W BK N/T,55043,2262,1250,1000,2019-11-18 22:34,170.1,187.9,190.2,190,190.2,194.9,195.2,194.9,194.8,199.9,199.9,204.8,208,204.8,207.9,205,200,205,205,35.4,68.1,49,10.402,10.396,24.449,2003,204.6,15.3,206.214,2019-11-18 21:03,23.6,23.6
2019-11-18 21:47,Extruder 1,19-A-778,90310-000065060004,7050 0% 065T 600W BK N/T,55043,2262,1250,500,2019-11-18 21:47,168.9,187.7,189.6,189.6,189.9,195.2,195.2,194.9,194.9,200,200.6,205.1,208.2,204.8,208,205.1,200.1,204.9,205,35.3,67.8,49,10.499,10.471,24.394,1971,204.4,14.1,203.012,2019-11-18 21:03,24.5,23.9
2019-11-18 21:23,Extruder 1,19-A-778,90310-000065060004,7050 0% 065T 600W BK N/T,55043,2262,1250,250,2019-11-18 21:23,182.6,187.9,190.1,190,190.1,194.5,195.5,195,195.1,199.9,199.9,205.1,207.9,205.1,208.1,205,199.8,205,204.9,35.4,68.1,49.1,10.503,10.461,24.428,1978,204.5,13.3,201.067,2019-11-18 21:03,24.3,23.6
2019-11-18 20:46,Extruder 1,19-A-777,90310-000065060004,7050 0% 065T 600W BK N/T,55043,2262,1250,1000,2019-11-18 20:46,173.5,187.6,190.2,189.9,190.2,195,195.9,195,195,200,199.9,205,208.1,205.1,208.1,205.1,200,204.9,205,35.6,68.1,49.1,15.999,15.988,26.806,2003,205.5,15.6,213.496,2019-11-18 19:29,24.5,23.8
2019-11-18 20:03,Extruder 1,19-A-777,90310-000065060004,7050 0% 065T 600W BK N/T,55043,2262,1250,500,2019-11-18 20:03,185.2,188.3,189.9,190.4,189.8,195.1,195.8,194.8,195.1,200,200.2,205,208,205,208.1,205,200.2,204.8,205,35.5,68.1,49.1,11.371,11.322,26.777,1987,205.3,15.4,208.349,2019-11-18 19:29,24.4,23.6
2019-11-18 19:42,Extruder 1,19-A-777,90310-000065060004,7050 0% 065T 600W BK N/T,55043,2262,1250,250,2019-11-18 19:42,172.3,187.7,190.6,190.4,190.3,195.4,195.8,194.7,195,200.1,200,205.1,208.1,205.1,208.2,205.1,200,204.9,205.1,35.5,68.1,49.2,11.376,11.378,26.809,1986,205.4,15.7,200.925,2019-11-18 19:29,24.4,23.7
2019-11-18 19:20,Extruder 1,19-A-776,90310-000065060004,7050 0% 065T 600W BK N/T,55043,2262,1250,1000,2019-11-18 19:20,173.3,188.3,190.4,190.7,189.8,195,195.8,195.2,195,200,200.6,205.1,208,205.2,208.1,205.1,200,205.1,205,35.4,68.2,49,11.369,11.362,26.811,1978,205.2,15.5,208.658,2019-11-18 18:02,24.5,23.6
2019-11-18 18:37,Extruder 1,19-A-776,90310-000065060004,7050 0% 065T 600W BK N/T,55043,1251,1250,500,2019-11-18 18:37,169.7,187.7,190.3,189.8,190,195.3,195.8,194.8,194.9,200,199.9,205,207.8,205.1,208,205,200,204.9,205,35,68.1,48.9,11.371,11.398,26.724,1975,205.2,15.7,202.324,2019-11-18 18:02,24.6,23.7
2019-11-18 18:15,Extruder 1,19-A-776,90310-000065060004,7050 0% 065T 600W BK N/T,55043,1251,1250,250,2019-11-18 18:15,177.6,188.4,190.3,189.4,189.9,195.4,195.7,195.1,195.1,200,200,205.1,208.1,205,208.1,205,200.1,205,205.1,34.9,67.8,48.8,11.369,11.394,26.838,1991,205.3,15.7,208.871,2019-11-18 18:02,24.5,23.6
2019-11-18 17:53,Extruder 1,19-A-775,90310-000065060004,7050 0% 065T 600W BK N/T,55043,1251,1250,1000,2019-11-18 17:53,178.7,187.8,190.5,190.7,190.3,194.7,195.6,194.8,195.1,200,200.1,205.1,208.1,205,208,205.1,199.9,205,205,34.8,67.5,48.8,11.369,11.374,26.786,1972,205.1,15.6,204.222,2019-11-18 16:39,24.3,23.7
2019-11-18 17:10,Extruder 1,19-A-775,90310-000065060004,7050 0% 065T 600W BK N/T,55043,1251,1250,500,2019-11-18 17:10,182.6,188.3,189.9,190,189.7,196,195.9,195.1,195,200.1,200.2,205,207.9,205,208,205,199.9,204.8,205,34.8,67.6,48.9,11.367,11.36,26.795,1977,205.3,15.7,210.887,2019-11-18 16:39,23.7,23.7
2019-11-18 16:48,Extruder 1,19-A-775,90310-000065060004,7050 0% 065T 600W BK N/T,55043,1251,1250,250,2019-11-18 16:48,177.7,187.8,190.2,190.1,190.1,195.3,195.8,195,195,200,200.4,205.1,208,204.9,208,204.9,199.9,205,205,34.9,67.9,48.9,11.371,11.34,27.034,1990,205.3,15.7,209.843,2019-11-18 16:39,23.9,23.8
2019-11-18 16:25,Extruder 1,19-A-774,90310-000065060004,7050 0% 065T 600W BK N/T,55043,1251,1250,1000,2019-11-18 16:25,171.5,188,190.1,189.8,190,195.2,195.9,195,195.1,200.1,200.4,205,208,205,208,205,200.1,205.1,205.1,34.7,67.6,48.7,11.373,11.364,26.494,1985,205.4,15.1,200.047,2019-11-18 15:16,24.5,23.8
2019-11-18 15:42,Extruder 1,19-A-774,90310-000065060004,7050 0% 065T 600W BK N/T,55043,1251,1250,500,2019-11-18 15:42,171.8,187.6,189.4,190.5,190.2,194.6,195.9,195,195,200,199.5,204.9,207.9,204.9,208,205,200.1,205,205,34.8,67.6,48.7,11.373,11.364,26.524,1995,205.5,15.3,208.966,2019-11-18 15:16,24.5,23.8
2019-11-18 15:20,Extruder 1,19-A-774,90310-000065060004,7050 0% 065T 600W BK N/T,55043,1251,1250,250,2019-11-18 15:20,172.8,188.1,190.2,190.4,189.9,195.1,195.8,195.3,195,200,199.5,205,208,205.1,208,205.1,200,205,205.1,34.8,67.8,48.8,11.371,11.354,26.774,1993,205.5,14.9,205.811,2019-11-18 15:16,24.5,23.9
2019-11-18 14:58,Extruder 1,19-A-773,90310-000065060004,7050 0% 065T 600W BK N/T,55043,1251,1250,1000,2019-11-18 14:58,183.2,188.1,190.3,190.5,190.3,194.4,195.9,195.3,195,200,200.1,205.1,208,205.1,208,205,199.9,205,204.9,34.8,67.9,48.8,11.371,11.327,26.822,1989,205.4,14.4,213.046,2019-11-18 13:43,24.8,24.1
2019-11-18 14:15,Extruder 1,19-A-773,90310-000065060004,7050 0% 065T 600W BK N/T,55043,1251,1250,500,2019-11-18 14:15,176,188.4,190.5,190.2,190.1,195.4,195.9,194.7,194.9,199.9,199.9,205,208.1,204.7,208,204.8,200.1,204.9,205,34.8,67.6,48.7,11.367,11.367,27.157,2004,205.7,14.2,210.176,2019-11-18 13:43,24.7,23.9
2019-11-18 13:53,Extruder 1,19-A-773,90310-000065060004,7050 0% 065T 600W BK N/T,55043,1251,1250,250,2019-11-18 13:53,182.3,188.1,190.1,190.2,190.1,194.3,195.8,194.6,194.9,200.1,199.9,205,207.9,204.8,208,204.8,200.1,205,204.9,34.8,68.1,48.7,11.373,11.392,27.239,1994,205.5,14.1,200.712,2019-11-18 13:43,24.7,24.1
2019-11-18 13:31,Extruder 1,19-A-772,90310-000065060004,7050 0% 065T 600W BK N/T,55043,1251,1250,1000,2019-11-18 13:31,170,187.7,190.3,190.4,190.1,195.1,195.6,194.5,195,200,199.8,204.9,208.1,205,208,205.1,200,205,205.1,35,67.9,48.7,11.367,11.382,26.861,1947,205.2,14.1,197.936,2019-11-18 12:09,24.6,23.9
2019-11-18 12:48,Extruder 1,19-A-772,90310-000065060004,7050 0% 065T 600W BK N/T,55043,1251,1250,500,2019-11-18 12:48,180.5,187.9,190.4,190.9,190.1,195.4,195.5,194.9,195,200,199.8,205,207.9,204.7,207.9,204.8,199.9,205.1,205,34.8,67.7,48.6,11.371,11.388,26.861,1954,204.8,13.7,202.823,2019-11-18 12:09,24.5,23.9
2019-11-18 12:27,Extruder 1,19-A-772,90310-000065060004,7050 0% 065T 600W BK N/T,55043,1251,1250,250,2019-11-18 12:27,169.4,187.8,189.4,190.7,189.9,195.4,195.7,194.9,195.1,200,200.3,205,208,205.2,208.1,205.1,200.1,204.8,205,34.9,67.9,48.6,11.371,11.372,26.838,1951,205.2,14.2,205.835,2019-11-18 12:09,24.6,23.9
2019-11-18 12:03,Extruder 1,19-A-771,90310-000065060004,7050 0% 065T 600W BK N/T,55043,1251,1250,1000,2019-11-18 12:03,185,188.2,190,190.5,190.2,195,195.5,195,195.1,200,199.9,205.1,208,205.1,208,204.9,200.1,205.1,205,34.9,67.8,48.6,11.369,11.334,26.795,1941,205.1,13.1,202.372,2019-11-18 10:27,24.6,23.9
2019-11-18 11:20,Extruder 1,19-A-771,90310-000065060004,7050 0% 065T 600W BK N/T,55043,1251,1250,500,2019-11-18 11:20,173.3,188.2,190.3,190.4,190,195,195.1,195.2,195,199.9,200.2,205,207.9,205.1,208.1,205,200.1,205.1,205,34.9,67.6,48.5,10.331,10.316,24.369,1901,203.9,13.3,207.305,2019-11-18 10:27,24.4,23.8
2019-11-18 10:56,Extruder 1,19-A-771,90310-000065060004,7050 0% 065T 600W BK N/T,55043,1251,1250,250,2019-11-18 10:56,179.1,187.8,189.8,190.7,190.4,194.6,195.1,195.2,195,200,199.2,205,208.1,204.8,208,204.8,199.9,205,204.9,34.9,62.8,48.4,10.331,10.34,24.408,1902,204.1,13.2,198.458,2019-11-18 10:27,24.1,23.8
2019-11-18 10:25,Extruder 1,19-A-770,90310-000065060004,7050 0% 065T 600W BK N/T,55043,1251,1250,1000,2019-11-18 10:25,183,188.1,190,190.2,190,195.1,195.3,195.3,195.1,200.1,199.8,205.1,208.2,205.3,208.2,205.1,199.9,205.1,205,35,66.1,48.6,10.333,10.318,24.788,1897,204.2,15,195.019,2019-11-18 8:04,23.6,23.8
2019-11-18 9:33,Extruder 1,19-A-770,90310-000065060004,7050 0% 065T 600W BK N/T,55043,1251,1250,500,2019-11-18 9:33,170.5,187.8,190,190,189.8,195,194.9,195,195,199.9,200,205,207.9,205.1,207.9,204.9,200,205,204.9,34.2,71.1,48.6,8.543,8.523,20.221,1779,202.5,14.5,186.456,2019-11-18 8:04,24.1,23.7
2019-11-18 9:04,Extruder 1,19-A-770,90310-000065060004,7050 0% 065T 600W BK N/T,55043,1251,1250,250,2019-11-18 9:04,178.8,187.8,190.1,189.8,189.7,195.1,195.3,195,195.1,199.9,200.2,205.1,208,205.3,208,205.2,199.9,205,204.8,34.5,71.1,48.6,8.532,8.539,19.667,1769,202.6,13,184.559,2019-11-18 8:04,24,23.6
2019-11-18 8:30,Extruder 1,19-A-770,90310-000065060004,7050 0% 065T 600W BK N/T,55043,1251,1250,250,2019-11-18 8:30,173.5,187.9,189.8,190.3,189.6,195.8,194.6,194.9,194.8,199.9,199.9,204.6,207.5,205.2,207.9,204.5,199.9,205,204.7,34.3,71.5,48.6,8.541,8.517,19.747,1795,201.3,15.5,190.465,2019-11-18 8:04,24.3,23.6
2019-11-18 7:33,Extruder 1,19-A-769,90310-000065060004,7050 0% 065T 600W BK N/T,55043,1251,1250,1000,2019-11-18 7:33,184.9,188.3,189.9,190.3,190,195.3,196.1,195.3,194.5,199.8,200.3,207.7,207.9,205.3,207.8,207.7,199.9,205.1,204.6,34.7,72.5,48.7,17.998,18.011,29.002,1973,206,15.3,203.961,2019-11-18 5:34,24.4,23.6
2019-11-18 6:53,Extruder 1,19-A-769,90310-000065060004,7050 0% 065T 600W BK N/T,55043,1766,1250,500,2019-11-18 6:53,169.6,187.9,189.9,189.6,190.1,194.7,195.5,194.9,193.7,199.5,200.4,207.2,207.3,205.2,207.4,207.4,200,204.8,204.3,35.6,72.6,49,12.197,12.19,29.027,1965,205.4,15.5,209.701,2019-11-18 5:34,24.8,23.9
2019-11-18 6:33,Extruder 1,19-A-769,90310-000065060004,7050 0% 065T 600W BK N/T,55043,1766,1250,250,2019-11-18 6:33,171.7,188.4,190.6,190.3,189.4,196.3,195.2,194.6,192.8,199.3,199.8,206.9,207,205.3,207.2,207,200.1,204.7,203.9,35.6,72.7,49,12.299,12.285,29.032,1963,204.7,15.6,206.475,2019-11-18 5:34,24.3,23.8
2019-11-18 5:25,Extruder 1,19-A-768,90310-000065060004,7050 0% 065T 600W BK N/T,55043,1766,1250,1000,2019-11-18 5:25,170.5,188.2,190.1,190.5,190.1,194.6,196.3,194.9,194.9,199.9,199.4,208,208,205.1,207.8,208,199.9,205.1,204.9,35.6,72.7,49,12.199,12.222,28.966,1942,205.9,14.6,209.108,2019-11-18 4:21,24.9,23.6
2019-11-18 4:45,Extruder 1,19-A-768,90310-000065060004,7050 0% 065T 600W BK N/T,55043,1766,1250,500,2019-11-18 4:45,181.1,188,190,190.7,190,194.6,196.3,194.9,194.8,199.8,200,207.7,207.8,205.1,207.8,207.8,199.9,204.8,205,35.6,72.6,49,12.301,12.285,29.011,1945,205.8,15.6,203.368,2019-11-18 4:21,24.2,23.6
2019-11-18 4:25,Extruder 1,19-A-768,90310-000065060004,7050 0% 065T 600W BK N/T,55043,1766,1250,250,2019-11-18 4:25,171.2,187.7,190.1,190.4,190.1,195.9,196.2,195,194.9,199.8,200.1,208,207.7,204.8,207.9,207.9,200.1,205.1,205.1,35.6,72.7,49,12.301,12.275,29.007,1952,205.9,15.5,201.969,2019-11-18 4:21,24.1,23.6
2019-11-18 4:05,Extruder 1,19-A-767,90310-000065060004,7050 0% 065T 600W BK N/T,55043,1766,1250,1000,2019-11-18 4:05,168.6,187.9,189.2,190.6,190,195,196.1,195.2,194.8,199.7,200.2,207.9,207.8,204.8,207.7,207.9,200,205,204.8,35.6,72.5,48.9,12.301,12.315,29.018,1950,205.8,15.1,198.363,2019-11-18 2:50,24.4,23.6
2019-11-18 3:25,Extruder 1,19-A-767,90310-000065060004,7050 0% 065T 600W BK N/T,55043,1766,1250,500,2019-11-18 3:25,182.5,188.1,190,190.6,190,195.4,195.6,195.1,194,199.5,199.7,207.4,207.5,205.2,207.4,207.3,199.9,205,204.2,35.5,72.5,48.9,12.299,12.242,29.027,1954,205.6,13.8,202.253,2019-11-18 2:50,24.4,23.6
2019-11-18 3:05,Extruder 1,19-A-767,90310-000065060004,7050 0% 065T 600W BK N/T,55043,1766,1250,250,2019-11-18 3:05,171.7,188,189.6,190.3,189.9,195.7,195.6,194.9,193.2,199.4,200.2,207,207.1,205.2,207.2,207,199.8,204.7,203.8,35.4,72.4,48.6,12.303,12.333,28.984,1956,205.3,13.2,210.911,2019-11-18 2:50,24.1,23.6
2019-11-18 1:44,Extruder 1,19-A-766,90310-000065060004,7050 0% 065T 600W BK N/T,55043,1766,1250,1000,2019-11-18 1:44,178.9,188.2,190.1,189.8,189.9,195.9,196.6,195.1,195.1,200,199.6,207.9,207.7,205.3,208.1,208.1,200,205,205,35.4,72.4,48.9,12.301,12.313,28.995,1970,206.4,15.7,212.215,2019-11-18 0:32,24.2,23.6
2019-11-18 1:04,Extruder 1,19-A-766,90310-000065060004,7050 0% 065T 600W BK N/T,55043,1766,1250,500,2019-11-18 1:04,169.3,188.1,190.1,190.1,189.9,195.1,196.4,195.2,195.1,200,200.2,208,208.2,205.1,208.1,208,200,205.1,205.1,35.4,72.2,48.7,12.301,12.341,29.046,1951,206.1,15.4,200.38,2019-11-18 0:32,24.1,23.6
2019-11-18 0:44,Extruder 1,19-A-766,90310-000065060004,7050 0% 065T 600W BK N/T,55043,1766,1250,250,2019-11-18 0:44,183.3,188.5,189.9,189.3,189.5,194.2,196.1,195.2,195,200,200.2,208,208.1,205.1,207.9,208,199.9,205,205.1,35.5,72.4,48.7,12.197,12.214,29.023,1983,205.9,15,205.882,2019-11-18 0:32,24.2,23.6
2019-11-18 0:24,Extruder 1,19-A-765,90310-000065060004,7050 0% 065T 600W BK N/T,55043,1766,1250,1000,2019-11-18 0:24,180.9,188.2,190.4,190.3,190.3,195.6,196,194.8,195,199.9,200.2,208,207.9,204.8,207.9,208,199.9,205,205.1,35.6,72.6,48.9,12.301,12.351,29.105,1951,205.6,14.8,206.191,2019-11-17 23:32,24.2,23.6
2019-11-17 23:44,Extruder 1,19-A-765,90310-000065060004,7050 0% 065T 600W BK N/T,55043,1766,1250,500,2019-11-17 23:44,168.5,187.4,189.1,190.7,190.2,194.8,196,195.3,195.1,200,199.5,208,208.1,205.4,208.1,208.2,200.1,205.1,205.1,35.6,72.5,48.9,12.202,12.207,29.036,1946,205.6,14.6,208.705,2019-11-17 23:32,24.3,23.4
2019-11-17 23:24,Extruder 1,19-A-764,90310-000065060004,7050 0% 065T 600W BK N/T,55043,1766,1250,250,2019-11-17 23:24,176.7,188.3,190.7,190.6,189.7,195.9,195.8,195.3,195.1,200,200.4,208.1,208.2,205.3,208.3,208.1,200,205,205,35.4,72.4,48.9,12.699,12.739,29.009,1941,205.4,13.7,207.638,2019-11-17 21:19,24.4,23.4
2019-11-17 22:30,Extruder 1,19-A-764,90310-000065060004,7050 0% 065T 600W BK N/T,55043,1766,1250,1000,2019-11-17 22:30,179.4,187.5,190.6,190.1,190.1,195.2,196.2,195,195,200,199.9,208,208,204.7,208,208,200,205,205.1,35.5,72.5,48.9,12.199,12.207,29.036,1941,205.8,15,205.028,2019-11-17 21:19,23.9,23.4
2019-11-17 21:50,Extruder 1,19-A-764,90310-000065060004,7050 0% 065T 600W BK N/T,55043,1766,1250,500,2019-11-17 21:50,171,188.4,189.9,189.7,189.9,194.3,196.1,195.2,195.1,199.9,200.2,208,208.1,205.1,208.1,208.2,200.1,205,205.1,35.5,72.4,48.9,12.296,12.313,29.039,1958,205.7,14.5,209.179,2019-11-17 21:19,23.4,23.4
2019-11-17 21:31,Extruder 1,19-A-764,90310-000065060004,7050 0% 065T 600W BK N/T,55043,1766,1250,250,2019-11-17 21:31,183.2,188.3,190.6,190.2,189.9,195.3,196.1,195.1,194.9,200,200.2,207.9,207.9,205,208,208.1,200,205,205.1,35.4,72.4,48.8,12.504,12.532,28.982,1933,205.7,13.8,202.419,2019-11-17 21:19,23.1,23.4
2019-11-17 21:11,Extruder 1,19-A-763,90310-000065060004,7050 0% 065T 600W BK N/T,55043,1766,1250,1000,2019-11-17 21:11,179.7,188.2,189.9,189.9,190.1,195.8,196.2,195.1,195,200,199.9,208,208,205,207.9,207.9,199.9,205.1,205,35.3,72.4,48.7,12.292,12.297,28.968,1965,205.8,13.6,210.199,2019-11-17 14:43,23.3,23.4
2019-11-17 20:31,Extruder 1,19-A-763,90310-000065060004,7050 0% 065T 600W BK N/T,55043,1766,1250,500,2019-11-17 20:31,169.6,187.6,190.9,190.5,189.7,194.8,196.1,194.9,195.1,200,200.5,208,208.1,205.1,208.1,208,200.1,205.2,205,35.3,72.4,48.7,12.504,12.482,29.011,1936,205.6,13.7,206.38,2019-11-17 14:43,24.1,23.4
2019-11-17 20:11,Extruder 1,19-A-763,90310-000065060004,7050 0% 065T 600W BK N/T,55043,1766,1250,250,2019-11-17 20:11,178.3,188.4,190.4,190.7,191.1,195.5,195.9,195.1,195,199.9,199.5,208,208.3,205.6,208.2,207.8,199.9,205,205.1,35.2,72.4,48.7,12.5,12.48,28.95,1939,205.4,13.8,203.25,2019-11-17 14:43,24.3,23.4
2019-11-17 19:46,Extruder 1,19-A-763,90310-000065060004,7050 0% 065T 600W BK N/T,55043,1766,1250,250,2019-11-17 19:46,169.9,187.8,190.4,189.5,186.8,195.2,196,195,195.2,200,200.7,208.2,208.4,205.7,208.4,208,200.2,205.2,205.1,35.4,72.5,48.7,12.002,11.995,29.039,1974,204.5,13.3,207.851,2019-11-17 14:43,23.8,23.4
2019-11-17 14:34,Extruder 1,19-A-762,90310-000065080004,7050 0% 065T 800W BK N/T,55044,2275,1250,1000,2019-11-17 14:34,177.8,188,190.1,190.1,189.8,195.3,195,194.5,195.1,200,199.6,208.1,208,205.1,208,208,200.1,205.1,205.1,35.2,67.6,48.3,7.7,7.69,23.79,1804,203.4,14.9,195.565,2019-11-17 12:27,22.9,23.2
2019-11-17 13:30,Extruder 1,19-A-762,90310-000065080004,7050 0% 065T 800W BK N/T,55044,2275,1250,500,2019-11-17 13:30,177.9,188,190,189.9,189.7,194.9,195,194.9,194.9,199.9,200.4,208,208,204.9,208,208,199.9,205,205,35.2,67.5,48.3,7.696,7.654,23.563,1798,203.4,15,189.208,2019-11-17 12:27,22.7,23
2019-11-17 12:58,Extruder 1,19-A-762,90310-000065080004,7050 0% 065T 800W BK N/T,55044,2275,1250,250,2019-11-17 12:58,178.3,188,189.9,190.4,190,194.8,195,195,195.1,200,200.5,208,208,205,208,208.1,200.1,205.1,204.9,35.1,67.5,48.3,7.689,7.697,23.522,1800,203.2,12.9,193.667,2019-11-17 12:27,22.7,23.1
2019-11-17 12:26,Extruder 1,19-A-761,90310-000065080004,7050 0% 065T 800W BK N/T,55044,2275,1250,1000,2019-11-17 12:26,177.8,187.9,189.9,190.1,190.2,195,195.1,195,195.1,200,200.1,207.8,207.9,205,208,207.9,200.1,205.1,205.2,35,67.6,48.3,7.701,7.713,23.508,1808,203.4,15.1,193.193,2019-11-17 10:29,22.7,23
2019-11-17 11:22,Extruder 1,19-A-761,90310-000065080004,7050 0% 065T 800W BK N/T,55044,2275,1250,500,2019-11-17 11:22,178.3,188,190.2,189.9,189.8,195.6,195.1,194.8,195.1,200.1,199.8,207.9,207.7,204.9,208.1,208,200.2,205.1,204.9,35.1,67.3,48.1,7.698,7.71,23.469,1823,203.6,15,198.767,2019-11-17 10:29,22.4,23
2019-11-17 10:50,Extruder 1,19-A-761,90310-000065080004,7050 0% 065T 800W BK N/T,55044,2275,1250,250,2019-11-17 10:50,177.7,187.9,190.1,189.4,190.1,194.8,195,195.2,195,200.1,199.4,208.2,208.2,205,207.9,208,200.1,205.1,205.1,34.9,67.3,48.2,7.7,7.695,23.492,1834,203.7,13,196.774,2019-11-17 10:29,22.2,22.9
2019-11-17 10:17,Extruder 1,19-A-760,90310-000065080004,7050 0% 065T 800W BK N/T,55044,2275,1250,1000,2019-11-17 10:17,178.3,188,190.1,190.1,190.2,195,195.1,194.8,195.2,200,199.9,208,208,205.1,208,208,200.2,205,205.1,35,67.4,48.1,7.7,7.695,23.54,1834,203.6,15,199.146,2019-11-17 8:11,22,22.9
2019-11-17 9:13,Extruder 1,19-A-760,90310-000065080004,7050 0% 065T 800W BK N/T,55044,2275,1250,500,2019-11-17 9:13,177,188,190.1,190,189.9,195.1,195.2,195,195,200,200.2,208,208.3,205,208,208,200,205,205.1,34.7,66.6,47.9,7.704,7.71,23.517,1833,203.8,14.8,200.285,2019-11-17 8:11,21.6,22.9
2019-11-17 8:41,Extruder 1,19-A-760,90310-000065080004,7050 0% 065T 800W BK N/T,55044,2275,1250,250,2019-11-17 8:41,178.4,188,189.3,190.2,190.1,195.1,195.1,195,195,200,199.8,208,207.8,205.1,208.2,208,200.1,205.1,205,34.6,66.9,47.8,7.7,7.68,23.542,1831,203.5,13.5,199.217,2019-11-17 8:11,21.2,22.8
2019-11-17 7:52,Extruder 1,19-A-759,90310-000065080004,7050 0% 065T 800W BK N/T,55044,2275,1250,1000,2019-11-17 7:52,177.7,188.1,190,189.9,189.8,194.8,195,194.8,195,200,199.9,207.9,207.5,204.8,208.1,207.9,200.1,205.1,204.8,34.6,66.8,47.9,7.64,7.66,23.481,1842,203.7,14,199.929,2019-11-17 5:50,22.7,22.9
2019-11-17 6:48,Extruder 1,19-A-759,90310-000065080004,7050 0% 065T 800W BK N/T,55044,1766,1250,500,2019-11-17 6:48,177.8,188,190,190.2,190,195.1,195,195,195.1,200,200.1,208,207.9,205,208.1,208.1,200.1,205,205.1,34.7,67,47.8,7.657,7.662,23.517,1814,203.5,14.9,196.371,2019-11-17 5:50,22.2,23
2019-11-17 6:16,Extruder 1,19-A-759,90310-000065080004,7050 0% 065T 800W BK N/T,55044,1766,1250,250,2019-11-17 6:16,177.9,188,190,190.1,189.8,195.1,195,194.7,195,199.9,200.3,208,208.3,205.1,208,208.1,200.1,205,205.1,34.8,66.8,48,7.657,7.664,23.506,1790,203.3,13.3,193.098,2019-11-17 5:50,22.1,22.9
2019-11-17 5:43,Extruder 1,19-A-758,90310-000065080004,7050 0% 065T 800W BK N/T,55044,1766,1250,1000,2019-11-17 5:43,178.6,188.1,190.1,190.3,190.2,195,195.1,195.1,195.1,200,200.1,208.1,207.5,204.9,208,208,200.1,205,205,34.7,66.9,47.8,7.657,7.657,23.51,1768,203.4,15.4,190.583,2019-11-17 3:44,22.2,23.1
2019-11-17 4:39,Extruder 1,19-A-758,90310-000065080004,7050 0% 065T 800W BK N/T,55044,1766,1250,500,2019-11-17 4:39,178.2,188,190.1,189.8,189.9,194.8,195,194.9,195.1,200,199.9,208,207.7,205,208,208,200,205,205,34.9,66.9,48,7.653,7.634,23.481,1766,203.4,15.3,189.635,2019-11-17 3:44,21.9,23.1
2019-11-17 4:07,Extruder 1,19-A-758,90310-000065080004,7050 0% 065T 800W BK N/T,55044,1766,1250,250,2019-11-17 4:07,177.6,188,190.1,189.9,189.9,195,195.1,195.1,194.9,200,199.9,208,208.4,205.1,207.9,208,200,205,205,34.7,66.9,47.9,7.642,7.654,23.528,1733,203.3,13.6,190.773,2019-11-17 3:44,21.8,23.2
2019-11-17 3:41,Extruder 1,19-A-757,90310-000065080004,7050 0% 065T 800W BK N/T,55044,1766,1250,1000,2019-11-17 3:41,177.6,187.8,189.9,190.1,190.1,195,195,195,195,200,200,208,208,204.9,208,207.9,200,205,204.9,34.8,67,47.9,7.655,7.626,23.533,1767,203.2,13.1,192.766,2019-11-17 1:37,21.8,23.1
2019-11-17 2:37,Extruder 1,19-A-757,90310-000065080004,7050 0% 065T 800W BK N/T,55044,1766,1250,500,2019-11-17 2:37,178.1,188,190.1,189.7,190.1,195.2,195,194.4,194.9,200,200.2,208.1,208.4,205.1,207.8,208,200,205,205.1,34.9,67.3,48,7.648,7.644,23.542,1761,203.4,13.8,189.967,2019-11-17 1:37,21.8,23
2019-11-17 2:05,Extruder 1,19-A-757,90310-000065080004,7050 0% 065T 800W BK N/T,55044,1766,1250,250,2019-11-17 2:05,178.2,188.2,190,190.1,189.9,195,195.1,194.7,195.1,200,200.5,208,207.7,205,208.2,208,199.9,205.1,204.9,35.1,67.2,48,7.648,7.66,23.542,1762,203.5,14.2,197.201,2019-11-17 1:37,22.8,23.1
2019-11-17 1:25,Extruder 1,19-A-756,90310-000065080004,7050 0% 065T 800W BK N/T,55044,1766,1250,1000,2019-11-17 1:25,177.8,188,190,189.8,190,195,195,194.4,194.9,199.9,200.5,208,208.3,204.9,207.9,208,199.8,205.1,205.1,35.1,67.3,48.1,7.696,7.707,23.522,1755,203.3,13.6,191.153,2019-11-16 21:52,23.8,23.3
2019-11-17 0:21,Extruder 1,19-A-756,90310-000065080004,7050 0% 065T 800W BK N/T,55044,1766,1250,500,2019-11-17 0:21,177.9,188.1,190.2,190.1,190.1,195,195,195.2,194.8,199.9,200.1,208.1,208.3,205.1,207.9,207.9,199.9,204.9,204.8,34.9,67.3,48.1,7.6,7.604,23.474,1742,203.4,14.3,191.129,2019-11-16 21:52,23.1,23.3
2019-11-16 23:48,Extruder 1,19-A-756,90310-000065080004,7050 0% 065T 800W BK N/T,55044,1766,1250,250,2019-11-16 23:48,177.3,188.1,190.2,189.8,190.2,195.3,195.2,195,195,199.8,200.2,208.1,208,205.2,208,208.1,199.9,205,204.8,35.2,67.3,48.1,7.604,7.602,23.49,1717,203.2,14.1,191.414,2019-11-16 21:52,23.1,23.2
2019-11-16 23:11,Extruder 1,19-A-756,90310-000065080004,7050 0% 065T 800W BK N/T,55044,1766,1250,500,2019-11-16 23:11,176.5,187,188.3,190.8,189.6,195.9,195,194.6,194.3,199.7,200.1,207.8,207.3,204.5,207.1,207.7,199.9,204.7,204.5,35.3,67.8,48.1,7.589,7.584,22.075,1705,201.5,14,189.635,2019-11-16 21:52,22,23
2019-11-16 22:24,Extruder 1,19-A-756,90310-000065080004,7050 0% 065T 800W BK N/T,55044,1766,1250,250,2019-11-16 22:24,176.4,187.9,189.8,189.8,189.9,195.3,195.7,195,193.9,199.6,200.4,207.5,207.7,205.6,208,207.5,199.7,204.7,203.9,35,67.5,48.3,7.855,7.836,22.333,1694,203.3,15,186.243,2019-11-16 21:52,22.7,23.3
2019-11-16 20:58,Extruder 1,19-A-755,90310-000065080004,7050 0% 065T 800W BK N/T,55044,1766,1250,1000,2019-11-16 20:58,177.5,187.9,189.9,190.1,190.1,195.1,195,195.3,195.1,200,200.2,208,207.9,205.1,208.2,208.1,199.9,205.1,204.9,35,67.2,48.1,7.706,7.715,23.528,1723,203.2,13.4,189.042,2019-11-16 18:56,22.8,23.3
2019-11-16 19:54,Extruder 1,19-A-755,90310-000065080004,7050 0% 065T 800W BK N/T,55044,1766,1250,500,2019-11-16 19:54,178,188.1,190.1,190.1,189.8,195,195.2,195,195,200,200.7,208.1,207.8,205.1,208.1,208.1,200.1,205,205,34.9,67.1,48.1,7.701,7.702,23.497,1730,203.4,13.6,193.43,2019-11-16 18:56,22.5,23
2019-11-16 19:22,Extruder 1,19-A-755,90310-000065080004,7050 0% 065T 800W BK N/T,55044,1766,1250,250,2019-11-16 19:22,178.1,188,190,189.7,190,195,195.2,195.1,194.9,200,200.5,208.1,208.3,204.9,207.8,207.9,200,204.8,204.9,35.1,67.1,48,7.704,7.672,23.456,1715,203.5,14.9,189.587,2019-11-16 18:56,22.3,23.2
2019-11-16 17:46,Extruder 1,19-A-754,90310-000065080004,7050 0% 065T 800W BK N/T,55044,2275,1250,500,2019-11-16 17:46,177.4,188,189.9,190.3,190.1,194.9,194.8,195.2,195,200,200.2,208,208,205,208.1,208,200.1,204.9,205,34.8,67.1,48,7.698,7.705,23.519,1746,203.3,14.3,195.565,2019-11-16 16:49,22.8,23.2
2019-11-16 17:14,Extruder 1,19-A-754,90310-000065080004,7050 0% 065T 800W BK N/T,55044,2275,1250,250,2019-11-16 17:14,177,187.8,189.6,189.9,189.9,195,195.2,195,195,200,199.8,208,208,205.1,208.1,208,199.9,205,205.1,35,67.1,48.1,7.704,7.705,23.531,1742,203.4,13.9,196.513,2019-11-16 16:49,22.9,23.1
2019-11-16 16:18,Extruder 1,19-A-753,90310-000065080004,7050 0% 065T 800W BK N/T,55044,2275,1250,1000,2019-11-16 16:18,178.1,188.1,189.9,190.4,190.1,194.6,195,194.7,195,200,199.5,207.9,207.9,205,208.1,207.9,200,205.1,204.7,34.9,67.2,48.1,7.708,7.743,23.501,1757,203.4,14.1,194.45,2019-11-16 14:14,22.5,23.1
2019-11-16 15:14,Extruder 1,19-A-753,90310-000065080004,7050 0% 065T 800W BK N/T,55044,2275,1250,500,2019-11-16 15:14,178,187.9,189.9,189.8,189.8,194.8,195.1,195,195.1,200,200.3,208,208,205.1,208.1,208,200.1,204.9,204.8,34.8,67,48.2,7.701,7.72,23.513,1767,203.5,14.2,201.21,2019-11-16 14:14,22.2,23
2019-11-16 14:42,Extruder 1,19-A-753,90310-000065080004,7050 0% 065T 800W BK N/T,55044,2275,1250,250,2019-11-16 14:42,177.8,187.9,189.9,190.4,190,194.7,195,194.8,195,200,200.2,208,208,204.9,208,208.2,200,205,205,35,67.2,48.1,7.7,7.705,23.533,1753,203.8,14.1,193.121,2019-11-16 14:14,22,22.9
2019-11-16 14:10,Extruder 1,19-A-752,90310-000065080004,7050 0% 065T 800W BK N/T,55044,2275,1250,1000,2019-11-16 14:10,178.5,188,190,190.5,190.1,195.1,195.2,195.1,195.1,200,200.2,208.1,208,205.2,208.1,208.1,199.9,205,204.9,34.9,67.3,48,7.693,7.7,23.565,1755,203.6,14.2,199.431,2019-11-16 12:05,21.7,22.9
2019-11-16 13:06,Extruder 1,19-A-752,90310-000065080004,7050 0% 065T 800W BK N/T,55044,2275,1250,500,2019-11-16 13:06,178.3,188.1,190,189.9,190,195,195,195.1,195.1,200,199.7,207.9,208,205.1,208.1,208,199.9,205,205,34.7,67.2,48,7.693,7.713,23.483,1735,203.5,14.3,194.9,2019-11-16 12:05,21.1,22.8
2019-11-16 12:34,Extruder 1,19-A-752,90310-000065080004,7050 0% 065T 800W BK N/T,55044,2275,1250,250,2019-11-16 12:34,177.6,188.2,190.1,190,190,194.9,195.1,195,194.9,199.9,200.1,208,208,205,208,208,199.9,205,205,35,67.3,48,7.704,7.72,23.474,1696,203.4,13.6,195.92,2019-11-16 12:05,20.9,22.8
2019-11-16 12:02,Extruder 1,19-A-751,90310-000065080004,7050 0% 065T 800W BK N/T,55044,2275,1250,1000,2019-11-16 12:02,178.3,188,190,190.1,190,194.9,195,194.7,195,200,200.5,208,207.9,205.1,208,207.9,199.9,205,205.1,34.8,67.2,47.9,7.696,7.664,23.526,1703,203.3,14.5,193.169,2019-11-16 10:01,22.3,22.8
2019-11-16 10:58,Extruder 1,19-A-751,90310-000065080004,7050 0% 065T 800W BK N/T,55044,2275,1250,500,2019-11-16 10:58,178.6,188.1,190.1,190,190.1,195.1,195.2,195.1,195,199.9,200.4,208,208.1,205,207.9,208,199.9,205.1,205,34.9,67.1,47.8,7.693,7.713,23.481,1672,203.4,15,187.192,2019-11-16 10:01,22.2,22.7
2019-11-16 10:26,Extruder 1,19-A-751,90310-000065080004,7050 0% 065T 800W BK N/T,55044,2275,1250,250,2019-11-16 10:26,176.8,187.9,190,189.8,190,195,195.3,194.8,194.9,199.8,199.9,208,207.8,205.3,207.9,207.8,200.1,204.8,204.7,34.8,67.1,47.9,7.708,7.702,23.526,1671,203.4,13.5,186.267,2019-11-16 10:01,22.2,22.6
2019-11-16 7:58,Extruder 1,19-A-750,90310-000065080004,7050 0% 065T 800W BK N/T,55044,2275,1250,1000,2019-11-16 7:58,178.3,188.1,189.9,189.9,189.9,194.8,195,195.2,194.9,200,199.9,208,208.3,205.1,207.9,208,200.1,204.9,205.2,34.5,66.9,47.8,7.701,7.657,23.492,1657,203.3,14.9,187.453,2019-11-16 6:07,21.4,22.6
2019-11-16 6:54,Extruder 1,19-A-750,90310-000065080004,7050 0% 065T 800W BK N/T,55044,1766,1250,500,2019-11-16 6:54,178.1,188,189.9,189.9,190,194.9,194.9,194.6,194.8,199.9,200,208,208.3,205.1,207.7,208,199.9,204.9,204.9,34.7,66.9,47.7,7.706,7.705,23.522,1666,203.2,15.3,190.821,2019-11-16 6:07,21.8,22.6
2019-11-16 6:22,Extruder 1,19-A-750,90310-000065080004,7050 0% 065T 800W BK N/T,55044,1766,1250,250,2019-11-16 6:22,178,187.8,189.9,190,190.1,195,195,195.3,195.2,199.9,200.1,208,207.9,205.1,208.1,208,200,205,205.1,34.7,67,47.9,7.704,7.727,23.492,1671,203.3,13.7,188.306,2019-11-16 6:07,21.9,22.6
2019-11-16 5:50,Extruder 1,19-A-749,90310-000065080004,7050 0% 065T 800W BK N/T,55044,1766,1250,1000,2019-11-16 5:50,178.1,188,190.1,190,189.9,195,195,194.9,194.9,200,200,208,208,205,207.9,208,200.1,205,204.8,34.8,66.9,47.8,7.701,7.697,23.451,1679,203.4,14,197.913,2019-11-16 4:07,22.1,22.6
2019-11-16 4:46,Extruder 1,19-A-749,90310-000065080004,7050 0% 065T 800W BK N/T,55044,1766,1250,500,2019-11-16 4:46,177.9,188.1,190,189.8,189.8,195.1,195,194.8,194.9,200,200,208,208.1,205,207.8,207.9,200,205.1,205,34.8,67,48,7.698,7.692,23.544,1697,203.6,13.2,193.596,2019-11-16 4:07,22.2,22.8
2019-11-16 4:14,Extruder 1,19-A-749,90310-000065080004,7050 0% 065T 800W BK N/T,55044,1766,1250,250,2019-11-16 4:14,178,187.9,190,189.7,190,195,195,194.8,195,199.9,200,208,207.9,205.1,208,208,199.9,205,205.1,34.8,67.1,48,7.693,7.657,23.519,1710,203.4,15.4,196.181,2019-11-16 4:07,22.3,22.8
2019-11-16 3:42,Extruder 1,19-A-748,90310-000065080004,7050 0% 065T 800W BK N/T,55044,1766,1250,1000,2019-11-16 3:42,177.6,187.9,189.9,189.8,190.1,195,195,195,195,200.1,200,208,207.9,205.1,208.1,208,200.1,205.1,205.1,34.8,66.9,48,7.701,7.692,23.474,1698,203.5,13.4,192.244,2019-11-15 22:52,22.4,22.8
2019-11-16 2:38,Extruder 1,19-A-748,90310-000065080004,7050 0% 065T 800W BK N/T,55044,1766,1250,500,2019-11-16 2:38,177.7,188,190,190.1,189.9,194.9,195.1,194.9,195,200.1,200.2,208,208,205.2,208.2,208.3,200.1,205.1,205.1,34.7,67.1,47.9,7.689,7.702,23.538,1714,203.4,14.2,198.672,2019-11-15 22:52,22.5,23
2019-11-16 2:06,Extruder 1,19-A-748,90310-000065080004,7050 0% 065T 800W BK N/T,55044,1766,1250,250,2019-11-16 2:06,177.6,187.9,190,190,190,194.9,195.1,195,194.9,200,199.8,208.1,208.2,205,208,207.9,200.2,205,205.1,34.5,67,48,7.609,7.596,23.513,1707,203.5,14.3,194.355,2019-11-15 22:52,22.1,22.8
2019-11-16 0:47,Extruder 1,19-A-748,90310-000065080004,7050 0% 065T 800W BK N/T,55044,1766,1250,500,2019-11-16 0:47,175.8,188.3,190,191,191.3,197.7,194.6,195.3,194.8,200,199.9,208.3,207.7,204.8,207.8,208.1,200,205,204.8,35,72.6,48.1,7.597,7.584,22.098,1700,201.3,14.6,188.33,2019-11-15 22:52,22.9,23.1
2019-11-15 23:51,Extruder 1,19-A-748,90310-000065080004,7050 0% 065T 800W BK N/T,55044,1766,1250,250,2019-11-15 23:51,177.1,187.6,189.4,189.7,188.3,195.1,195.6,195.3,195,199.9,200.1,208.3,208.4,205.6,208.8,208.3,199.9,205.1,205.1,34.6,72,48.2,7.102,7.112,22.235,1689,202.2,14.1,190.75,2019-11-15 22:52,23.1,23.6
2019-11-15 22:00,Extruder 1,19-A-747,90310-000065080004,7050 0% 065T 800W BK N/T,55044,1766,1250,1000,2019-11-15 22:00,177.7,188.1,189.9,190,189.9,195,195,194.9,195,200,199.4,208,208,205,208,208,200,205.1,204.9,34.8,72.1,48.5,7.604,7.606,24.153,1706,203.4,14.6,187.049,2019-11-15 20:05,23.3,23.2
2019-11-15 20:55,Extruder 1,19-A-747,90310-000065080004,7050 0% 065T 800W BK N/T,55044,1766,1250,500,2019-11-15 20:55,178,188,189.9,190,190.1,194.6,195,195,195,200,200.7,208,207.9,204.8,208,208,200,205,205.1,34.8,72.1,48.4,7.604,7.604,24.221,1702,203.5,13.9,196.822,2019-11-15 20:05,23.8,23.1
2019-11-15 20:23,Extruder 1,19-A-747,90310-000065080004,7050 0% 065T 800W BK N/T,55044,1766,1250,250,2019-11-15 20:23,178.2,187.9,190,190,190.1,195.1,195.1,195.1,195,200,200.3,208.1,208,205,208,207.9,199.9,205.1,205,34.7,72.2,48.5,7.604,7.614,24.205,1681,203.5,15.1,189.658,2019-11-15 20:05,23.5,23.2
2019-11-15 19:50,Extruder 1,19-A-746,90310-000065080004,7050 0% 065T 800W BK N/T,55044,1766,1250,1000,2019-11-15 19:50,177.8,187.9,190,189.9,190.1,195.1,195,194.8,194.9,199.9,199.9,208,208,204.8,208,208,199.9,205,204.8,34.9,72.4,48.6,7.602,7.588,24.351,1702,203.6,13.2,187.808,2019-11-15 17:49,23.7,23.2
2019-11-15 18:45,Extruder 1,19-A-746,90310-000065080004,7050 0% 065T 800W BK N/T,55044,2275,1250,500,2019-11-15 18:45,178.1,187.9,189.9,190,189.9,195.1,195,195.2,195,200,200.4,208,208,205,208,207.9,200.1,205.1,205,34.5,71.9,48.5,7.609,7.604,24.424,1693,203.5,13.2,189.848,2019-11-15 17:49,23.8,23.1
2019-11-15 18:13,Extruder 1,19-A-746,90310-000065080004,7050 0% 065T 800W BK N/T,55044,2275,1250,250,2019-11-15 18:13,178,188,189.8,190,189.9,194.7,195,194.8,194.9,199.9,200.1,208,208,204.9,207.9,207.9,199.9,205.1,205.1,34.7,72.2,48.5,7.602,7.578,24.56,1702,203.4,15.7,192.884,2019-11-15 17:49,23.7,23.2
2019-11-15 17:40,Extruder 1,19-A-745,90310-000065080004,7050 0% 065T 800W BK N/T,55044,2275,1250,1000,2019-11-15 17:40,177.8,187.9,189.9,190,189.8,195.3,195,195,195.1,199.9,199.6,208,208,205,208.1,208,200.2,204.8,205,34.9,72.6,48.7,7.602,7.632,24.585,1690,203.6,13.2,187.974,2019-11-15 15:36,23.4,23.3
2019-11-15 16:35,Extruder 1,19-A-745,90310-000065080004,7050 0% 065T 800W BK N/T,55044,2275,1250,500,2019-11-15 16:35,177.7,188,189.7,189.9,190.1,195,195.1,195.1,195,200,199.4,208,208,205.1,208,208,200,205,205,35,72.8,48.7,7.594,7.592,24.487,1670,203.6,13.2,193.24,2019-11-15 15:36,24.6,23.4
2019-11-15 16:03,Extruder 1,19-A-745,90310-000065080004,7050 0% 065T 800W BK N/T,55044,2275,1250,250,2019-11-15 16:03,177.6,187.9,189.4,189.9,190,194.9,195.2,195.5,195,199.9,199.8,208,208.1,205.1,208.2,208.1,200.1,205,205.1,34.6,72.2,48.6,7.594,7.612,24.513,1685,203.5,15.7,188.52,2019-11-15 15:36,24.4,23.4
2019-11-15 15:14,Extruder 1,19-A-744,90310-000065080004,7050 0% 065T 800W BK N/T,55044,2275,1250,1000,2019-11-15 15:14,178.5,188.1,189.9,189.9,190,195.8,195.1,195,195.1,200,199.7,208,208,205,207.9,208,199.8,205,204.8,34.7,72.2,48.7,7.6,7.572,24.506,1707,203.7,15.6,192.386,2019-11-15 13:13,24.5,23.4
2019-11-15 14:09,Extruder 1,19-A-744,90310-000065080004,7050 0% 065T 800W BK N/T,55044,2275,1250,500,2019-11-15 14:09,178.2,188,190.1,190,190.1,195.3,195,195.2,195.1,200,200.3,208.2,208.2,205.1,208.2,208,200.1,204.8,205.1,34.9,72.4,48.6,7.701,7.73,24.148,1686,203.4,15.6,195.161,2019-11-15 13:13,24.4,23.6
2019-11-15 13:37,Extruder 1,19-A-744,90310-000065080004,7050 0% 065T 800W BK N/T,55044,2275,1250,250,2019-11-15 13:37,178,188,190.1,189.9,190.1,194.7,195,195,195.1,200.1,200.1,208,207.9,205.1,208,208,200,205.1,205,34.7,72.1,48.5,7.602,7.584,24.608,1666,203.4,13.2,183.041,2019-11-15 13:13,23.6,23.4
2019-11-15 13:04,Extruder 1,19-A-743,90310-000065080004,7050 0% 065T 800W BK N/T,55044,2275,1250,1000,2019-11-15 13:04,178.2,188.1,190,190,190.2,194.4,194.9,195,194.9,200,199.9,208,208,205.1,208.1,208.1,199.9,204.9,205.1,34.8,72.5,48.7,7.6,7.612,24.604,1630,203.3,15.6,187.547,2019-11-15 11:07,24,23.6
2019-11-15 11:59,Extruder 1,19-A-743,90310-000065080004,7050 0% 065T 800W BK N/T,55044,2275,1250,500,2019-11-15 11:59,178.1,188,190,190,190.1,195.8,195.1,194.6,195.1,200.1,200.5,208.1,208.1,205,208,207.9,200,205,205.1,35,72.4,48.7,7.602,7.624,24.604,1617,203.5,15.5,182.566,2019-11-15 11:07,24.3,23.4
2019-11-15 11:27,Extruder 1,19-A-743,90310-000065080004,7050 0% 065T 800W BK N/T,55044,2275,1250,250,2019-11-15 11:27,177.9,188,190,190,190,194.9,195.1,194.5,195,200,200,208,207.9,204.8,208,208,200,204.9,204.8,34.3,71.9,48.6,7.6,7.536,24.795,1624,203.5,14,183.231,2019-11-15 11:07,24.7,23.6
2019-11-15 10:54,Extruder 1,19-A-742,90310-000065080004,7050 0% 065T 800W BK N/T,55044,2275,1250,1000,2019-11-15 10:54,177.8,188,190,190,189.9,195.1,194.9,194.9,195,200,199.3,208,208,205.1,208,208,200,205.1,204.8,35,72.5,48.8,7.604,7.61,24.579,1633,203.4,14.8,185.531,2019-11-15 8:22,23.9,23.6
2019-11-15 9:49,Extruder 1,19-A-742,90310-000065080004,7050 0% 065T 800W BK N/T,55044,2275,1250,500,2019-11-15 9:49,177.4,188,190.1,189.9,190.3,194.6,195.2,195,195,200.2,200.2,208,208.2,205.1,208,208.1,199.9,205.1,205,35.1,72.4,48.7,7.597,7.62,24.579,1603,203.5,14.7,186.48,2019-11-15 8:22,24.8,23.6
2019-11-15 9:17,Extruder 1,19-A-742,90310-000065080004,7050 0% 065T 800W BK N/T,55044,2275,1250,250,2019-11-15 9:17,178.1,188.1,190.1,189.9,190.7,195.5,195.3,194.8,195.2,200,200,208.1,208.2,205.1,208.3,208,200.1,205.2,205,34.8,72.5,48.7,7.604,7.594,24.189,1611,203.2,13.8,185.911,2019-11-15 8:22,24.6,23.7
2019-11-15 8:13,Extruder 1,19-A-741,90310-000065080004,7050 0% 065T 800W BK N/T,55044,2275,1250,1000,2019-11-15 8:13,178,188,190,190.1,190,195.3,195,195,195,200,200.2,208,207.9,205,207.9,208,200,205.1,204.9,34.9,72.2,48.9,7.602,7.62,24.79,1609,203.5,14.6,188.994,2019-11-15 6:11,24.7,23.6
2019-11-15 7:09,Extruder 1,19-A-741,90310-000065080004,7050 0% 065T 800W BK N/T,55044,2275,1250,500,2019-11-15 7:09,177.9,187.8,190,189.9,190.1,195,195,195.1,195,200,199.6,208,208,205,208,208.1,200,205.1,205.1,34.8,72.2,48.7,7.6,7.61,24.33,1611,203.3,14.9,185.318,2019-11-15 6:11,24.7,23.6
2019-11-15 6:36,Extruder 1,19-A-741,90310-000065080004,7050 0% 065T 800W BK N/T,55044,1251,1250,250,2019-11-15 6:36,178.3,187.8,190.1,189.8,190,195.3,195.1,194.8,194.9,200,199.7,207.9,207.8,205.1,208,208,200.1,204.8,205,34.7,72.5,48.9,7.602,7.61,24.601,1633,203.4,13.7,189.658,2019-11-15 6:11,24.3,23.6
2019-11-15 5:59,Extruder 1,19-A-740,90310-000065080004,7050 0% 065T 800W BK N/T,55044,1251,1250,1000,2019-11-15 5:59,177.7,188,190,190,190.2,194.9,195,194.8,195.1,200,200.4,208.1,208.1,205,208.1,208,200,205,205,34.9,72.7,48.8,7.6,7.604,24.232,1635,203.2,15.2,191.912,2019-11-15 3:56,24.4,23.6
2019-11-15 4:54,Extruder 1,19-A-740,90310-000065080004,7050 0% 065T 800W BK N/T,55044,1251,1250,500,2019-11-15 4:54,177.7,187.9,190,190,189.8,195.3,195.2,195.1,194.9,200.1,200.4,208,208,205.1,208,208,199.9,205,205.1,34.8,72.7,48.7,7.602,7.616,24.328,1638,203.4,14.8,186.954,2019-11-15 3:56,24.6,23.6
2019-11-15 4:22,Extruder 1,19-A-740,90310-000065080004,7050 0% 065T 800W BK N/T,55044,1251,1250,250,2019-11-15 4:22,178,188.1,189.8,190,189.9,195.4,194.9,195.3,194.9,200.1,199.5,207.9,207.9,205,208,208.1,199.9,204.8,204.8,34.8,72.2,48.9,7.602,7.592,24.264,1624,203.2,13.7,184.369,2019-11-15 3:56,24.7,23.6
2019-11-15 3:49,Extruder 1,19-A-739,90310-000065080004,7050 0% 065T 800W BK N/T,55044,1251,1250,1000,2019-11-15 3:49,178,188,190.1,190.1,190,194.9,195,194.6,195.1,200,199.6,208,208,205.1,208.1,208,200,205,204.9,34.6,72.4,48.9,7.6,7.604,24.777,1636,203.7,14.4,190.56,2019-11-15 1:44,24.6,23.7
2019-11-15 2:44,Extruder 1,19-A-739,90310-000065080004,7050 0% 065T 800W BK N/T,55044,1251,1250,500,2019-11-15 2:44,178.4,188.1,190.1,189.9,189.7,194.7,195.4,195,195,199.9,200.5,208.1,208,205,207.9,207.8,200.1,205.1,205.1,35.4,72.7,49,7.602,7.602,24.214,1623,203.4,14.1,190.346,2019-11-15 1:44,25.2,24.1
2019-11-15 2:12,Extruder 1,19-A-739,90310-000065080004,7050 0% 065T 800W BK N/T,55044,1251,1250,250,2019-11-15 2:12,177.4,188.2,190,189.9,189.6,195.1,196,195.3,195,199.9,200.3,208.2,208,205.3,208.2,208,200,204.8,205,35.1,71.9,48.8,7.602,7.642,24.485,1655,203.6,14.7,190.109,2019-11-15 1:44,24.9,23.9
2019-11-15 0:34,Extruder 1,19-A-738,90310-000065110004,7050 0% 065T 1100W BK N/T,55045,1251,1250,1000,2019-11-15 0:34,178.1,188.1,190.6,190.1,190.2,197.3,197.2,195,195,200,199.9,215.1,208,205,208,212,200.1,205,205.2,35.2,72.8,49.2,12.004,12.041,33.041,1852,207.2,15.6,197.083,2019-11-14 22:36,25.5,24.1
2019-11-14 23:30,Extruder 1,19-A-738,90310-000065110004,7050 0% 065T 1100W BK N/T,55045,1251,1250,500,2019-11-14 23:30,178.5,188,189.6,189.4,190,197,197.5,194.7,195,200,200.4,215,208,204.9,207.9,211.9,200.2,204.9,205,35.3,72.6,49.3,7.592,7.576,33.032,1899,207.6,14.4,214.54,2019-11-14 22:36,24.8,23.9
2019-11-14 22:58,Extruder 1,19-A-738,90310-000065110004,7050 0% 065T 1100W BK N/T,55045,1251,1250,250,2019-11-14 22:58,177.7,188.5,190.4,190.1,190,192.8,197.5,195,195,200.1,200.2,215,208,205.1,208.1,212,200.1,204.9,205.1,35.4,72.7,49.3,7.583,7.592,33.048,1878,207.6,15.3,212.097,2019-11-14 22:36,24.9,23.9
2019-11-14 22:25,Extruder 1,19-A-737,90310-000065110004,7050 0% 065T 1100W BK N/T,55045,1251,1250,1000,2019-11-14 22:25,178,188.2,190.1,190.7,190,196.3,197.3,195.2,194.9,199.9,200.2,215,207.9,204.8,207.9,212,199.9,204.9,205,35.4,72.8,49.3,7.595,7.61,33.055,1857,207.5,14.3,208.065,2019-11-14 20:21,24.6,24.1
2019-11-14 21:20,Extruder 1,19-A-737,90310-000065110004,7050 0% 065T 1100W BK N/T,55045,1251,1250,500,2019-11-14 21:20,177.5,187.7,189.5,189.5,190,194.9,197.2,194.8,195,199.9,199.9,215,208,205,208,212,200,204.8,205.1,35.1,72.5,49.3,7.587,7.586,33.062,1870,207.2,13.6,211.361,2019-11-14 20:21,24.9,23.9
2019-11-14 20:48,Extruder 1,19-A-737,90310-000065110004,7050 0% 065T 1100W BK N/T,55045,1251,1250,250,2019-11-14 20:48,178.3,187.6,190,189.8,189.6,196.2,197.2,194.7,195,200,200.2,215,208,205,207.9,211.9,200.1,205,205,35.3,72.7,49.3,7.597,7.596,33.114,1837,207.2,14,212.951,2019-11-14 20:21,24.9,23.9
2019-11-14 20:15,Extruder 1,19-A-736,90310-000065110004,7050 0% 065T 1100W BK N/T,55045,1251,1250,1000,2019-11-14 20:15,178,188.1,189.4,190,190.1,195,197.3,195.1,195.1,200,200.1,215,208,204.9,208.1,212.1,200.1,204.8,205,35.5,72.8,49.3,7.589,7.592,32.97,1852,207,15.4,211.029,2019-11-14 18:05,24.8,24.1
2019-11-14 17:52,Extruder 1,19-A-735,90310-000065110004,7050 0% 065T 1100W BK N/T,55045,2262,1250,1000,2019-11-14 17:52,177.8,188.1,190.1,190.1,190.1,193.2,197.3,195,195,200,199.9,215,208.1,205.1,208,212,200.1,205.1,205.1,36,73.4,49.6,14.005,13.988,33.027,1861,207,15.6,208.207,2019-11-14 15:52,24.9,23.9
2019-11-14 16:49,Extruder 1,19-A-735,90310-000065110004,7050 0% 065T 1100W BK N/T,55045,2262,1250,500,2019-11-14 16:49,178,187.8,190.3,190,190.1,193.4,197.4,195,195,199.9,200,215,208,205.1,208.1,212,199.9,205.1,205.1,35.8,73.2,49.5,7.589,7.612,33.043,1865,207.3,13.5,211.599,2019-11-14 15:52,24,23.8
2019-11-14 16:16,Extruder 1,19-A-735,90310-000065110004,7050 0% 065T 1100W BK N/T,55045,2262,1250,250,2019-11-14 16:16,178.2,187.8,189.4,189.8,190,199.1,197.3,195.4,195,200,200.1,215,207.9,204.9,207.9,211.9,199.9,205,204.9,35.8,73.4,49.5,7.602,7.791,33.098,1826,207.5,13.8,209.63,2019-11-14 15:52,24.8,23.7
2019-11-14 15:43,Extruder 1,19-A-734,90310-000065110004,7050 0% 065T 1100W BK N/T,55045,2262,1250,1000,2019-11-14 15:43,177.8,188.3,190.1,190.6,190.4,198.9,197.2,195,194.9,200,199.4,215,207.9,204.8,208,212.1,200,205,205,35.9,73.3,49.5,7.587,7.548,33.1,1817,207.4,14.2,205.313,2019-11-14 13:45,25.3,23.7
2019-11-14 14:38,Extruder 1,19-A-734,90310-000065110004,7050 0% 065T 1100W BK N/T,55045,2262,1250,500,2019-11-14 14:38,178,188,190.9,190.7,190.3,198.3,197.3,195.2,194.9,200,199.9,214.9,208,205,208.1,212.1,199.9,205.1,205,35.9,73.1,49.5,7.58,7.576,33.066,1822,207.3,14.4,211.48,2019-11-14 13:45,24.4,23.6
2019-11-14 14:06,Extruder 1,19-A-734,90310-000065110004,7050 0% 065T 1100W BK N/T,55045,2262,1250,250,2019-11-14 14:06,178.2,188,191,190.1,190.3,197.9,197.4,195,195,200,199.9,214.9,208,204.9,208,211.9,199.8,205.1,205.1,35.9,73.2,49.6,7.592,7.594,32.991,1837,207.4,14.8,214.398,2019-11-14 13:45,23.9,23.6
2019-11-14 13:33,Extruder 1,19-A-733,90310-000065110004,7050 0% 065T 1100W BK N/T,55045,2262,1250,1000,2019-11-14 13:33,178.2,188.1,189.6,188.8,190,197.3,197.3,194.8,195.1,199.9,199.4,214.8,207.9,204.9,207.9,211.9,199.9,205,205,35.9,73.1,49.4,7.585,7.566,33.057,1810,207.5,15,210.816,2019-11-14 6:57,25.1,23.8
2019-11-14 12:28,Extruder 1,19-A-733,90310-000065110004,7050 0% 065T 1100W BK N/T,55045,2262,1250,500,2019-11-14 12:28,178.7,188,190.2,189.9,190.2,197.2,196.4,195.3,195.1,199.9,199.9,215,208,205.1,208.2,212,199.9,204.8,205.1,35.9,73.3,49.5,7.587,7.602,33.071,1848,206.5,15.3,208.397,2019-11-14 6:57,25.4,23.7
2019-11-14 11:53,Extruder 1,19-A-733,90310-000065110004,7050 0% 065T 1100W BK N/T,55045,2262,1250,250,2019-11-14 11:53,177.4,188,189.7,190.1,189.9,192.2,196.3,195.1,195.2,199.9,199.9,215,208.1,205.1,208.2,212,199.9,205,204.7,35.7,73.1,49.4,6.896,6.903,30.027,1802,205.7,13.6,205.645,2019-11-14 6:57,23.9,23.6
2019-11-14 11:04,Extruder 1,19-A-733,90310-000065110004,7050 0% 065T 1100W BK N/T,55045,2262,1250,250,2019-11-14 11:04,176.5,187.8,189.5,189.9,190.1,192.1,196,194.9,195.1,199.9,199.9,215.2,208.8,205.4,208.7,212.2,200,204.9,205,35.7,73.1,49.5,7.197,7.21,30.005,1803,205.3,13.8,195.731,2019-11-14 6:57,24.7,23.8
2019-11-13 18:15,Extruder 1,19-B-1851,90310-000065110004,7050 0% 065T 1100W BK N/T,55045,2262,1250,500,2019-11-13 18:15,59.5,63.8,134,163.3,170.6,168.1,172.2,173.1,169.7,173.9,180.5,162.3,163.4,160.8,163.6,162.9,175.4,174.1,173.4,30.7,49,28.8,15.492,15.501,18.371,1301,167.9,15.9,252.514,2019-11-13 2:31,25.1,24.2
2019-11-13 17:58,Extruder 1,19-B-1851,90310-000065110004,7050 0% 065T 1100W BK N/T,55045,2262,1250,250,2019-11-13 17:58,66,62.7,133.9,160.1,168,172.1,174,178.5,169.1,176.1,174.9,160.1,159.4,156.4,158.1,159.8,177.4,178.9,176.1,30.5,49,28.8,15.499,15.503,18.428,1347,169.3,14.1,260.674,2019-11-13 2:31,25.2,24.3
2019-11-13 15:33,Extruder 1,19-B-1851,90310-000065110004,7050 0% 065T 1100W BK N/T,55045,2262,1250,500,2019-11-13 15:33,62.8,61,135.7,160.2,167,167.3,167.3,166.9,166.8,166.9,155.5,154.9,155.4,158,155.6,155,167,167.3,167,30.3,48.8,28.6,19.157,19.145,29.772,1363,167.6,13.4,142.861,2019-11-13 2:31,24.5,23.9
2019-11-13 15:17,Extruder 1,19-B-1851,90310-000065110004,7050 0% 065T 1100W BK N/T,55045,2262,1250,250,2019-11-13 15:17,57.2,60.1,134.3,159.4,166.9,167.4,167,166.9,166.9,167,155.7,155.3,155.6,157.8,155.9,155.1,166.9,166.9,167.1,30.4,48.9,28.6,11.8,11.77,18.426,1106,167.3,15.3,166.105,2019-11-13 2:31,24.6,23.8
2019-10-12 5:40,Extruder 1,19-A-693,90310-000065110004,7050 0% 065T 1100W BK N/T,54508,1251,1250,1000,2019-10-12 5:40,177.3,187.8,189.4,189.5,190.1,195,196.3,195.1,195,199.9,200.1,214.9,210,205,208,212.1,199.9,205,205,34.6,76.6,48.3,14.003,13.985,30.021,2190,204.7,11.9,228.083,2019-10-12 3:19,21.5,23.9
2019-10-12 4:36,Extruder 1,19-A-693,90310-000065110004,7050 0% 065T 1100W BK N/T,54508,1251,1250,500,2019-10-12 4:36,177.8,188.1,189.8,190,189.7,197.9,196.2,194.7,194.8,200,200,214.9,209.9,204.9,207.9,211.9,200,205.1,205.1,34.6,76.3,48.4,7.602,7.6,30.071,2124,204.7,12.2,226.139,2019-10-12 3:19,22,24.1
2019-10-12 4:03,Extruder 1,19-A-693,90310-000065110004,7050 0% 065T 1100W BK N/T,54508,1251,1250,250,2019-10-12 4:03,178,188,189.1,190.1,190.2,198.6,196.3,195,195,200,199.7,215.1,210,205,208,212,199.9,205,205,34.7,76.3,48.4,7.604,7.602,30.091,2114,204.7,12.1,225.64,2019-10-12 3:19,22,24.1
2019-10-12 3:30,Extruder 1,19-A-692,90310-000065110004,7050 0% 065T 1100W BK N/T,54508,1251,1250,1000,2019-10-12 3:30,178.3,187.9,189.6,190.8,190.1,198,196.3,194.8,195,199.9,199.4,215,210.1,205.1,208,212.1,199.9,205,205.1,35.1,77,48.4,7.604,7.588,30.066,2109,204.7,12,231.38,2019-10-12 1:08,21.9,23.9
2019-10-12 2:25,Extruder 1,19-A-692,90310-000065110004,7050 0% 065T 1100W BK N/T,54508,1251,1250,500,2019-10-12 2:25,177.8,187.9,190.6,189.9,189.9,199.1,196.3,195,194.9,199.9,200,214.9,210,205,208,212,199.9,205.1,205.1,34,74.5,47.7,7.6,7.578,30.091,2101,204.9,12.2,229.649,2019-10-12 1:08,22.1,23.9
2019-10-12 1:53,Extruder 1,19-A-692,90310-000065110004,7050 0% 065T 1100W BK N/T,54508,1251,1250,250,2019-10-12 1:53,178.2,187.8,189.4,190,189.6,199.7,196.6,195,194.9,200,199.9,214.9,209.9,204.8,207.8,211.9,199.8,204.9,205,34.3,74.8,47.9,7.706,7.697,30.048,2108,205.3,12.4,232.59,2019-10-12 1:08,22.8,23.9
2019-10-12 1:20,Extruder 1,19-A-691,90310-000065110004,7050 0% 065T 1100W BK N/T,54508,1251,1250,1000,2019-10-12 1:20,178.1,187.5,189.7,191.2,190.1,199.5,196.9,195,195,200,200.2,215,210,205,208,211.9,199.8,205,204.9,34.1,74.7,47.9,7.597,7.582,30.084,2167,206,13.4,230.503,2019-10-11 22:55,24,24.1
2019-10-12 0:15,Extruder 1,19-A-691,90310-000065110004,7050 0% 065T 1100W BK N/T,54508,1251,1250,500,2019-10-12 0:15,178,188.3,189.3,190.5,189.8,198.7,196.8,194.7,195,200,200.1,215,210,204.9,208,212,199.9,204.9,205,35.2,76.5,48.3,7.496,7.493,30.089,2172,205.8,13,232.78,2019-10-11 22:55,22.9,24.2
2019-10-11 23:42,Extruder 1,19-A-691,90310-000065110004,7050 0% 065T 1100W BK N/T,54508,1251,1250,250,2019-10-11 23:42,178.1,187.7,190.3,190.5,190.1,197.8,196.7,194.8,195,200,199.8,215.1,210.1,205.1,208.1,212.2,200,205,204.8,35,76.4,48.3,7.502,7.485,30.052,2133,205.5,13,229.554,2019-10-11 22:55,22.9,24.1
2019-10-11 22:59,Extruder 1,19-A-690,90310-000065110004,7050 0% 065T 1100W BK N/T,54508,1251,1250,1000,2019-10-11 22:59,177,187.6,190.4,190.7,189.5,194.1,196.6,195,195.1,200,200.6,214.9,210,205.1,208,211.9,199.9,205,205.1,34.6,75.7,48.3,7.507,7.501,30.018,2115,205.4,13.5,228.866,2019-10-11 20:38,23.8,24.5
2019-10-11 21:54,Extruder 1,19-A-690,90310-000065110004,7050 0% 065T 1100W BK N/T,54508,1251,1250,500,2019-10-11 21:54,175.4,188.1,190.1,190.8,190.3,193.8,196.3,195.1,195,200,199.5,215,210,205.1,208.1,212,200.2,204.9,205.1,35,76.5,48.6,7.502,7.493,30.132,2048,204.7,13.3,222.96,2019-10-11 20:38,24.3,24.1
2019-10-11 21:21,Extruder 1,19-A-690,90310-000065110004,7050 0% 065T 1100W BK N/T,54508,1251,1250,250,2019-10-11 21:21,170.2,187.9,190.1,190.1,189.8,192.3,196.5,195.1,195,200,200,215,210,204.9,208,211.9,200.1,205.1,205,33.1,75,48.3,7.509,7.524,30.052,2071,204.7,17.4,223.031,2019-10-11 20:38,24.3,24.1
2019-10-11 20:48,Extruder 1,19-A-689,90310-000065110004,7050 0% 065T 1100W BK N/T,54508,1251,1250,1000,2019-10-11 20:48,169.8,187.8,190.2,190.4,190.1,191.6,196.7,195.1,195,200,199.5,214.9,210,205.1,208,212.1,200.2,205,205,36.7,77.5,49,7.505,7.513,30.093,2100,205.2,17.7,217.362,2019-10-11 18:19,25.3,24.1
2019-10-11 19:42,Extruder 1,19-A-689,90310-000065110004,7050 0% 065T 1100W BK N/T,54508,1251,1250,500,2019-10-11 19:42,171.3,187.8,190.3,190.7,190.1,192.7,197.1,195.2,195,200,200,214.9,209.9,205.1,207.9,212,200.1,205,205,35.6,77.9,49.3,7.5,7.541,30.032,2152,205.8,16,230.361,2019-10-11 18:19,24.1,24.4
2019-10-11 19:09,Extruder 1,19-A-689,90310-000065110004,7050 0% 065T 1100W BK N/T,54508,1251,1250,250,2019-10-11 19:09,172,188.2,190.2,190.2,190.1,193.8,197.2,194.8,195,199.9,200.2,215,210,205.1,208,211.9,200,205.1,205,35.6,78,49.4,7.505,7.503,30.046,2158,206,15.8,228.083,2019-10-11 18:19,24.2,24.6
2019-10-11 18:36,Extruder 1,19-A-688,90310-000065110004,7050 0% 065T 1100W BK N/T,54508,2262,1250,1000,2019-10-11 18:36,173.4,187.6,190.3,190.1,190,196.9,197.2,194.9,194.9,200,200.2,215,209.9,205.1,208,211.9,199.9,205,205,35.8,78,49.5,7.447,7.457,30.052,2149,206.2,16.1,230.669,2019-10-11 16:06,24.7,24.7
2019-10-11 17:30,Extruder 1,19-A-688,90310-000065110004,7050 0% 065T 1100W BK N/T,54508,2262,1250,500,2019-10-11 17:30,173.2,188.1,189.8,189.8,190.2,199.2,197,195,195,199.9,199.8,215,210,205.1,208,212,199.9,204.8,205,35.6,78.1,49.7,7.458,7.443,30.066,2118,206.1,15.9,228.7,2019-10-11 16:06,26.4,24.8
2019-10-11 16:57,Extruder 1,19-A-688,90310-000065110004,7050 0% 065T 1100W BK N/T,54508,2262,1250,250,2019-10-11 16:57,173.7,188.1,190.7,190.5,190.5,200.7,196.9,195,194.9,199.9,199.9,214.9,209.9,205.2,208,211.9,199.9,205,205.1,35.6,78.1,49.6,7.456,7.461,30.093,2083,205.9,15.7,225.285,2019-10-11 16:06,26.6,24.9
2019-10-11 16:23,Extruder 1,19-A-687,90310-000065110004,7050 0% 065T 1100W BK N/T,54508,2262,1250,1000,2019-10-11 16:23,175.1,188.1,189.9,190.2,190.2,200.8,196.9,195,195,199.9,199.5,214.8,209.9,205.1,207.9,211.9,199.9,205,204.9,35.6,77.7,49.5,7.401,7.419,30.089,2091,205.9,15.6,218.999,2019-10-11 6:08,26.7,25.1
2019-10-11 15:16,Extruder 1,19-A-687,90310-000065110004,7050 0% 065T 1100W BK N/T,54508,2262,1250,500,2019-10-11 15:16,174.1,188,189.7,189.4,190.3,199.8,196.6,195.1,195.2,200.1,199.9,215.1,210.1,205.3,208,212.1,199.9,205.1,205.1,35.8,78,49.5,7.398,7.395,30.075,2071,205.5,15.4,224.715,2019-10-11 6:08,26.2,24.7
2019-10-11 14:43,Extruder 1,19-A-687,90310-000065110004,7050 0% 065T 1100W BK N/T,54508,2262,1250,250,2019-10-11 14:43,173.6,188.1,189.6,190.2,191.1,199.5,196.2,195.3,195,199.9,200.3,214.9,210,205.2,208,211.9,199.9,205.1,204.8,35.6,77.8,49.3,7.401,7.399,30.105,2037,204.7,15.1,218.098,2019-10-11 6:08,25.6,24.7
2019-10-11 13:44,Extruder 1,19-A-687,90310-000065110004,7050 0% 065T 1100W BK N/T,54508,2262,1250,250,2019-10-11 13:44,171.2,186.8,189.5,188.7,184.8,186.2,195.1,195.5,195,200.3,199.9,215.5,210,205,208.1,212.2,200.1,205.2,205,35.1,76.3,48.5,0,0,28.016,2103,198,16.6,184.013,2019-10-11 6:08,23.8,24.7
2019-10-11 6:21,Extruder 1,19-A-686,90310-000065100004,7050 0% 065T 1000W BK N/T,54507,2275,1250,1000,2019-10-11 6:21,178.1,187.9,190.5,189.5,189.8,189,196.6,194.8,195,200.1,199.5,206,208,205.1,208.2,210.1,200,205,204.8,34.8,76.6,48.1,8.401,8.401,20.016,1548,203.3,15.5,120.517,2019-10-11 4:03,23.2,23.3
2019-10-11 5:22,Extruder 1,19-A-686,90310-000065100004,7050 0% 065T 1000W BK N/T,54507,2275,1250,500,2019-10-11 5:22,178.7,187.7,188.5,189.7,190.1,200.4,196.6,194.8,195.1,200,200.2,206,207.9,205,208,210,200.1,204.9,205,35.1,76.7,48.3,8.395,8.411,31.337,1860,205.4,14.5,225.854,2019-10-11 4:03,23.4,23.4
2019-10-11 4:53,Extruder 1,19-A-686,90310-000065100004,7050 0% 065T 1000W BK N/T,54507,2275,1250,250,2019-10-11 4:53,177.5,187.9,189.4,189.8,189.7,196.6,196.5,195,194.7,200,199.9,205.9,207.9,204.9,207.7,209.8,200,205,205,35,76.9,48.2,8.414,8.408,31.394,1869,205.2,16.7,226.471,2019-10-11 4:03,23.2,23.6
2019-10-11 4:23,Extruder 1,19-A-685,90310-000065100004,7050 0% 065T 1000W BK N/T,54507,2275,1250,1000,2019-10-11 4:23,177.9,188.1,190,189.1,189.5,189.4,196.8,194.9,195.1,200,199.9,206,208.1,205.2,208.1,210.1,200.2,205.1,205.1,35.1,76.9,48.3,8.401,8.404,31.196,1871,204.8,17.4,230.076,2019-10-11 2:04,23.4,23.6
2019-10-11 3:24,Extruder 1,19-A-685,90310-000065100004,7050 0% 065T 1000W BK N/T,54507,2275,1250,500,2019-10-11 3:24,178,188.1,189.6,189.3,189.8,198,196.8,195.1,195,200.1,199.7,206,207.9,204.7,208,209.9,200,205.1,205.1,35.1,76.8,48.2,8.386,8.396,31.431,1872,205.2,15.3,215.062,2019-10-11 2:04,22.8,23.4
2019-10-11 2:55,Extruder 1,19-A-685,90310-000065100004,7050 0% 065T 1000W BK N/T,54507,2275,1250,250,2019-10-11 2:55,177.9,187.9,190,190.4,190.3,201,197,195,195,200,199.9,206,207.9,205,207.9,210,199.9,205,205,35.1,76.8,48.2,8.407,8.401,31.519,1875,205.7,14.6,229.151,2019-10-11 2:04,22.5,23.4
2019-10-11 2:23,Extruder 1,19-A-684,90310-000065100004,7050 0% 065T 1000W BK N/T,54507,2275,1250,1000,2019-10-11 2:23,177.9,187.8,189.4,190.5,190.2,199.2,197.2,194.9,195,200,200.1,206,208,205,208,210,200,205,205,35.1,76.9,48.3,8.403,8.421,31.408,1900,206.2,15.6,233.871,2019-10-11 0:04,22.1,23.4
2019-10-11 1:25,Extruder 1,19-A-684,90310-000065100004,7050 0% 065T 1000W BK N/T,54507,2275,1250,500,2019-10-11 1:25,177.4,187.9,190.6,189.4,189.7,190.1,197.3,195.1,194.9,200,199.6,205.9,207.8,205,207.8,209.8,200.1,205,205,35.3,77.1,48.4,8.405,8.429,31.522,1933,205.9,15.2,228.463,2019-10-11 0:04,22.5,23.6
2019-10-11 0:55,Extruder 1,19-A-684,90310-000065100004,7050 0% 065T 1000W BK N/T,54507,2275,1250,250,2019-10-11 0:55,177.7,187.9,190.2,189.5,189.8,194.8,197.5,194.8,194.9,200,199.9,205.9,207.9,205,207.9,209.9,199.9,205,204.9,35.1,77.2,48.6,8.403,8.444,31.494,1936,206.2,15.7,228.819,2019-10-11 0:04,22.6,23.8
2019-10-11 0:25,Extruder 1,19-A-683,90310-000065100004,7050 0% 065T 1000W BK N/T,54507,2275,1250,1000,2019-10-11 0:25,178.5,188.1,190.9,189.3,189.9,198.8,197.6,194.8,195,200,199.9,206,208,205.1,208.3,210.3,200,205.1,205.1,35.4,77.3,48.7,8.407,8.446,31.508,1954,206.7,15.3,228.463,2019-10-10 22:07,23,24.1
2019-10-10 23:27,Extruder 1,19-A-683,90310-000065100004,7050 0% 065T 1000W BK N/T,54507,2275,1250,500,2019-10-10 23:27,177.9,188.1,190.1,189.8,190.1,195.6,197.5,195,195.1,200.1,199.5,205.9,208.1,205.1,208,210,200.1,205.2,205.1,35.3,77.3,48.7,8.399,8.364,31.474,1924,206.5,17.5,229.127,2019-10-10 22:07,22.6,24.1
2019-10-10 22:57,Extruder 1,19-A-683,90310-000065100004,7050 0% 065T 1000W BK N/T,54507,2275,1250,250,2019-10-10 22:57,178.4,188.1,190.3,189.2,190.1,189.1,197.5,195,195.1,200,200,206.1,208.1,205.1,208,210.1,200,205,205,35.5,77.4,48.8,8.403,8.434,31.474,1925,206,15.4,229.459,2019-10-10 22:07,22.5,24.1
2019-10-10 22:28,Extruder 1,19-A-682,90310-000065100004,7050 0% 065T 1000W BK N/T,54507,2275,1250,1000,2019-10-10 22:28,177.6,188.5,189.9,190,190,190.7,197.4,194.8,195,200,199.7,206,208.1,205,208.1,210.2,199.9,204.9,205,35.4,77.4,49,8.401,8.421,31.453,1909,205.9,16.4,227.965,2019-10-10 20:07,22.7,24.1
2019-10-10 21:29,Extruder 1,19-A-682,90310-000065100004,7050 0% 065T 1000W BK N/T,54507,2275,1250,500,2019-10-10 21:29,180.4,188.3,190.2,191,190.4,200.2,197,194.9,195,200,200.3,206,208.1,205.1,208.2,210,200.1,205.1,205.1,35.3,77.5,48.7,8.407,8.404,31.485,1894,206.1,14.9,224.81,2019-10-10 20:07,23.4,23.9
2019-10-10 20:59,Extruder 1,19-A-682,90310-000065100004,7050 0% 065T 1000W BK N/T,54507,2275,1250,250,2019-10-10 20:59,176,187.9,189.6,190.8,190.1,198.8,196.5,195,195,200,200.1,206.2,208.2,205.1,208.2,210,200.2,204.9,205,35.4,77.4,48.7,8.401,8.421,31.469,1864,205.6,17.7,225.593,2019-10-10 20:07,23.7,24.1
2019-10-10 20:09,Extruder 1,19-A-681,90310-000065100004,7050 0% 065T 1000W BK N/T,54507,2275,1250,1000,2019-10-10 20:09,184.2,187.8,189,190.2,189.8,192.2,197.1,195.2,194.9,200.1,199.6,206,207.9,205,208.2,210,200.1,205,205,35.6,77.5,48.9,8.395,8.411,24.041,1680,204.7,17.5,203.7,2019-10-10 17:56,24.7,24.1
2019-10-10 19:10,Extruder 1,19-A-681,90310-000065100004,7050 0% 065T 1000W BK N/T,54507,2275,1250,500,2019-10-10 19:10,169.9,187.5,189,189.7,189.9,195.6,197,194.8,194.9,200,199.7,206,208,205.1,207.9,209.9,200,205,205.1,35.4,77.6,49.2,8.414,8.406,32.173,1875,205.6,15.6,221.3,2019-10-10 17:56,25.3,24.4
2019-10-10 18:41,Extruder 1,19-A-681,90310-000065100004,7050 0% 065T 1000W BK N/T,54507,1766,1250,250,2019-10-10 18:41,179.1,188,189.3,189,189.6,200.1,197.2,195,195,200,200,206,207.9,205,207.8,209.9,200,205.1,205.1,35.6,77.7,49.3,8.384,8.37,32.171,1884,206,15.6,220.232,2019-10-10 17:56,25.6,24.3
2019-10-10 18:11,Extruder 1,19-A-680,90310-000065100004,7050 0% 065T 1000W BK N/T,54507,1766,1250,1000,2019-10-10 18:11,182.6,188,190.3,189.2,189.7,195.9,197.3,195.3,194.9,200,200.1,206,207.9,205.1,207.9,210,200.1,205.1,205,35.7,77.9,49.3,8.403,8.429,32.164,1893,206.3,16.2,225.688,2019-10-10 15:59,26,24.5
2019-10-10 17:13,Extruder 1,19-A-680,90310-000065100004,7050 0% 065T 1000W BK N/T,54507,1766,1250,500,2019-10-10 17:13,172.8,187.5,189.9,189.3,190.1,191.8,197.5,194.8,195,200,199.9,206,208,205.1,207.9,210,200,205.1,205,35.6,77.8,49.4,8.405,8.396,32.239,1918,206,15.7,221.537,2019-10-10 15:59,25.9,24.6
2019-10-10 16:43,Extruder 1,19-A-680,90310-000065100004,7050 0% 065T 1000W BK N/T,54507,1766,1250,250,2019-10-10 16:43,182.9,188.1,190.3,189.7,190,197.5,197.6,195,195,200,199.6,206,208.1,205.2,208,210,199.8,205,205.1,35.6,77.7,49.4,8.399,8.439,32.196,1915,206.4,15.3,228.202,2019-10-10 15:59,25.8,24.7
2019-10-10 16:14,Extruder 1,19-A-679,90310-000065100004,7050 0% 065T 1000W BK N/T,54507,1766,1250,1000,2019-10-10 16:14,179.2,188,189.9,190.4,190.2,201.2,197.6,194.7,195,200.1,199.9,206,207.9,205.3,208,210,200,205.1,205.1,35.6,77.7,49.4,8.291,8.292,32.212,1915,206.7,15.7,221.513,2019-10-10 13:59,25.7,24.7
2019-10-10 15:14,Extruder 1,19-A-679,90310-000065100004,7050 0% 065T 1000W BK N/T,54507,1766,1250,500,2019-10-10 15:14,171.5,188.2,189.2,189.3,189.8,190.6,197.4,195.1,195,200.1,200.5,206,207.9,205.1,208,210,200.2,205.2,205,35.6,77.9,49.4,8.306,8.27,32.082,1895,205.9,16.1,217.623,2019-10-10 13:59,24.9,24.4
2019-10-10 14:45,Extruder 1,19-A-679,90310-000065100004,7050 0% 065T 1000W BK N/T,54507,1766,1250,250,2019-10-10 14:45,183.1,188.1,190.8,190.6,189.9,189.8,197.3,194.7,195.1,199.9,200.1,206,208,205.2,208.2,210,200.1,205,205,35.5,77.7,49.2,8.301,8.275,32.109,1875,205.9,15.7,220.968,2019-10-10 13:59,24.4,24.3
2019-10-10 14:15,Extruder 1,19-A-678,90310-000065100004,7050 0% 065T 1000W BK N/T,54507,1766,1250,1000,2019-10-10 14:15,176.4,188.5,190.7,189.2,189.6,193.7,197.3,194.9,195.1,200.1,200.3,206,208.2,205.1,208.2,210.1,200,205,205.2,35.2,77.2,49,8.301,8.318,32.118,1849,205.9,15.9,210.958,2019-10-10 12:01,24.1,24.2
2019-10-10 13:15,Extruder 1,19-A-678,90310-000065100004,7050 0% 065T 1000W BK N/T,54507,1766,1250,500,2019-10-10 13:15,174.8,187.5,189.8,188.9,189.8,200.9,197.2,194.7,194.9,200,199.7,206,207.8,205.2,207.9,209.9,199.8,205,204.8,35.1,77.1,48.8,8.301,8.302,32.043,1834,206.2,15.5,218.24,2019-10-10 12:01,23.1,23.9
2019-10-10 12:46,Extruder 1,19-A-678,90310-000065100004,7050 0% 065T 1000W BK N/T,54507,1766,1250,250,2019-10-10 12:46,184.4,188.5,189.8,189.3,189.8,192.4,197.4,194.7,195.1,200.1,200.2,206.1,208.2,205.2,208.1,210,200,205.1,205.1,34.8,76.7,48.6,8.301,8.305,32.032,1864,206.3,15.5,215.346,2019-10-10 12:01,22.6,23.9
2019-10-10 11:17,Extruder 1,19-A-677,90310-000065100004,7050 0% 065T 1000W BK N/T,54507,1766,1250,500,2019-10-10 11:17,181.2,188.5,190.7,190.2,190.3,198.2,197.1,195.3,195,199.9,199.5,206.1,208.1,205.2,208.1,210.1,199.8,204.9,205,34.5,76.6,48.3,8.301,8.328,32.082,1850,206.3,14.7,216.793,2019-10-10 10:01,23.2,23.7
2019-10-10 10:47,Extruder 1,19-A-677,90310-000065100004,7050 0% 065T 1000W BK N/T,54507,1766,1250,250,2019-10-10 10:47,180,188.5,189.1,190,189.9,201,196.5,195.1,195,200,200.2,206.1,208.2,205.6,208.2,209.9,200,205,205,34.6,76.5,48.1,8.306,8.302,32.093,1839,205.9,15.3,214.398,2019-10-10 10:01,22.4,23.7
2019-10-10 9:00,Extruder 1,19-A-676,90310-000065100004,7050 0% 065T 1000W BK N/T,54507,1766,1250,1000,2019-10-10 9:00,175.8,188.2,189.5,189.6,189.8,200.6,196.9,195.2,195.2,200,199.6,206.1,208,205.1,208.2,210.1,199.9,205,205,34.5,76.3,47.9,8.003,8.04,31.579,1815,206.1,14.3,216.461,2019-10-10 6:44,22.7,23.6
2019-10-10 7:59,Extruder 1,19-A-676,90310-000065100004,7050 0% 065T 1000W BK N/T,54507,1766,1250,500,2019-10-10 7:59,176.7,188.4,190.5,189.6,189.9,189.9,196.6,195,195,200,200.1,206,208.2,205,208,210.1,200.1,205,205.1,34.3,76.2,47.8,8.098,8.137,33.109,1783,205.2,17.4,211.741,2019-10-10 6:44,22.7,23.6
2019-10-10 7:29,Extruder 1,19-A-676,90310-000065100004,7050 0% 065T 1000W BK N/T,54507,1766,1250,250,2019-10-10 7:29,168.6,187.7,190.2,189.9,189.9,191.7,196.6,195.1,195.1,199.9,200,206,208.1,205.1,208,210.2,200.1,204.8,204.9,34.5,76.3,47.8,7.992,8.06,32.134,1788,204.9,15.7,205.147,2019-10-10 6:44,22.9,23.6
2019-10-10 6:58,Extruder 1,19-A-675,90310-000065100004,7050 0% 065T 1000W BK N/T,54507,2275,1250,1000,2019-10-10 6:58,169.5,187.8,189.7,189.3,190.1,196.1,196.4,194.7,195.1,200,199.9,205.9,207.7,205.1,207.9,209.7,199.9,204.8,204.9,34.5,76.3,48,7.996,8.05,31.581,1778,205,14.9,209.701,2019-10-10 2:42,22.9,23.6
2019-10-10 5:57,Extruder 1,19-A-675,90310-000065100004,7050 0% 065T 1000W BK N/T,54507,2275,1250,500,2019-10-10 5:57,184.4,188.4,190,188.8,189.6,197.8,196.4,194.9,195.3,200,200.1,208.2,208.1,205.2,208.1,212.1,200,204.9,205,34.3,76.4,47.9,8.001,8.018,31.276,1761,205.1,16.3,206.997,2019-10-10 2:42,22.2,23.6
2019-10-10 5:26,Extruder 1,19-A-675,90310-000065100004,7050 0% 065T 1000W BK N/T,54507,2275,1250,250,2019-10-10 5:26,173.5,188.1,190.2,189.6,189.6,189.9,196.1,195.2,195,200,200.1,208.1,208.2,205.3,208.3,212.2,200.2,205.1,205,34.6,76.6,48,7.996,8.038,31.287,1771,204.5,17.1,209.156,2019-10-10 2:42,21.8,23.4
2019-10-10 4:54,Extruder 1,19-A-675,90310-000065100004,7050 0% 065T 1000W BK N/T,54507,2275,1250,250,2019-10-10 4:54,170.2,187.9,190.4,190,189.5,187.8,196,195.2,195.2,199.9,200.4,208.5,208.5,205.9,208.7,212.1,200.2,205,205,35.1,77,48.1,7.998,8.096,30.296,1750,203.6,15.7,202.917,2019-10-10 2:42,21.7,23.4
2019-10-10 0:52,Extruder 1,19-A-674,90310-000065100004,7050 0% 065T 1000W BK N/T,54507,2275,1250,500,2019-10-10 0:52,168.4,187.7,190.2,191,190,191.1,198.2,195,194.9,200,199.7,208,208,205.1,208,210.1,200.2,205,205,32,64.2,40.3,8.7,8.704,35.114,1875,206.6,15.6,207.875,2019-10-09 23:35,22,23.6
2019-10-10 0:24,Extruder 1,19-A-674,90310-000065100004,7050 0% 065T 1000W BK N/T,54507,2275,1250,250,2019-10-10 0:24,172.7,187.3,190.6,190.8,190.3,191.6,198,194.7,195.1,200,200.4,208.1,208,205.1,208,210,199.9,204.8,205.1,32,64,39.6,8.696,8.658,35.009,1865,206.4,15.1,211.765,2019-10-09 23:35,24.1,23.6
2019-10-09 23:55,Extruder 1,19-A-673,90310-000065100004,7050 0% 065T 1000W BK N/T,54507,2275,1250,1000,2019-10-09 23:55,183.6,188.2,189.8,190.4,190.1,196.6,197.9,194.9,195,199.9,199.7,207.9,208,205.1,208,209.9,199.8,205,205,31.7,64.2,40,8.702,8.694,35.027,1860,206.5,15.4,210.152,2019-10-09 21:38,21.6,23.7
2019-10-09 22:58,Extruder 1,19-A-673,90310-000065100004,7050 0% 065T 1000W BK N/T,54507,2275,1250,500,2019-10-09 22:58,174.8,187.9,189.6,190.6,190.2,191.4,198,195,195,200,199.7,207.9,208,205.1,207.9,210,200.1,205,205,31.1,64.3,39.8,8.7,8.691,34.913,1817,206.5,18,208.752,2019-10-09 21:38,24.8,23.9
2019-10-09 22:30,Extruder 1,19-A-673,90310-000065100004,7050 0% 065T 1000W BK N/T,54507,2275,1250,250,2019-10-09 22:30,183,188.2,190.4,190.7,190.1,191.4,197.9,194.7,194.7,200,199.8,208.1,208.1,204.7,208,210,200,204.9,205,31.3,64.3,39.8,8.7,8.674,34.932,1856,206.4,15.5,208.373,2019-10-09 21:38,23.9,23.8
2019-10-09 22:01,Extruder 1,19-A-672,90310-000065100004,7050 0% 065T 1000W BK N/T,54507,2275,1250,1000,2019-10-09 22:01,166.9,187.8,190,189.8,190.1,197.2,198.2,194.8,194.9,199.9,199.9,207.9,207.8,205,208,210,199.9,205,205.2,31.9,64.3,39.9,8.698,8.651,34.838,1828,206.7,15.4,205.242,2019-10-09 19:47,23.9,23.9
2019-10-09 21:04,Extruder 1,19-A-672,90310-000065100004,7050 0% 065T 1000W BK N/T,54507,2275,1250,500,2019-10-09 21:04,179.2,188.4,190.1,191,190.1,192.3,198.4,195,195,200,200.1,208,208,205,207.9,209.8,200.1,205,205,31.3,64.4,40.7,8.702,8.671,35.068,1856,207,15.8,212.381,2019-10-09 19:47,23.6,23.9
2019-10-09 20:36,Extruder 1,19-A-672,90310-000065100004,7050 0% 065T 1000W BK N/T,54507,2275,1250,250,2019-10-09 20:36,167.6,188.1,189.8,189.9,190.2,190.7,198.5,194.6,195,200,200.3,208.3,208,204.8,207.6,209.6,200,205,205.1,31.3,64.3,40.2,8.709,8.694,35.075,1855,207,15.4,208.847,2019-10-09 19:47,23.1,23.9
2019-10-09 20:07,Extruder 1,19-A-671,90310-000065100004,7050 0% 065T 1000W BK N/T,54507,2275,1250,1000,2019-10-09 20:07,181.2,187.9,189.9,189,190,196.3,198.6,195.2,194.9,200,200.4,208.1,207.9,205,207.9,209.9,199.9,205.1,205,31.3,64.3,40.4,8.7,8.666,35.087,1879,207.3,14.9,205.337,2019-10-09 17:59,22.9,23.9
2019-10-09 19:10,Extruder 1,19-A-671,90310-000065100004,7050 0% 065T 1000W BK N/T,54507,2275,1250,500,2019-10-09 19:10,168,187.2,189.1,190,189.8,193.4,198.6,194.7,194.9,200,200.6,208,207.8,205,208.1,210,199.9,205,205.1,31.4,64.3,40.5,8.696,8.666,35.071,1882,207.7,15.8,210.413,2019-10-09 17:59,22.7,24.1
2019-10-09 18:42,Extruder 1,19-A-671,90310-000065100004,7050 0% 065T 1000W BK N/T,54507,1766,1250,250,2019-10-09 18:42,181.4,187.8,190.3,190.4,190.1,189.8,198.8,195,194.9,199.9,199.9,208.6,207.9,205,207.9,209.8,199.9,204.9,205,31.5,64.7,40.8,8.705,8.684,35.077,1888,207.5,15.8,209.583,2019-10-09 17:59,23.2,24.2
2019-10-09 18:13,Extruder 1,19-A-670,90310-000065100004,7050 0% 065T 1000W BK N/T,54507,1766,1250,1000,2019-10-09 18:13,170.7,188.1,189.8,190.6,190,195.2,199,195,194.9,200,200.2,208,208,205.2,208,210,200,204.8,204.9,31.8,64.7,40.9,8.698,8.694,35.08,1918,207.9,16.1,209.725,2019-10-09 16:11,23.6,24.2
2019-10-09 17:17,Extruder 1,19-A-670,90310-000065100004,7050 0% 065T 1000W BK N/T,54507,1766,1250,500,2019-10-09 17:17,184.9,188.5,189.8,189.8,189.8,195.4,198.8,195,195.1,200,200.2,208,208,205.2,208,210,200.1,205,205.1,32.2,64.9,40.5,8.8,8.776,35.109,1944,208,16.8,219.26,2019-10-09 16:11,25.2,24.3
2019-10-09 16:49,Extruder 1,19-A-670,90310-000065100004,7050 0% 065T 1000W BK N/T,54507,1766,1250,250,2019-10-09 16:49,167.2,187.4,189.2,189.5,186.7,188.9,198.2,195.1,195.2,200,200,208.1,208.2,205.3,208.1,210.1,200.2,205,204.9,33.9,64.9,41.2,8.908,8.911,35.112,1963,207.2,18.9,220.351,2019-10-09 16:11,24.3,24.1
2019-10-09 15:51,Extruder 1,19-A-669,90310-000065100004,7050 0% 065T 1000W BK N/T,54507,1766,1250,1000,2019-10-09 15:51,184,188.4,189.3,189.5,189.9,200.6,198.9,195.1,194.9,200.1,200.2,207.9,208,205.1,207.9,210,199.9,205.1,205.1,31.1,64.8,40.5,8.89,8.873,35.098,1948,208.4,15.7,218.287,2019-10-09 13:45,25.5,24.3
2019-10-09 14:55,Extruder 1,19-A-669,90310-000065100004,7050 0% 065T 1000W BK N/T,54507,1766,1250,500,2019-10-09 14:55,175.5,188.1,190,190.2,190.1,190.6,198.6,195,195,199.9,199.8,208,208.1,205.1,208.2,210,200.1,205.1,204.9,30.7,64.8,40.3,8.698,8.633,35.091,1893,207.5,15.3,217.268,2019-10-09 13:45,24.4,24.1
2019-10-09 14:27,Extruder 1,19-A-669,90310-000065100004,7050 0% 065T 1000W BK N/T,54507,1766,1250,250,2019-10-09 14:27,185.1,187.8,190.3,189.8,190.1,195.5,198.6,195.1,195,200,200.5,208,208,205,207.9,210,200,205.1,205,25.3,64.6,40.3,8.702,8.704,35.08,1915,207.4,18,212.239,2019-10-09 13:45,23.7,23.9
2019-10-09 13:58,Extruder 1,19-A-668,90310-000065100004,7050 0% 065T 1000W BK N/T,54507,1766,1250,1000,2019-10-09 13:58,171.2,187.9,190.4,190.2,189.8,200.2,198.6,195.1,195,200,200.3,208,208,205.1,208,210,200,205.1,205,22.4,64.6,40.2,8.698,8.641,35.107,1880,207.7,16.4,210.792,2019-10-09 11:53,23.4,23.9
2019-10-09 13:02,Extruder 1,19-A-668,90310-000065100004,7050 0% 065T 1000W BK N/T,54507,1766,1250,500,2019-10-09 13:02,184.2,188.6,190.3,190.1,190.2,189.7,198.6,194.9,195,200,200.2,208,208,205,207.9,210,200.2,205,204.9,18.6,64.5,40,8.906,8.893,35.091,1862,207.2,16.9,212.547,2019-10-09 11:53,23.8,23.8
2019-10-09 12:35,Extruder 1,19-A-668,90310-000065100004,7050 0% 065T 1000W BK N/T,54507,1766,1250,250,2019-10-09 12:35,169.6,188.1,190,189.2,189.9,196.1,198.6,195,195,199.9,200.7,208.1,208,205.1,208.1,210,199.9,205,205.1,21.9,64.3,39.9,8.899,8.855,35.034,1869,207.7,19.1,212.381,2019-10-09 11:53,23.1,22.9
2019-10-09 12:07,Extruder 1,19-A-667,90310-000065100004,7050 0% 065T 1000W BK N/T,54507,1766,1250,1000,2019-10-09 12:07,176.5,187.7,189.7,190.3,190.4,200.8,198.8,194.9,195,200,200,208,207.9,205,207.9,209.9,200,205,205,28.6,64.1,39.9,8.897,8.867,35.13,1881,208.1,26.9,211.694,2019-10-09 10:02,23.2,23.4
2019-10-09 11:11,Extruder 1,19-A-667,90310-000065100004,7050 0% 065T 1000W BK N/T,54507,1766,1250,500,2019-10-09 11:11,169.1,187.5,190.2,190.5,189.7,191.1,198.9,194.9,195.2,200,199.8,207.9,208,205.1,207.7,209.9,200.1,205,205.2,28.2,63.9,39.7,8.903,8.915,35.057,1900,207.8,29.5,213.212,2019-10-09 10:02,23.5,24.3
2019-10-09 10:44,Extruder 1,19-A-667,90310-000065100004,7050 0% 065T 1000W BK N/T,54507,1766,1250,250,2019-10-09 10:44,180.4,187.8,190,190.4,190.4,197.6,198.8,194.2,195,200,200.4,208,208,205.1,208.1,210,199.8,204.9,205.1,29.1,63.8,39.4,8.903,8.87,35.107,1905,208.3,30.4,216.437,2019-10-09 10:02,23.9,25.3
2019-10-09 10:16,Extruder 1,19-A-666,90310-000065100004,7050 0% 065T 1000W BK N/T,54507,1766,1250,1000,2019-10-09 10:16,178.8,188.4,190.1,189.1,189.7,200.3,198.9,195.2,195.3,200,200.2,208,207.8,205.2,208.2,210,200,205,205,31,63.8,39.5,8.903,8.885,35.041,1893,208.4,33,218.62,2019-10-09 8:12,24.6,27.1
2019-10-09 9:21,Extruder 1,19-A-666,90310-000065100004,7050 0% 065T 1000W BK N/T,54507,1766,1250,500,2019-10-09 9:21,181.7,188.6,189.8,189.1,190,191.1,198.6,195,195.2,200,200.1,208,208,205.2,208.2,210.2,199.9,205,205,29.5,63.5,39.2,8.906,8.901,35.036,1891,207.6,30.7,209.63,2019-10-09 8:12,23.1,24.5
2019-10-09 8:53,Extruder 1,19-A-666,90310-000065100004,7050 0% 065T 1000W BK N/T,54507,1766,1250,250,2019-10-09 8:53,178.3,188.6,190.4,189.6,189.9,197.5,198.6,194.8,195,200,200,208,207.8,205.1,208,210,200,205,204.8,28.6,63.5,39.2,8.899,8.929,35.194,1860,207.7,28.7,215.204,2019-10-09 8:12,22.5,23.7
2019-10-09 8:25,Extruder 1,19-A-665,90310-000065100004,7050 0% 065T 1000W BK N/T,54507,1766,1250,1000,2019-10-09 8:25,171,187.7,190,190.9,190.3,198.9,198.4,195.1,194.9,199.9,199.9,208,208.3,205.1,207.9,210.1,200.1,205,205.1,29,63.3,39.2,8.698,8.688,35.118,1834,207.8,28.7,215.062,2019-10-09 6:11,22.6,23.7
2019-10-09 7:28,Extruder 1,19-A-665,90310-000065100004,7050 0% 065T 1000W BK N/T,54507,1766,1250,500,2019-10-09 7:28,178,188.6,190.4,190.1,189.8,192.4,198.3,195,195.1,200,200.1,208,207.9,205.1,208.2,210.2,199.9,204.8,204.8,29.1,63.4,39.2,8.705,8.698,35.159,1854,207.2,28.4,212.002,2019-10-09 6:11,22.4,23.4
2019-10-09 7:00,Extruder 1,19-A-665,90310-000065100004,7050 0% 065T 1000W BK N/T,54507,1766,1250,250,2019-10-09 7:00,170.8,187.3,189.5,190.6,190.1,197.9,198.1,195.1,194.8,200,199.9,208.1,208,205,207.9,210,199.8,204.9,205.1,29.2,63.3,39.1,8.7,8.684,35.075,1804,207.2,28.2,206.309,2019-10-09 6:11,22.4,23.4
2019-10-09 6:29,Extruder 1,19-A-664,90310-000065100004,7050 0% 065T 1000W BK N/T,54507,1251,1250,1000,2019-10-09 6:29,174.2,187.7,189.9,190,190,199.9,198.4,195.2,195,200.1,200.5,208,208,205.1,208,209.8,199.9,205.1,204.9,28.7,63,39.2,8.698,8.694,35.13,1816,207.5,28.1,210.033,2019-10-09 4:15,22.5,23.2
2019-10-09 5:33,Extruder 1,19-A-664,90310-000065100004,7050 0% 065T 1000W BK N/T,54507,1251,1250,500,2019-10-09 5:33,172.7,188.1,190.2,189.5,189.7,191.1,198.4,195,195,199.9,199.5,208,208,205.1,208.1,210,200.1,204.8,205,28.9,63.4,39.2,8.702,8.688,35.071,1819,207.1,28.3,208.468,2019-10-09 4:15,22.5,23.2
2019-10-09 5:04,Extruder 1,19-A-664,90310-000065100004,7050 0% 065T 1000W BK N/T,54507,1251,1250,250,2019-10-09 5:04,175.2,187.6,190.4,189.6,190.3,196.6,198.3,195.1,195,200.1,200.4,208,207.9,204.9,208.1,210,199.8,205,204.8,29.1,63.5,39.2,8.702,8.641,35.109,1831,207.3,28.1,212.144,2019-10-09 4:15,22.6,23.3
2019-10-09 4:35,Extruder 1,19-A-663,90310-000065100004,7050 0% 065T 1000W BK N/T,54507,1251,1250,1000,2019-10-09 4:35,184,188.3,190,190,190.1,200.2,198.2,195,194.8,200,200.2,208.1,208.1,205.1,207.8,209.9,199.9,204.9,204.9,28.9,63.3,39.2,8.698,8.712,35.109,1829,207.6,28.4,213.378,2019-10-09 2:22,22.6,23.4
2019-10-09 3:39,Extruder 1,19-A-663,90310-000065100004,7050 0% 065T 1000W BK N/T,54507,1251,1250,500,2019-10-09 3:39,171.5,187.7,189.5,190.6,189.9,189.4,198.5,195,195.1,200,200.2,208,207.8,205.2,208.2,210.1,200.1,205.1,205,28.9,63.5,43.5,8.702,8.702,35.141,1810,207.2,28.1,210.674,2019-10-09 2:22,22.5,23.2
2019-10-09 3:10,Extruder 1,19-A-663,90310-000065100004,7050 0% 065T 1000W BK N/T,54507,1251,1250,250,2019-10-09 3:10,181.2,188.3,190.1,190.4,189.9,193.6,198.4,194.9,194.8,199.9,200.3,208,208.1,205,207.8,209.9,199.8,204.9,204.8,29.2,63.7,39.2,8.705,8.661,35.103,1817,207.1,28.1,206.641,2019-10-09 2:22,22.7,23.4
2019-10-09 2:42,Extruder 1,19-A-662,90310-000065100004,7050 0% 065T 1000W BK N/T,54507,1251,1250,1000,2019-10-09 2:42,183.1,188.1,190.2,190.1,190.1,198.5,198.6,195.1,195,199.9,200.3,208,207.8,204.7,207.8,209.8,199.9,204.9,205,29.1,63.6,39.2,8.705,8.728,35.062,1806,207.6,28.2,208.942,2019-10-08 23:47,22.7,23.3
2019-10-09 0:56,Extruder 1,19-A-662,90310-000065100004,7050 0% 065T 1000W BK N/T,54507,1251,1250,500,2019-10-09 0:56,177.9,188.3,190.1,189.5,190.9,195.8,198.3,195.2,195,200.1,200.1,208.5,207.9,205.6,208.2,209.9,199.9,205,205,28.7,63.4,47.5,8.501,8.492,34.827,1922,208.4,27.6,226.471,2019-10-08 23:47,21.9,22.5
2019-10-09 0:27,Extruder 1,19-A-662,90310-000065100004,7050 0% 065T 1000W BK N/T,54507,1251,1250,250,2019-10-09 0:27,183.8,187.9,189.4,191,188.5,189.5,197.1,195.2,195.3,200,199.8,211.1,208.9,206.1,209.2,210.5,200,205,204.8,24.7,63.4,47.7,7.802,7.783,36.617,1994,207.5,23.3,218.952,2019-10-08 23:47,22.4,22.6
2019-10-08 22:47,Extruder 1,19-A-661,90310-000065070004,7050 0% 065T 700W BK N/T,54506,1251,1250,1000,2019-10-08 22:47,177.9,188,190,190.1,190.2,191.6,195.1,194.9,195,200,200,215.2,208.2,205.4,208.2,210,200.1,204.9,205,27,63,47.5,11.997,12.013,22.025,1700,202.1,24.4,187.856,2019-10-08 20:17,22.6,22.8
2019-10-08 21:44,Extruder 1,19-A-661,90310-000065070004,7050 0% 065T 700W BK N/T,54506,1251,1250,500,2019-10-08 21:44,178,188.1,190,189.8,190.1,198.1,194.8,195,194.9,200,200,215,208,205,208,210,199.9,205.1,204.9,27.5,63,47.7,7.597,7.612,21.982,1686,202.2,24.8,190.489,2019-10-08 20:17,22.4,23.1
2019-10-08 21:11,Extruder 1,19-A-661,90310-000065070004,7050 0% 065T 700W BK N/T,54506,1251,1250,250,2019-10-08 21:11,177.7,188,190.1,190.5,190.3,199.9,195.1,194.9,195,200,199.9,215,208.1,205.1,208,210,199.9,204.9,204.9,27.4,63.1,47.9,7.6,7.586,21.984,1696,202.5,24.6,193.24,2019-10-08 20:17,23.1,23.3
2019-10-08 20:36,Extruder 1,19-A-660,90310-000065070004,7050 0% 065T 700W BK N/T,54506,1251,1250,1000,2019-10-08 20:36,178,188.2,190,189.9,190.3,197.9,195,195,195.1,200.1,200.2,214.9,207.9,204.9,208,209.9,199.9,205.1,205,27,63.3,47.9,7.602,7.614,21.989,1713,202.4,23.8,203.771,2019-10-08 18:10,23.1,23.4
2019-10-08 19:31,Extruder 1,19-A-660,90310-000065070004,7050 0% 065T 700W BK N/T,54506,1251,1250,500,2019-10-08 19:31,178,187.9,189.8,190.2,190.1,201,194.9,195,194.9,200,200.2,214.9,208,205,208,210,199.9,205,205,27.3,63.6,48.3,7.6,7.622,22.052,1664,202.3,24.4,187.453,2019-10-08 18:10,23.9,23.9
2019-10-08 18:59,Extruder 1,19-A-660,90310-000065070004,7050 0% 065T 700W BK N/T,54506,2262,1250,250,2019-10-08 18:59,177.9,188.1,190,190.1,189.9,199.2,195.2,195.2,194.9,200,199.5,214.9,207.8,204.9,207.9,209.8,200,205.1,205.1,30.3,63.4,48.6,7.597,7.578,21.943,1652,202.6,23.6,192.481,2019-10-08 18:10,23.9,23.9
2019-10-08 18:26,Extruder 1,19-A-659,90310-000065070004,7050 0% 065T 700W BK N/T,54506,2262,1250,1000,2019-10-08 18:26,178.1,188,190,190.1,190,196.3,195.2,195,194.9,200.1,199.5,215,208,205.1,208,209.9,200.1,204.9,205.1,30,63.7,48.7,7.6,7.594,21.989,1617,202.8,24.5,185.887,2019-10-08 11:20,24.7,23.6
2019-10-08 17:22,Extruder 1,19-A-659,90310-000065070004,7050 0% 065T 700W BK N/T,54506,2262,1250,500,2019-10-08 17:22,177.8,188,190,190,189.9,188.8,195.3,194.9,195,200,200.1,215.1,208,205.1,207.9,210,200.2,205.1,204.8,27.9,64.1,48.6,7.647,7.644,22.009,1555,201.7,22,180.147,2019-10-08 11:20,24.8,24.1
2019-10-08 16:49,Extruder 1,19-A-659,90310-000065070004,7050 0% 065T 700W BK N/T,54506,2262,1250,250,2019-10-08 16:49,177.8,187.9,189.7,189.8,189.6,189.2,195.2,194.9,195,199.9,200.2,214.9,208.2,205.3,208,210,200.1,204.9,205.1,19.4,64,48.6,7.659,7.636,21.973,1568,201.5,16.8,177.585,2019-10-08 11:20,24.1,23.9
2019-10-08 16:02,Extruder 1,19-A-659,90310-000065070004,7050 0% 065T 700W BK N/T,54506,2262,1250,250,2019-10-08 16:02,177.3,187.4,189.4,189.6,189.7,195.5,195.5,195.2,195,200,199.9,210,207.8,205.4,207.6,210.1,199.9,205,204.9,30.4,64,48.6,10.004,9.916,21.979,1615,201.8,19.9,187.69,2019-10-08 11:20,24.7,23.9
2019-10-08 14:19,Extruder 1,19-A-659,90310-000065070004,7050 0% 065T 700W BK N/T,54506,2262,1250,500,2019-10-08 14:19,177.7,187.8,189.7,189.3,189.5,198.7,195.6,195.4,195.2,200,200.2,215.3,208.2,205.3,207.9,215.1,200.2,205.1,205.1,28.4,65.6,48.5,7.401,7.399,21.979,1698,201.6,17.2,184.322,2019-10-08 11:20,22.6,23.9
2019-10-08 13:02,Extruder 1,19-A-659,90310-000065070004,7050 0% 065T 700W BK N/T,54506,2262,1250,250,2019-10-08 13:02,175.6,187.5,189.7,189.5,189.1,186.8,195.1,194.9,195.1,199.9,199.8,215.3,208.1,205.1,207.8,215,200.1,204.9,204.9,29.4,65.4,48.3,9.001,8.989,22.014,1700,201.2,29,184.535,2019-10-08 11:20,24.1,24.6
2019-10-08 11:36,Extruder 1,19-A-658,90310-000065070004,7050 0% 065T 700W BK N/T,54506,2262,1250,1000,2019-10-08 11:36,177.9,188,190.3,190.1,189.9,189,195.3,195.1,195.2,200,200.1,214.9,207.8,205.1,208.2,215,200.2,205.1,205.1,33.5,64.9,47.8,7.502,7.526,22.055,1685,202.4,23.6,186.243,2019-10-08 9:10,22.5,23.2
2019-10-08 10:30,Extruder 1,19-A-658,90310-000065070004,7050 0% 065T 700W BK N/T,54506,2262,1250,500,2019-10-08 10:30,178,188.1,189.9,190,189.9,188.9,195,195,195.1,200,200,214.9,207.7,205,208.2,214.9,200.1,204.9,205,27.8,64.5,47.1,7.5,7.511,22.052,1681,202.1,23.9,195.991,2019-10-08 9:10,21.9,23
2019-10-08 9:57,Extruder 1,19-A-658,90310-000065070004,7050 0% 065T 700W BK N/T,54506,2262,1250,250,2019-10-08 9:57,178.1,188.1,190.2,190.1,189.9,189.2,195,194.7,195,199.9,200,215.1,208.4,205.1,207.8,215.1,200.1,205,205.1,27.2,64.1,47.1,7.5,7.496,22.007,1690,202.1,23.3,194.07,2019-10-08 9:10,22.8,22.9
2019-10-08 9:24,Extruder 1,19-A-657,90310-000065070004,7050 0% 065T 700W BK N/T,54506,2262,1250,1000,2019-10-08 9:24,177.8,188,190.1,190,189.8,189.8,195.2,194.9,195.2,200,199.9,215,207.9,205.1,208.2,214.8,199.9,205.1,205.1,27.7,64,46.9,7.498,7.501,21.986,1692,202.1,23,187.737,2019-10-08 6:48,20.5,22.8
2019-10-08 8:19,Extruder 1,19-A-657,90310-000065070004,7050 0% 065T 700W BK N/T,54506,2262,1250,500,2019-10-08 8:19,178.1,188,190.1,189.8,190,193.3,194.9,195.1,195.1,200,200,214.9,208.1,205.1,208.3,215.3,200,205,205.1,26.4,64,46.8,7.602,7.582,22.046,1697,202,21,187.998,2019-10-08 6:48,21.2,22.1
2019-10-08 7:47,Extruder 1,19-A-657,90310-000065070004,7050 0% 065T 700W BK N/T,54506,2262,1250,250,2019-10-08 7:47,176.9,187.8,190.2,189.8,189.4,195.6,195,195,194.8,200,199.9,215.1,208.2,205.1,208.1,215.2,199.9,205.1,205,21.4,64.6,47,7.6,7.65,21.989,1686,202.1,22.6,188.046,2019-10-08 6:48,20.6,21.7
2019-10-08 6:53,Extruder 1,19-A-656,90310-000065060004,7050 0% 065T 600W BK N/T,54506,1791,1250,1000,2019-10-08 6:53,178.1,187.8,190.1,189.7,190,191.1,195,195.2,195,199.9,200.2,215,208,204.9,207.9,215,200.1,204.9,204.8,22.7,64.7,47.1,11.999,12.066,22.039,1688,202,23.9,192.149,2019-10-08 4:21,20.7,21.8
2019-10-08 5:48,Extruder 1,19-A-656,90310-000065060004,7050 0% 065T 600W BK N/T,54506,1791,1250,500,2019-10-08 5:48,178.1,187.9,190,190.1,189.8,195.7,195,194.9,194.9,200,200,215,208.1,205.1,208,215,200,204.9,205.1,23.1,64.7,47.2,7.6,7.63,22.009,1799,202.8,23.1,200.569,2019-10-08 4:21,20.7,22.1
2019-10-08 5:16,Extruder 1,19-A-656,90310-000065060004,7050 0% 065T 600W BK N/T,54506,1791,1250,250,2019-10-08 5:16,178,187.9,190.1,190.2,190.1,197.7,194.9,194.8,195,200,200.1,215,208,205.1,208,214.9,199.9,205.1,204.9,34.5,64.7,47.3,7.602,7.67,22.025,1808,202.6,20.6,198.695,2019-10-08 4:21,20.7,22.1
2019-10-08 4:43,Extruder 1,19-A-655,90310-000065060004,7050 0% 065T 600W BK N/T,54506,1791,1250,1000,2019-10-08 4:43,178,188.1,190,190.2,190.3,199.1,195.2,195,195,200,199.9,215,208,205,208,215,199.9,205.1,205,25.9,64.7,47.3,7.611,7.644,22.011,1811,202.9,23,210.958,2019-10-08 2:10,21.2,22.1
2019-10-08 3:39,Extruder 1,19-A-655,90310-000065060004,7050 0% 065T 600W BK N/T,54506,1791,1250,500,2019-10-08 3:39,178.1,188,190.1,190.1,190.1,201.2,195,195.3,195,199.9,200.1,215.1,208,205,207.9,215,199.8,204.9,205,23,64.6,47.5,7.498,7.562,22.002,1813,202.9,24,202.491,2019-10-08 2:10,22.1,22.4
2019-10-08 3:06,Extruder 1,19-A-655,90310-000065060004,7050 0% 065T 600W BK N/T,54506,1791,1250,250,2019-10-08 3:06,178.1,188,190.1,189.9,190.1,201.1,195,195,195,200,200,214.9,207.9,205,207.8,214.9,199.8,204.7,205,23.4,65,47.5,7.489,7.551,21.982,1789,202.9,24.8,197.509,2019-10-08 2:10,21.8,22.4
2019-10-08 2:33,Extruder 1,19-A-654,90310-000065060004,7050 0% 065T 600W BK N/T,54506,1791,1250,1000,2019-10-08 2:33,178,188.1,189.9,190.1,190,201.1,195,195,194.9,200,200,215,208,204.9,208,215,199.9,205.1,205,23.2,65.1,47.7,7.5,7.574,22.009,1784,203.2,24.7,203.25,2019-10-07 23:31,22.3,22.7
2019-10-08 1:27,Extruder 1,19-A-654,90310-000065060004,7050 0% 065T 600W BK N/T,54506,1791,1250,500,2019-10-08 1:27,177.7,187.8,190.1,189.9,189.8,197.6,195.1,195.1,194.9,200.1,200.1,215.1,208,205.1,207.8,215,200,205,205,23.6,65.3,47.7,7.398,7.445,22.021,1744,203.1,25.3,196.418,2019-10-07 23:31,22.9,22.9
2019-10-08 0:54,Extruder 1,19-A-654,90310-000065060004,7050 0% 065T 600W BK N/T,54506,1791,1250,250,2019-10-08 0:54,177.4,187.9,190.5,189.8,190.1,196.3,195.3,195,195.1,200,200.1,215.1,208.1,205,208.1,214.9,199.9,205,205,23.6,65.4,47.9,7.394,7.44,22.009,1756,203.1,25.3,199.526,2019-10-07 23:31,22.8,23.1
2019-10-07 23:42,Extruder 1,19-A-653,90310-000065060004,7050 0% 065T 600W BK N/T,54506,1791,1250,1000,2019-10-07 23:42,178.2,188,190.2,190.1,190,201.2,194.8,195.2,195,200,199.5,214.9,207.9,204.7,208.1,214.9,199.9,204.9,205,24.6,65.3,47.8,7.498,7.536,22.018,1763,202.9,25.6,201.518,2019-10-07 21:06,23.1,23.4
2019-10-07 22:35,Extruder 1,19-A-653,90310-000065060004,7050 0% 065T 600W BK N/T,54506,1791,1250,500,2019-10-07 22:35,178,187.9,190.1,190.1,190.2,200.7,195,195,195,200,200.2,215.1,208.1,205.1,208,215,199.9,204.9,204.9,24.9,65.1,47.7,7.31,7.342,21.998,1734,203.2,25.6,195.043,2019-10-07 21:06,23.3,23.6
2019-10-07 22:02,Extruder 1,19-A-653,90310-000065060004,7050 0% 065T 600W BK N/T,54506,1791,1250,250,2019-10-07 22:02,178,188,190,190.1,190.2,199.6,195.1,195.2,195.2,200,199.5,215,207.8,205.1,208.3,215.1,200,205,205,24.8,65,47.8,7.295,7.339,22.05,1761,203.5,25.5,190.323,2019-10-07 21:06,23.2,23.6
2019-10-07 21:28,Extruder 1,19-A-652,90310-000065060004,7050 0% 065T 600W BK N/T,54506,1791,1250,1000,2019-10-07 21:28,178.1,187.9,190.1,190.1,190.2,199.2,195,195,194.9,200,200.3,215.1,208,204.8,208,215,199.9,205,205.1,24.8,65.1,47.9,7.29,7.359,22.05,1722,203,25.1,195.778,2019-10-07 18:51,23.2,23.6
2019-10-07 20:21,Extruder 1,19-A-652,90310-000065060004,7050 0% 065T 600W BK N/T,54506,1791,1250,500,2019-10-07 20:21,177.9,188.1,190.1,190,190,197.9,195,195,194.9,200,199.9,215.1,208.3,204.8,207.9,214.9,199.9,204.9,204.9,26.8,65.1,47.9,7.306,7.377,21.97,1728,203.1,24.9,192.6,2019-10-07 18:51,23.4,23.6
2019-10-07 19:47,Extruder 1,19-A-652,90310-000065060004,7050 0% 065T 600W BK N/T,54506,1791,1250,250,2019-10-07 19:47,178,187.9,189.9,190.1,190.1,196.8,195,194.9,195,199.9,200,215,208,205,208,214.9,199.9,205.1,205.1,32,65.1,48,7.306,7.365,22.055,1742,202.8,23.9,192.291,2019-10-07 18:51,23.5,23.6
2019-10-07 19:13,Extruder 1,19-A-651,90310-000065060004,7050 0% 065T 600W BK N/T,54506,1251,1250,1000,2019-10-07 19:13,177.8,188,190.1,190,190,194.9,195,195,195,199.9,199.9,214.9,208.1,204.7,208,215,200.1,205,205,35.6,65.1,48,7.295,7.362,22.043,1737,202.8,22.9,195.185,2019-10-07 16:43,23.1,23.4
2019-10-07 18:06,Extruder 1,19-A-651,90310-000065060004,7050 0% 065T 600W BK N/T,54506,2262,1250,500,2019-10-07 18:06,176.8,187.8,190.1,189.9,190.1,194.4,195,195.6,194.9,200.1,199.7,214.9,208,205,208.1,215,200.1,205,205.1,25.4,65.3,48.1,7.343,7.387,21.984,1752,202.8,26.5,192.078,2019-10-07 16:43,23.6,23.6
2019-10-07 17:33,Extruder 1,19-A-651,90310-000065060004,7050 0% 065T 600W BK N/T,54506,2262,1250,250,2019-10-07 17:33,180.6,188,190,189.9,190.4,193.6,194.9,195.1,194.9,200,199.9,215,208,205.1,208,214.9,200.1,204.9,204.8,26,65.3,48.1,7.366,7.413,22.039,1749,202.6,26.8,193.454,2019-10-07 16:43,23.8,23.6
2019-10-07 16:59,Extruder 1,19-A-650,90310-000065060004,7050 0% 065T 600W BK N/T,54506,2262,1250,1000,2019-10-07 16:59,179.4,187.9,189.9,189.9,189.9,192.9,195,194.8,194.9,200,199.9,214.9,208,204.7,208,214.8,200.1,205.1,204.9,26.1,65.5,48.3,7.341,7.385,21.968,1742,202.6,27.1,195.446,2019-10-06 18:52,24,23.7
2019-10-07 15:53,Extruder 1,19-A-650,90310-000065060004,7050 0% 065T 600W BK N/T,54506,2262,1250,500,2019-10-07 15:53,175.2,187.8,189.9,190,189.9,192,195.2,195.2,195.2,200,200,214.9,207.9,204.8,208,214.8,200.1,205.1,205,25.7,65.6,48.3,7.396,7.471,22.039,1738,202.7,26.7,193.857,2019-10-06 18:52,24.4,23.9
2019-10-07 15:20,Extruder 1,19-A-650,90310-000065060004,7050 0% 065T 600W BK N/T,54506,2262,1250,250,2019-10-07 15:20,174.9,187.9,189.8,190,189.8,192.6,195.3,194.9,195.1,200,199.7,214.8,208.4,205.2,208.3,214.9,200,205,205.1,28.1,65.3,48.2,7.398,7.468,22.005,1741,202.7,26.2,194.948,2019-10-06 18:52,23.9,24.1
2019-10-07 14:42,Extruder 1,19-A-650,90310-000065060004,7050 0% 065T 600W BK N/T,54506,2262,1250,250,2019-10-07 14:42,170.3,187.5,190.2,189.9,189.2,187.9,195.7,195,195.2,200,200.1,215.1,208.9,205.2,208.9,215.1,200.2,205,205.1,26.8,65.5,48.3,7.5,7.544,22.041,1761,202.7,22.4,197.177,2019-10-06 18:52,23.7,24.1
2019-08-25 5:13,Extruder 1,19-A-532,90310-000065100004,7050 0% 065T 1000W BK N/T,53775,1766,1250,1000,2019-08-25 5:13,178.9,188.3,189.2,190,190.1,200.2,198.7,194.9,194.9,200,199.4,207.9,208,205.2,207.9,211.9,199.9,205,205.1,32.4,73.1,46.9,9.194,9.263,34.046,2191,207.9,15.3,233.752,2019-08-25 3:22,22.3,23.4
2019-08-25 4:19,Extruder 1,19-A-532,90310-000065100004,7050 0% 065T 1000W BK N/T,53775,1766,1250,500,2019-08-25 4:19,177.4,187.8,190.5,190.1,190.2,192.1,198.7,195.1,194.9,200,200.3,208,208,205,208,212.1,200,205.1,204.8,32.4,73.4,47,9.09,9.128,34.055,2156,207.6,14.3,233.61,2019-08-25 3:22,22.2,23.6
2019-08-25 3:52,Extruder 1,19-A-532,90310-000065100004,7050 0% 065T 1000W BK N/T,53775,1766,1250,250,2019-08-25 3:52,177.5,187.9,190.1,189.4,189.8,199.8,198.6,195.1,194.9,200,200,208,207.9,205.2,207.9,211.9,199.9,205,204.9,32.4,73.3,47,9.096,9.155,34.071,2159,207.8,14.6,230.93,2019-08-25 3:22,22.1,23.6
2019-08-25 3:25,Extruder 1,19-A-531,90310-000065100004,7050 0% 065T 1000W BK N/T,53775,1766,1250,1000,2019-08-25 3:25,177.8,187.9,190.4,190,189.6,194.1,198.7,195.1,195,200,200.1,208,207.9,204.7,207.8,211.8,200.1,205.1,205.1,32.7,73.4,47.2,9.1,9.14,33.998,2131,207.6,16.8,228.558,2019-08-25 1:30,22.3,23.7
2019-08-25 2:31,Extruder 1,19-A-531,90310-000065100004,7050 0% 065T 1000W BK N/T,53775,1766,1250,500,2019-08-25 2:31,177.8,188.3,190.3,189.3,189.8,198.3,198.8,195,195.1,200,200.1,208,208,205,208,212,199.9,205.1,205,32.7,73.7,47.4,9.1,9.132,34.071,2134,207.8,14,228.439,2019-08-25 1:30,23,23.9
2019-08-25 2:04,Extruder 1,19-A-531,90310-000065100004,7050 0% 065T 1000W BK N/T,53775,1766,1250,250,2019-08-25 2:04,177.8,187.8,189.3,190.5,190.5,198.7,198.9,195.1,195,199.9,199.8,207.9,207.9,204.8,207.9,212,199.9,205,205,32.9,73.6,47.4,9.094,9.142,34.077,2103,208,16,226.684,2019-08-25 1:30,24.6,23.9
2019-08-25 1:37,Extruder 1,19-A-530,90310-000065100004,7050 0% 065T 1000W BK N/T,53775,1766,1250,1000,2019-08-25 1:37,178.2,187.9,188.9,189.8,190.4,189.4,198.9,194.7,195.2,200.1,200.1,208,208,204.8,208,212,200.2,205.1,204.8,33,73.6,47.4,9.085,9.162,34.018,2135,207.7,15.1,229.151,2019-08-24 23:35,25.1,24.1
2019-08-25 0:43,Extruder 1,19-A-530,90310-000065100004,7050 0% 065T 1000W BK N/T,53775,1766,1250,500,2019-08-25 0:43,177.5,187.5,189.4,190.3,190.1,200.6,198.6,195,195,200,199.7,208,208,205,207.9,212,200,205.1,204.9,33.1,73.9,47.7,9.085,9.16,34.339,2091,208.1,15.8,227.016,2019-08-24 23:35,25.6,24.3
2019-08-25 0:16,Extruder 1,19-A-530,90310-000065100004,7050 0% 065T 1000W BK N/T,53775,1766,1250,250,2019-08-25 0:16,175.4,187.8,189.8,189.8,191.6,190.2,198,195.1,195.1,200,199.8,208,208.2,205.3,208.2,212.1,200.1,205.1,205.1,33.1,73.7,47.6,9.094,9.134,34.349,2126,207.2,17,227.491,2019-08-24 23:35,24,24.4
2019-08-24 23:02,Extruder 1,19-A-529,90310-000065100004,7050 0% 065T 1000W BK N/T,53775,1766,1250,1000,2019-08-24 23:02,177.7,187.8,190.5,190.9,190.3,195.4,198.8,194.6,194.9,199.9,200.3,207.9,207.9,204.9,207.9,211.9,200,204.8,205,33.3,74.3,48.1,9.003,9.067,34.077,2123,207.8,15.4,230.503,2019-08-24 21:12,26,24.8
2019-08-24 22:08,Extruder 1,19-A-529,90310-000065100004,7050 0% 065T 1000W BK N/T,53775,1766,1250,500,2019-08-24 22:08,178.6,188.5,189.8,190.1,190.1,191.5,198.9,195,195,199.9,199.9,208.1,208,204.9,208,211.9,200,205,205,33.7,74.4,48.5,9.005,9.07,34.046,2120,208,15.3,221.229,2019-08-24 21:12,25.6,25.2
2019-08-24 21:40,Extruder 1,19-A-529,90310-000065100004,7050 0% 065T 1000W BK N/T,53775,1766,1250,250,2019-08-24 21:40,177.8,188.3,190.6,189.4,189.7,191.1,199,195.1,195,199.9,199.4,208,208,204.8,208,212.1,200.2,205.1,205,33.7,74.6,48.5,9.201,9.236,34.075,2071,207.7,16.5,225.356,2019-08-24 21:12,27.3,25.3
2019-08-24 21:14,Extruder 1,19-A-528,90310-000065100004,7050 0% 065T 1000W BK N/T,53775,1766,1250,1000,2019-08-24 21:14,178.1,188.4,190.4,190.1,190.4,199.5,199,195.3,195,199.9,199.8,208,208,205.1,208,212.1,199.8,205,204.9,33.9,75,48.9,9.203,9.256,35.064,2099,208.2,14.9,227.562,2019-08-24 19:16,26.3,25.4
2019-08-24 20:19,Extruder 1,19-A-528,90310-000065100004,7050 0% 065T 1000W BK N/T,53775,1766,1250,500,2019-08-24 20:19,177.9,188.4,190,189.2,189.6,190,198.9,194.9,195,200,199.5,207.8,208,205.1,207.9,212.1,200.1,205.1,205,34.1,75.3,49.2,9.092,9.168,34.041,2075,207.5,14.9,228.083,2019-08-24 19:16,26.5,25.8
2019-08-24 19:52,Extruder 1,19-A-528,90310-000065100004,7050 0% 065T 1000W BK N/T,53775,1766,1250,250,2019-08-24 19:52,178,188.1,190.7,189.9,189.6,197.4,198.8,195,194.9,199.9,200,208,208,204.7,207.9,212.1,199.9,205,205.1,34.3,74.8,49.2,9.003,9.027,33.977,2060,207.7,15.2,230.408,2019-08-24 19:16,26.5,25.8
2019-08-24 19:25,Extruder 1,19-A-527,90310-000065100004,7050 0% 065T 1000W BK N/T,53775,1766,1250,1000,2019-08-24 19:25,177.8,187.9,189.9,189.4,189.8,199.6,198.9,195.2,195,200,199.8,208,207.9,205,207.9,212,199.9,205.1,204.9,34.4,75.1,49.3,9.001,9.057,34.107,2047,208.1,15.7,225.474,2019-08-24 17:18,26.7,26.1
2019-08-24 18:30,Extruder 1,19-A-527,90310-000065100004,7050 0% 065T 1000W BK N/T,53775,2275,1250,500,2019-08-24 18:30,178,188,190.7,190.4,190.2,194.6,198.8,195.3,195,200.1,199.5,208,208,204.9,208,211.9,200,204.8,205,34.4,75.1,49.2,9.016,9.042,33.526,2039,207.4,17.1,225.593,2019-08-24 17:18,28.3,26.1
2019-08-24 18:02,Extruder 1,19-A-527,90310-000065100004,7050 0% 065T 1000W BK N/T,53775,2275,1250,250,2019-08-24 18:02,178.3,187.8,189.8,189.8,190.4,200.4,198.8,194.7,195.1,200,199.7,208,208,205.1,208,212,199.9,205,205,34.4,75.2,49.3,8.702,8.754,33.554,2039,207.8,14.4,233.563,2019-08-24 17:18,27.7,26.2
2019-08-24 17:34,Extruder 1,19-A-526,90310-000065100004,7050 0% 065T 1000W BK N/T,53775,2275,1250,1000,2019-08-24 17:34,177.9,187.6,190,190.2,190.3,198.2,198.8,195.3,194.9,199.9,199.6,208,207.9,204.9,208,212,199.9,205,205.1,34.3,75.7,49.3,8.711,8.742,33.891,2001,207.8,17.2,220.92,2019-08-24 11:21,27.3,25.9
2019-08-24 16:37,Extruder 1,19-A-526,90310-000065100004,7050 0% 065T 1000W BK N/T,53775,2275,1250,500,2019-08-24 16:37,178.6,188.2,191,190.4,190.4,191.3,198.6,194.9,195.3,200,200.2,207.8,208.1,205.1,208.1,212.1,199.9,205,204.8,34.1,75,49,8.711,8.75,33.907,2054,207.3,16.1,224.407,2019-08-24 11:21,26.4,25.8
2019-08-24 16:09,Extruder 1,19-A-526,90310-000065100004,7050 0% 065T 1000W BK N/T,53775,2275,1250,250,2019-08-24 16:09,181.4,188.4,190.8,189.6,190.4,197.5,197.3,195.5,195.1,200.1,200.3,208.2,208.3,205.1,208.2,212.1,199.9,205.1,205.1,34.1,75,48.9,8.716,8.732,33.845,2037,206.8,15.3,221.964,2019-08-24 11:21,26,25.8
2019-08-24 15:33,Extruder 1,19-A-526,90310-000065100004,7050 0% 065T 1000W BK N/T,53775,2275,1250,1000,2019-08-24 15:33,179.8,187.9,190,190.2,190.2,189.9,196.2,194.7,195.1,200,200.3,208.4,208.1,205.4,208.2,212.1,199.9,205.1,204.9,34.1,74.9,48.7,7.204,7.248,27.902,1925,204.1,16.8,217.623,2019-08-24 11:21,26.1,26.1
2019-08-24 12:58,Extruder 1,19-A-526,90310-000065100004,7050 0% 065T 1000W BK N/T,53775,2275,1250,500,2019-08-24 12:58,177.8,188.1,190.4,190.8,190.4,192.2,196.2,195,194.8,200,200.5,207.9,208,204.9,207.9,211.9,199.9,204.9,204.8,34,76.2,49,7.011,7.017,27.503,1905,204.1,15.1,207.756,2019-08-24 11:21,25.7,25.2
2019-08-24 12:22,Extruder 1,19-A-526,90310-000065100004,7050 0% 065T 1000W BK N/T,53775,2275,1250,250,2019-08-24 12:22,176.7,188,189.6,190.4,190.1,188.4,196.4,195.5,194.8,199.9,199.6,208.2,208.2,205.2,208,212.1,199.9,205.1,204.9,34,76,49,7.708,7.717,29.991,1998,204.6,16.3,213.971,2019-08-24 11:21,25.2,24.9
2019-08-24 11:38,Extruder 1,19-A-525,90310-000065100004,7050 0% 065T 1000W BK N/T,53775,2275,1250,1000,2019-08-24 11:38,178.1,187.7,189.4,189.9,190,199.8,200.2,195,195.1,200,199.9,208.2,208.1,205,208,212.1,199.9,205,205,34,76.2,49,9.291,9.315,36.831,2121,209.8,14.8,224.81,2019-08-24 9:43,24.8,24.7
2019-08-24 10:45,Extruder 1,19-A-525,90310-000065100004,7050 0% 065T 1000W BK N/T,53775,2275,1250,500,2019-08-24 10:45,177.9,188.2,189.4,189.6,189.8,189.9,200.2,195,195,200.1,199.7,208,208,205.1,208,212,200.1,205.1,205.1,33.7,75.6,48.7,9.309,9.291,36.882,2128,209.4,14.8,228.012,2019-08-24 9:43,23.9,24.3
2019-08-24 10:19,Extruder 1,19-A-525,90310-000065100004,7050 0% 065T 1000W BK N/T,53775,2275,1250,250,2019-08-24 10:19,177.9,187.8,189.5,190,190.1,196.4,200.2,195,195,199.9,200.1,208,208,205.1,208.1,211.9,199.9,204.9,204.9,33.7,75.6,48.6,9.305,9.271,36.856,2099,209.6,14.6,223.316,2019-08-24 9:43,23.8,24.2
2019-08-24 9:52,Extruder 1,19-A-524,90310-000065100004,7050 0% 065T 1000W BK N/T,53775,2275,1250,1000,2019-08-24 9:52,177.7,188,190.2,189.9,190.5,200.8,200.2,194.8,195.1,200.1,199.7,208.1,208.1,205.1,208,212.1,199.9,204.9,205.1,33.5,75.2,48.3,9.305,9.287,36.825,2108,209.9,15.9,225.19,2019-08-24 7:49,23.2,24.1
2019-08-24 8:58,Extruder 1,19-A-524,90310-000065100004,7050 0% 065T 1000W BK N/T,53775,2275,1250,500,2019-08-24 8:58,177.9,187.8,189.4,190.4,189.8,191.7,200,194.9,195,199.9,199.7,207.9,208,205.1,208.1,211.9,200.1,204.8,204.8,33.3,75,48,9.307,9.335,36.31,2102,209.1,15.9,225.64,2019-08-24 7:49,22.3,23.7
2019-08-24 8:32,Extruder 1,19-A-524,90310-000065100004,7050 0% 065T 1000W BK N/T,53775,2275,1250,250,2019-08-24 8:32,177.6,187.8,189.4,190.6,190.3,198.9,199.9,195.3,195.1,200,199.9,208,208,205,208,212.1,199.9,204.8,204.9,32.9,73.4,47,9.291,9.279,36.296,2070,209.4,14.8,222.533,2019-08-24 7:49,22.1,23.6
2019-08-24 8:05,Extruder 1,19-A-523,90310-000065100004,7050 0% 065T 1000W BK N/T,53775,2275,1250,1000,2019-08-24 8:05,178.1,187.5,190.3,189.4,189.9,198.6,199.9,194.7,195.2,200,199.7,208.1,208,205.1,208.1,212,200,204.9,204.9,32.6,73.4,47,9.3,9.297,35.977,2054,209.3,14.6,232.685,2019-08-24 6:04,21.7,23.3
2019-08-24 7:12,Extruder 1,19-A-523,90310-000065100004,7050 0% 065T 1000W BK N/T,53775,2275,1250,500,2019-08-24 7:12,177.7,188,190.1,189.8,191,194.7,199.2,195.3,195,200,199.9,208,207.9,205,208.1,212.1,200,204.8,205,32.3,72.7,46.6,9.302,9.311,36.05,2066,208.7,14.3,220.422,2019-08-24 6:04,22.4,23.1
2019-08-24 6:45,Extruder 1,19-A-523,90310-000065100004,7050 0% 065T 1000W BK N/T,53775,1766,1250,250,2019-08-24 6:45,176.3,188.2,190.2,189.8,190.8,199.9,198.4,195.3,195.1,200,200.1,208.1,208,205.2,208.1,212,199.9,204.9,204.8,32.5,72.8,46.8,9.282,9.299,36.043,2049,208.4,14.7,220.398,2019-08-24 6:04,22.8,23.1
2019-08-24 5:29,Extruder 1,19-A-522,90310-000065100004,7050 0% 065T 1000W BK N/T,53775,1766,1250,1000,2019-08-24 5:29,178.1,188.3,189.8,189.1,189.6,190.4,199.9,194.6,195,200.1,200.5,208,208,205,208,212,200.1,205.1,204.9,32.9,73.3,47.1,9.187,9.186,36.205,2060,209.4,15.4,220.398,2019-08-24 3:36,23.2,23.4
2019-08-24 4:35,Extruder 1,19-A-522,90310-000065100004,7050 0% 065T 1000W BK N/T,53775,1766,1250,500,2019-08-24 4:35,178,188.1,189.7,190.2,190.2,200,200,195,194.9,200.1,200.2,208,207.9,205.1,207.9,211.9,200,205,205,32.4,73,47.1,9.196,9.208,36.26,2075,209.8,15.1,226.708,2019-08-24 3:36,23.3,23.7
2019-08-24 4:09,Extruder 1,19-A-522,90310-000065100004,7050 0% 065T 1000W BK N/T,53775,1766,1250,250,2019-08-24 4:09,178.3,187.9,190.7,190.4,189.8,189.8,200.1,194.8,195,199.9,200.2,208,208,205.1,207.9,212,200.1,205,204.9,32.8,73.3,47.3,9.198,9.2,36.273,2081,209.5,16.7,226.21,2019-08-24 3:36,23.6,23.9
2019-08-24 3:42,Extruder 1,19-A-521,90310-000065100004,7050 0% 065T 1000W BK N/T,53775,1766,1250,1000,2019-08-24 3:42,178.5,188.3,190.6,190.4,189.9,191.9,200.1,194.8,195,199.9,200.1,208,208,205.1,208,211.9,199.9,204.9,204.9,32.9,73.4,47.2,9.203,9.206,36.28,2094,209.6,16,223.34,2019-08-24 1:44,23.7,23.9
2019-08-24 2:48,Extruder 1,19-A-521,90310-000065100004,7050 0% 065T 1000W BK N/T,53775,1766,1250,500,2019-08-24 2:48,178,187.8,190.3,190.7,190.4,199.6,199.9,195,195.2,200,199.9,208,208.1,205,208.1,212.1,200.1,205,205.1,33.1,73.3,47.3,9.187,9.17,36.251,2059,209.8,14.9,228.937,2019-08-24 1:44,23.9,24.1
2019-08-24 2:21,Extruder 1,19-A-521,90310-000065100004,7050 0% 065T 1000W BK N/T,53775,1766,1250,250,2019-08-24 2:21,178.1,188,189.6,190.7,190.1,190.4,199.5,194.6,195.1,200,200.2,208,208,205,208,212,199.9,204.8,205,33.1,73.5,47.7,9.111,9.155,36.214,2052,208.9,17,220.873,2019-08-24 1:44,23.5,24.1
2019-08-24 1:54,Extruder 1,19-A-520,90310-000065100004,7050 0% 065T 1000W BK N/T,53775,1766,1250,1000,2019-08-24 1:54,178,188,189.6,189.3,190.2,191.9,199.4,194.9,195,200,200.1,208,208,205.1,208,211.9,199.9,205.1,205,32.7,73.2,47.3,9.1,9.042,36.269,2033,208.5,15.1,217.528,2019-08-23 23:55,23.4,24.1
2019-08-24 1:00,Extruder 1,19-A-520,90310-000065100004,7050 0% 065T 1000W BK N/T,53775,1766,1250,500,2019-08-24 1:00,177.4,187.9,189.4,189.3,190.3,192.8,199.4,195.4,195.1,200,200.1,208,208,205.1,208,212.1,200.1,205,205.1,32.6,73.1,47.2,9.105,9.128,36.651,1984,208.6,15.1,210.721,2019-08-23 23:55,23.1,23.9
2019-08-24 0:33,Extruder 1,19-A-520,90310-000065100004,7050 0% 065T 1000W BK N/T,53775,1766,1250,250,2019-08-24 0:33,178.3,187.9,190,190.1,192.4,195.3,198.2,195.3,195.1,200,199.8,208.1,208.3,205.4,208.4,212,200,205.1,205,32.8,73.4,47.3,9.3,9.279,37.043,1986,208,14.5,213.046,2019-08-23 23:55,22.8,23.9
2019-08-23 23:42,Extruder 1,19-A-519,90310-000065100004,7050 0% 065T 1000W BK N/T,53775,1766,1250,1000,2019-08-23 23:42,177.9,188.4,189.8,189.8,189.9,189.6,200.3,194.5,195,200,200.4,208,208,205.1,207.9,212,200,205.1,204.9,33,73.4,47.3,9.404,9.44,37.016,2055,209.8,16.8,221.917,2019-08-23 21:53,22.6,23.9
2019-08-23 22:49,Extruder 1,19-A-519,90310-000065100004,7050 0% 065T 1000W BK N/T,53775,1766,1250,500,2019-08-23 22:49,178,188,190.6,190.3,190.4,200.7,200.4,194.7,194.9,200,200,208,208,205.1,208,211.9,199.9,205.1,205,33.2,73.8,47.7,9.395,9.379,37.052,2027,210.4,14.1,227.467,2019-08-23 21:53,24.4,23.9
2019-08-23 22:23,Extruder 1,19-A-519,90310-000065100004,7050 0% 065T 1000W BK N/T,53775,1766,1250,250,2019-08-23 22:23,178.1,188.6,190.7,189.4,189.7,190.3,200.5,195.3,195.1,200,199.9,208,208.1,205.1,208,212,200.2,204.9,205,33,73.6,47.7,9.298,9.297,37.041,2041,210.2,15.6,218.786,2019-08-23 21:53,23.6,24.1
2019-08-23 21:56,Extruder 1,19-A-518,90310-000065100004,7050 0% 065T 1000W BK N/T,53775,1766,1250,1000,2019-08-23 21:56,178,188.3,190.3,189.4,189.7,191,200.4,195.1,195.1,200,199.6,208,208.1,205.1,208.1,212,200,204.9,204.9,32.9,74,47.9,9.098,9.087,37.055,2065,210,16.6,217.908,2019-08-23 19:51,23.7,24.2
2019-08-23 21:01,Extruder 1,19-A-518,90310-000065100004,7050 0% 065T 1000W BK N/T,53775,1766,1250,500,2019-08-23 21:01,177.9,188.1,189.9,189.8,190,200.5,199.5,194.9,195,200.1,199.9,208,207.9,205,208,212,200,205,205,33.3,74.2,48.2,8.467,8.497,34.513,1989,209.3,15.4,212.547,2019-08-23 19:51,23.9,24.6
2019-08-23 20:32,Extruder 1,19-A-518,90310-000065100004,7050 0% 065T 1000W BK N/T,53775,1766,1250,250,2019-08-23 20:32,178.1,188.3,190,189.2,189.9,199.3,199.5,194.9,194.9,200.1,200,208.1,207.9,204.9,208,211.9,200,205,205,33.3,74.3,48.2,8.461,8.457,34.54,2010,209.3,17.1,214.824,2019-08-23 19:51,23.8,24.7
2019-08-23 20:03,Extruder 1,19-A-517,90310-000065100004,7050 0% 065T 1000W BK N/T,53775,1766,1250,1000,2019-08-23 20:03,178,187.8,189.9,190,190.1,194.6,199.6,195,195,200,200.2,208.2,208,205,208,212,200,205,205,33.7,74.2,48.3,8.454,8.479,34.565,2004,209.1,14.7,217.908,2019-08-23 17:30,24.1,24.8
2019-08-23 19:04,Extruder 1,19-A-517,90310-000065100004,7050 0% 065T 1000W BK N/T,53775,2275,1250,500,2019-08-23 19:04,178,187.5,188.8,190.3,189.9,189.8,199.2,194.9,195.1,200,200.2,207.9,208.1,205.1,208,212.1,200.2,205,205,33.6,74.3,48.3,8.47,8.482,34.547,2028,208.5,16.4,214.16,2019-08-23 17:30,26.6,25.3
2019-08-23 18:35,Extruder 1,19-A-517,90310-000065100004,7050 0% 065T 1000W BK N/T,53775,2275,1250,250,2019-08-23 18:35,177.2,188,189.4,189.5,189.5,192.7,198,194.9,195.1,200,200.6,208.1,208.3,205.3,208.4,212.2,199.9,204.8,205,33.7,74.5,48.4,8.483,8.489,34.572,2034,207.8,14.2,219.687,2019-08-23 17:30,26.1,25.2
2019-08-23 17:36,Extruder 1,19-A-516,90310-000065100004,7050 0% 065T 1000W BK N/T,53775,2275,1250,1000,2019-08-23 17:36,178.2,188.1,190.1,190.1,190.1,198,199.6,194.7,195,199.9,199.8,208,207.9,205,208,212,199.9,205,204.8,33.7,74.5,48.4,8.47,8.472,34.49,2012,209.4,16.4,224.597,2019-08-23 15:26,25,25.2
2019-08-23 16:38,Extruder 1,19-A-516,90310-000065100004,7050 0% 065T 1000W BK N/T,53775,2275,1250,500,2019-08-23 16:38,178,188.1,190.1,189.4,189.8,199.7,199.7,195.2,194.9,200,200,208,208.1,204.9,208,212,200,205,205.1,33.7,74.3,48.3,8.465,8.457,34.544,2017,209.6,17.2,219.829,2019-08-23 15:26,24.7,25
2019-08-23 16:08,Extruder 1,19-A-516,90310-000065100004,7050 0% 065T 1000W BK N/T,53775,2275,1250,250,2019-08-23 16:08,177.8,187.7,190.3,190.5,190.1,195.6,199.7,195,195,200,199.9,208,208,205,208,212.1,200,204.8,205,33.4,74.4,48.3,8.479,8.489,34.579,2023,209.3,14.8,221.513,2019-08-23 15:26,26.7,25
2019-08-23 15:39,Extruder 1,19-A-515,90310-000065100004,7050 0% 065T 1000W BK N/T,53775,2275,1250,1000,2019-08-23 15:39,177.9,187.5,190,190.9,190.1,191.8,199.8,194.8,194.9,200.1,199.9,207.9,208,205,208,211.9,200.1,204.8,205,33.5,74.3,48.3,8.47,8.469,34.494,2017,209.3,16.9,216.437,2019-08-23 13:26,25.4,25
2019-08-23 14:40,Extruder 1,19-A-515,90310-000065100004,7050 0% 065T 1000W BK N/T,53775,2275,1250,500,2019-08-23 14:40,177.8,187.7,189.8,189.3,189.8,189.9,199.6,195,195,199.9,200,207.8,208,205.1,208,212,200.1,205.1,205,33.3,74.2,48.2,8.483,8.479,34.624,2035,209.1,13.5,216.129,2019-08-23 13:26,24.6,24.8
2019-08-23 14:11,Extruder 1,19-A-515,90310-000065100004,7050 0% 065T 1000W BK N/T,53775,2275,1250,250,2019-08-23 14:11,177.6,188.1,189.8,191.1,190.1,192.3,199.7,194.5,195.2,200.1,200,207.9,208,205.1,208.1,212,199.9,205,204.9,33.7,74.2,48.1,8.467,8.479,34.638,1996,209,15.3,217.481,2019-08-23 13:26,25.6,24.9
2019-08-23 13:42,Extruder 1,19-A-514,90310-000065100004,7050 0% 065T 1000W BK N/T,53775,2275,1250,1000,2019-08-23 13:42,179,188.5,190.3,190.2,190,196,199.5,195,195,199.9,199.9,208,208,205.1,208.1,212,199.9,204.8,205,33.6,74.2,48,8.465,8.449,34.658,2006,208.9,16.6,213.733,2019-08-23 9:11,26.5,24.9
2019-08-23 11:54,Extruder 1,19-A-514,90310-000065100004,7050 0% 065T 1000W BK N/T,53775,2275,1250,500,2019-08-23 11:54,178.4,188,190.3,190.5,190.4,200.8,196.3,195.2,195.2,200,200.2,208.2,208.2,205.3,208.2,212,200,205.1,205.1,33.2,73.9,47.7,7.003,6.999,28.408,1858,205.1,15.5,209.82,2019-08-23 9:11,24.2,24.7
2019-08-23 11:19,Extruder 1,19-A-514,90310-000065100004,7050 0% 065T 1000W BK N/T,53775,2275,1250,250,2019-08-23 11:19,182.3,187.8,190.2,189.5,188.6,197.9,195.7,195.3,195,200.1,200.4,208.4,208.3,205.6,208.9,212.6,199.9,205.2,205,33.2,74,47.7,7.013,7.017,27.788,1875,204,16.8,208.397,2019-08-23 9:11,25,24.9
2019-08-23 8:41,Extruder 1,19-A-513,90310-000065100004,7050 0% 065T 1000W BK N/T,53775,2275,1250,1000,2019-08-23 8:41,174.4,188.3,182.6,183.3,193.4,198.5,190.8,180.1,180.1,180,179.7,200.1,200,199.9,199.9,200,180.2,180,180,37,68.7,51,8.998,9.006,36.041,2052,202.9,15.5,225.403,2019-08-23 6:39,23.7,26.8
2019-08-23 7:46,Extruder 1,19-A-513,90310-000065100004,7050 0% 065T 1000W BK N/T,53775,2275,1250,500,2019-08-23 7:46,183.8,187.9,182.4,183.2,192.7,188.7,190.7,180.2,180,179.9,180.1,199.9,200.1,200,200,200,180,180,180,36.9,68.4,50.8,9.003,9.004,35.991,2053,202.6,15.9,229.862,2019-08-23 6:39,22.9,26.6
2019-08-23 7:19,Extruder 1,19-A-513,90310-000065100004,7050 0% 065T 1000W BK N/T,53775,2275,1250,250,2019-08-23 7:19,173.8,188.2,183.6,182.6,192.8,188.9,190.7,180.1,180,180,180.2,199.9,200.1,200.1,200,200,180.1,180.1,180,36.6,68.2,50.6,9.007,9.016,36.059,2066,202.4,16.1,231.167,2019-08-23 6:39,22.6,26.6
2019-08-23 6:50,Extruder 1,19-A-512,90310-000065100004,7050 0% 065T 1000W BK N/T,53775,1791,1250,1000,2019-08-23 6:50,172.3,187.9,183.2,183.3,192.8,190.9,190.7,180.1,180,180,180,200,200,200.1,200,200,179.6,180,180,37.2,68.5,50.9,8.998,8.976,36.025,2056,202.3,14.8,229.198,2019-08-21 20:10,22.3,26.6
2019-08-23 5:55,Extruder 1,19-A-512,90310-000065100004,7050 0% 065T 1000W BK N/T,53775,1791,1250,500,2019-08-23 5:55,177,187.9,183.2,183.2,193.5,198.5,190.5,179.8,180,180,180.1,200.1,199.9,200.1,200.1,199.9,179.8,180,180,36.9,68.5,51.2,8.996,8.971,36.011,2016,202.8,14.7,221.537,2019-08-21 20:10,23.8,26.9
2019-08-23 5:28,Extruder 1,19-A-512,90310-000065100004,7050 0% 065T 1000W BK N/T,53775,1791,1250,250,2019-08-23 5:28,173.2,187.6,183.2,183.6,193.3,195,190.5,179.9,180.3,180,180.6,200,200,200,200,200.1,179.8,180,180,37.1,68.9,51.4,8.998,9.004,36.077,2030,202.4,16.8,223.34,2019-08-21 20:10,25.1,27
2019-08-23 4:13,Extruder 1,19-A-512,90310-000065100004,7050 0% 065T 1000W BK N/T,53775,1791,1250,500,2019-08-23 4:13,184.8,187.8,183.1,183.4,192.8,189.5,188.5,180,180.6,180,180.6,200.2,200.4,200.4,200.4,200.1,179.8,180,180,37.1,68.9,31,8.601,8.59,35.349,2035,200.7,16.1,229.53,2019-08-21 20:10,23.8,27.2
2019-08-23 3:45,Extruder 1,19-A-512,90310-000065100004,7050 0% 065T 1000W BK N/T,53775,1791,1250,250,2019-08-23 3:45,172.4,188.3,183,182.9,192.7,186.7,184.9,180.1,180.6,180,180.3,200.8,201.2,201.1,201.5,200.6,180.4,180,180,37.5,69.1,31,8.8,8.8,35.358,2017,197.5,16.1,220.636,2019-08-21 20:10,25,28.1
2019-08-22 9:52,Extruder 1,19-A-512,90310-000065100004,7050 0% 065T 1000W BK N/T,53775,2262,1250,500,2019-08-22 9:52,169.1,188.5,190.4,190,190.7,195.7,195.3,194.5,194.9,200,200.4,212.3,207.9,204.7,207.3,212,200.1,205.1,204.7,37.9,71.3,43.1,8.506,8.509,34.027,2022,203.1,14.8,229.791,2019-08-21 20:10,24.3,26.7
2019-08-22 8:27,Extruder 1,19-A-512,90310-000065100004,7050 0% 065T 1000W BK N/T,53775,2262,1250,250,2019-08-22 8:27,173.9,188.1,190,189.5,189.2,196.3,196.5,195.2,195.1,200,200.2,212.3,208.3,205.8,208.7,208,200.2,205.1,205.1,37,75.6,43.7,9.005,9.009,34.014,1977,206.4,14.6,212.524,2019-08-21 20:10,23.9,27.5
2019-08-21 19:38,Extruder 1,19-A-511,90310-000065100004,7050 0% 065T 1000W BK N/T,53775,2262,1250,1000,2019-08-21 19:38,174.2,187.9,190.4,190.4,189.9,193.3,198.9,195,195,200,200.2,212,208,205.2,208.1,208,200,204.8,205.1,39.8,73,28.1,8.7,8.698,34.05,1988,208.4,17,222.676,2019-08-21 17:25,29.4,29.2
2019-08-21 18:41,Extruder 1,19-A-511,90310-000065100004,7050 0% 065T 1000W BK N/T,53775,2262,1250,500,2019-08-21 18:41,183.4,188.1,190.1,189.3,189.7,195.2,198.7,195,195,200.1,199.9,212.1,208,205.2,208,208,200,204.9,205.1,40.4,76.2,18,8.696,8.704,33.959,1985,208.1,15.6,218.454,2019-08-21 17:25,29.5,29.2
2019-08-21 18:13,Extruder 1,19-A-511,90310-000065100004,7050 0% 065T 1000W BK N/T,53775,2262,1250,250,2019-08-21 18:13,183,188.2,189.6,189.3,189.8,199.7,198.8,194.1,195,200,200.5,211.7,207.9,204.8,207.9,208,200,205.1,205.2,40.2,72.7,20.1,8.601,8.601,34.039,1971,208.4,14.3,212.168,2019-08-21 17:25,29.7,29.3
2019-08-21 17:43,Extruder 1,19-A-510,90310-000065100004,7050 0% 065T 1000W BK N/T,53775,2262,1250,1000,2019-08-21 17:43,172.4,188.2,189.7,190.9,190.1,200.5,198.8,194.9,194.9,200,200.7,211.9,208,205.1,207.9,208,200,205.1,205,40.4,72,21.4,8.601,8.628,34.032,1982,208.5,16.5,218.62,2019-08-21 14:13,30,29.6
2019-08-21 16:47,Extruder 1,19-A-510,90310-000065100004,7050 0% 065T 1000W BK N/T,53775,2262,1250,500,2019-08-21 16:47,182.3,187.9,190,189.4,188.7,190.1,198.6,194.3,195.1,200,200.8,211.9,208.1,205.3,208,208,199.9,205,205,34.6,77.7,19.2,8.698,8.648,34.107,1988,207.9,15.2,221.134,2019-08-21 14:13,30.2,29.7
2019-08-21 16:18,Extruder 1,19-A-510,90310-000065100004,7050 0% 065T 1000W BK N/T,53775,2262,1250,250,2019-08-21 16:18,180.1,188.6,190,190.6,187.9,193.5,197.6,195,195.3,200,200.7,212.1,208.3,205.5,208.3,208,200,205,204.8,34.6,77.2,18.5,8.601,8.597,34.062,2012,207.3,16.1,216.176,2019-08-21 14:13,30,29.6
2019-08-21 13:31,Extruder 1,19-A-509,90310-000065100004,7050 0% 065T 1000W BK N/T,219076,2262,1250,500,2019-08-21 13:31,176.4,188.3,189.9,189.4,190.4,191.7,199,195.7,195.6,200.1,200.2,211.9,208.2,205.4,208.2,208.1,199.9,205,205.1,34.6,77.3,19.3,8.897,8.888,34.105,1985,208.5,16.3,222.865,2019-08-20 18:46,29.8,29.4
2019-08-21 13:03,Extruder 1,19-A-509,90310-000065100004,7050 0% 065T 1000W BK N/T,219076,2262,1250,250,2019-08-21 13:03,180.3,187.9,188.9,190.6,190.8,198.4,198.5,195.9,195.6,200,199.8,211.9,208,205.3,208,208,199.9,205,204.8,34.9,77.7,24.6,9.003,8.994,34.048,1972,208.1,13.3,223.316,2019-08-20 18:46,29.7,29.4
2019-07-04 17:07,Extruder 1,19-A-424,90310-000045100004,7050 0% 045T 1000W BK N/T,52355,2275,1250,1000,2019-07-04 17:07,178.2,187.5,190,190.4,190.1,190.3,195.1,194.6,195,199.9,199.8,212.1,208,205.2,208.1,211.1,200.2,205.1,204.9,35.7,70.4,43.4,10.397,10.401,26.478,2401,211,17.4,222.936,2019-07-04 15:19,31.4,29.7
2019-07-04 16:20,Extruder 1,19-A-424,90310-000045100004,7050 0% 045T 1000W BK N/T,52355,2275,1250,500,2019-07-04 16:20,178.3,188.3,189.9,189.9,190,196.1,195.1,195,195,200,200,212.1,208,204.8,208.1,211,199.9,205.1,205,35.7,70.3,43.3,10.402,10.413,26.49,2342,211.1,15.7,215.251,2019-07-04 15:19,30.1,29.4
2019-07-04 15:56,Extruder 1,19-A-424,90310-000045100004,7050 0% 045T 1000W BK N/T,52355,2275,1250,250,2019-07-04 15:56,178.6,187.9,189.1,189.6,190.1,189.1,194.9,195.1,195,200,199.9,212.1,208,205,208,211,200.2,205,205.1,35.6,70.2,43.2,10.397,10.386,26.469,2326,210.9,16.5,219.995,2019-07-04 15:19,30.7,29.3
2019-07-04 15:13,Extruder 1,19-A-423,90310-000045100004,7050 0% 045T 1000W BK N/T,52355,2275,1250,1000,2019-07-04 15:13,178.6,188.1,189,189.8,190.1,197.6,195,195,194.9,200,199.9,212.1,208,205,208,211,199.8,205,205,35.5,70,43.1,10.388,10.409,26.49,2269,211,16.9,216.532,2019-07-04 13:25,30,29.1
2019-07-04 14:26,Extruder 1,19-A-423,90310-000045100004,7050 0% 045T 1000W BK N/T,52355,2275,1250,500,2019-07-04 14:26,177.9,187.9,190.7,190.6,192.5,201,195.1,195,195,200,200,212.1,207.9,205.1,208,210.9,199.9,205.1,205.1,35.5,70.1,43,10.408,10.423,26.419,2225,211.1,17.4,219.497,2019-07-04 13:25,30.8,28.8
2019-07-04 14:02,Extruder 1,19-A-423,90310-000045100004,7050 0% 045T 1000W BK N/T,52355,2275,1250,250,2019-07-04 14:02,176.6,187.7,189.4,190.3,192.8,194.6,195,195,195,200,200.2,212.2,208.3,205.3,208.3,211.2,200,204.8,205.1,35.5,70,42.9,10.399,10.389,26.419,2231,210.5,15.4,220.802,2019-07-04 13:25,29.9,28.9
2019-07-04 12:55,Extruder 1,19-A-422,90310-000045100004,7050 0% 045T 1000W BK N/T,52355,2275,1250,1000,2019-07-04 12:55,177.7,188,190,190.1,189.8,201,195,195.3,195,200,200,211.9,208,205.3,208,211.1,200,204.9,205.1,35.4,69.8,42.6,10.402,10.386,26.442,2183,211.1,17.6,221.798,2019-07-04 11:07,29.2,28.3
2019-07-04 12:08,Extruder 1,19-A-422,90310-000045100004,7050 0% 045T 1000W BK N/T,52355,2275,1250,500,2019-07-04 12:08,177.4,187.8,190.9,189.7,189.8,191.5,195,195.1,195,200.1,199.9,212,208.1,205.1,208,210.9,200.1,205,205.1,36.4,69.7,42.5,10.402,10.417,26.426,2171,210.8,18.4,217.41,2019-07-04 11:07,28.5,27.9
2019-07-04 11:44,Extruder 1,19-A-422,90310-000045100004,7050 0% 045T 1000W BK N/T,52355,2275,1250,250,2019-07-04 11:44,177.6,187.8,190.7,190.5,190.2,199.5,195,195,195,200,200,212.1,207.9,204.9,208,210.9,199.9,205,205,32.2,69.6,42.6,10.388,10.376,26.435,2143,210.9,15.9,212.239,2019-07-04 11:07,29,27.9
2019-07-04 11:01,Extruder 1,19-A-421,90310-000045100004,7050 0% 045T 1000W BK N/T,52355,2275,1250,1000,2019-07-04 11:01,178.5,188.3,189.3,189.6,189.9,189.4,195.2,194.9,195,200,200.1,212,208.1,204.8,208,211,200.2,205,205,27.9,69.5,42.1,10.404,10.419,26.49,2154,210.7,16,220.375,2019-07-04 9:16,28.3,27.4
2019-07-04 10:14,Extruder 1,19-A-421,90310-000045100004,7050 0% 045T 1000W BK N/T,52355,2275,1250,500,2019-07-04 10:14,178.8,188.2,189.4,190,189.6,192.8,194.9,195,195,199.9,200,212,208,205,208,211.1,199.9,204.9,204.9,24.5,69.3,42,10.411,10.451,26.328,2145,210.2,15.1,220.825,2019-07-04 9:16,27.8,27.2
2019-07-04 9:51,Extruder 1,19-A-421,90310-000045100004,7050 0% 045T 1000W BK N/T,52355,2275,1250,250,2019-07-04 9:51,178.8,187.5,189.9,190.8,189.3,191.2,195.2,195.2,195.1,199.9,199.9,212.2,208.3,205.3,208.3,211.1,200.2,205,205.1,25.2,69.1,41.8,10.406,10.406,26.312,2129,210.2,17.3,219.284,2019-07-04 9:16,27.7,26.9
2019-07-04 8:46,Extruder 1,19-A-420,90310-000045100004,7050 0% 045T 1000W BK N/T,52355,2275,1250,1000,2019-07-04 8:46,178.7,188.3,190.3,189.3,189.5,189.1,195.3,195,195.1,200.1,200.5,212.1,208.2,205.4,208.2,211.1,200.1,204.9,205,31.9,68.8,41.5,10.393,10.396,26.337,2125,210.6,15.4,214.777,2019-07-04 7:06,26.8,26.2
2019-07-04 7:59,Extruder 1,19-A-420,90310-000045100004,7050 0% 045T 1000W BK N/T,52355,2275,1250,500,2019-07-04 7:59,178.5,187.8,189.5,189.9,190.1,193.9,195,194.9,195,199.9,199.6,211.9,208,204.9,208,211,199.9,204.8,205,33.3,68.8,41.3,10.408,10.419,26.246,2078,210.3,15.4,212.524,2019-07-04 7:06,26.2,25.8
2019-07-04 7:35,Extruder 1,19-A-420,90310-000045100004,7050 0% 045T 1000W BK N/T,52355,2275,1250,250,2019-07-04 7:35,178.3,187.8,190,190.5,189.7,190.4,195.2,194.9,195.1,200,200.1,212,208,204.8,207.9,210.8,200,204.9,204.8,29.3,68.8,41.4,10.404,10.373,26.271,2063,210.3,16.3,216.651,2019-07-04 7:06,26.4,25.8
2019-07-04 6:52,Extruder 1,19-A-419,90310-000045100004,7050 0% 045T 1000W BK N/T,52355,1476,1250,1000,2019-07-04 6:52,177.8,188.3,190,190,190.1,197.6,194.8,195.2,195,200,200.2,211.9,208,205.1,208,211,199.9,205.1,205,26.9,68.7,41.4,10.393,10.351,26.262,2039,210.3,15.2,213.117,2019-07-04 4:56,26.4,25.7
2019-07-04 6:05,Extruder 1,19-A-419,90310-000045100004,7050 0% 045T 1000W BK N/T,52355,1476,1250,500,2019-07-04 6:05,177.3,187.8,189.9,190.3,189.8,200.3,195.1,194.7,195,199.9,199.9,212,208,205.1,208,210.9,200.1,205,205,34.7,68.7,41.3,10.397,10.368,26.305,2000,210.6,15.3,213.33,2019-07-04 4:56,26.3,25.8
2019-07-04 5:41,Extruder 1,19-A-419,90310-000045100004,7050 0% 045T 1000W BK N/T,52355,1476,1250,250,2019-07-04 5:41,176.1,188,189.7,190.1,189.6,194.8,195.1,194.9,195,200.1,200.3,212.2,208.2,205.1,208.2,211.1,199.9,204.8,205.1,34.7,68.5,41.4,10.402,10.427,26.335,2003,209.8,16,213.805,2019-07-04 4:56,26.2,25.9
2019-07-04 4:37,Extruder 1,19-A-418,90310-000045100004,7050 0% 045T 1000W BK N/T,52355,1476,1250,1000,2019-07-04 4:37,177.7,187.9,190.2,189.7,189.7,196.3,194.9,194.9,195,200,200.2,211.9,208,205,208,210.9,200.2,205,205.1,34.7,68.9,41.5,10.198,10.212,26.121,1982,210.5,15.8,215.607,2019-07-04 2:53,26.7,26.1
2019-07-04 3:49,Extruder 1,19-A-418,90310-000045100004,7050 0% 045T 1000W BK N/T,52355,1476,1250,500,2019-07-04 3:49,178.1,187.8,190.5,189.5,189.9,188.8,194.8,195,194.9,199.9,199.4,211.9,208,205.1,208.1,211.1,200,204.9,204.8,34.9,68.8,41.6,10.21,10.179,26.118,1969,209.7,15.7,211.124,2019-07-04 2:53,26.4,26.1
2019-07-04 3:25,Extruder 1,19-A-418,90310-000045100004,7050 0% 045T 1000W BK N/T,52355,1476,1250,250,2019-07-04 3:25,178,187.9,189.9,190.4,190.2,200.6,195,195,194.9,199.7,200.2,211.8,207.8,204.9,207.7,210.7,199.9,205.1,204.8,34.9,68.8,41.5,10.194,10.242,26.084,1917,209.8,15.1,209.511,2019-07-04 2:53,27.3,26.3
2019-07-04 2:41,Extruder 1,19-A-417,90310-000045100004,7050 0% 045T 1000W BK N/T,52355,1476,1250,1000,2019-07-04 2:41,178.7,188,190.7,190.3,190.1,189.8,195.1,195,194.7,199.7,199.9,211.8,207.9,205.1,207.7,210.7,200,205,204.8,34.7,68.9,41.7,10.194,10.21,26.105,1952,209.6,15.1,217.03,2019-07-04 0:54,27.4,26.4
2019-07-04 1:53,Extruder 1,19-A-417,90310-000045100004,7050 0% 045T 1000W BK N/T,52355,1476,1250,500,2019-07-04 1:53,178.7,188.1,190,190.4,189.7,196.3,194.7,194.6,193.8,199.5,200.5,211.2,207.2,205.1,207.1,210.1,199.6,204.9,204.5,35,73.6,41.8,10.21,10.214,26.144,1925,209.6,16.9,204.602,2019-07-04 0:54,27.1,26.6
2019-07-04 1:29,Extruder 1,19-A-417,90310-000045100004,7050 0% 045T 1000W BK N/T,52355,1476,1250,250,2019-07-04 1:29,178.4,187.4,190.6,190.2,189.3,187.3,194.6,194.4,192.7,199.1,200,210.5,206.7,205,206,209.3,199.8,204.7,204.3,35.3,73.6,41.9,10.21,10.192,26.116,1935,208.9,15.3,209.772,2019-07-04 0:54,27.6,26.8
2019-07-04 0:24,Extruder 1,19-A-416,90310-000045100004,7050 0% 045T 1000W BK N/T,52355,1476,1250,1000,2019-07-04 0:24,178.2,188.1,190.5,189.9,190.2,196.8,195,195,195,200,200.3,211.8,208,205,208.1,211,199.9,205.1,205,34.9,73.8,42.2,10.203,10.21,26.271,1970,210.3,14.4,215.299,2019-07-03 22:39,27.5,27.2
2019-07-03 23:36,Extruder 1,19-A-416,90310-000045100004,7050 0% 045T 1000W BK N/T,52355,1476,1250,500,2019-07-03 23:36,178,187.7,189.7,190,189.9,201.3,195,194.7,195,200,200.1,212,208,204.9,208.1,211.1,199.8,204.8,205,34.7,74,42.3,10.205,10.207,26.241,1959,210.9,15.4,209.654,2019-07-03 22:39,27.9,27.4
2019-07-03 23:12,Extruder 1,19-A-416,90310-000045100004,7050 0% 045T 1000W BK N/T,52355,1476,1250,250,2019-07-03 23:12,178.1,188,190.7,189.5,190,191.1,195,194.9,195,199.9,199.9,211.9,207.9,204.8,207.9,210.9,200,204.8,205,36.6,77,42.5,10.201,10.212,26.278,1987,210.4,16.1,209.606,2019-07-03 22:39,28.5,27.7
2019-07-03 22:14,Extruder 1,19-A-415,90310-000045100004,7050 0% 045T 1000W BK N/T,52355,1476,1250,1000,2019-07-03 22:14,177.2,187.8,190.4,190.5,191.3,196.9,195,195,195,200,200.5,212.1,207.9,205,207.9,210.8,200,205.1,204.9,40.5,78.8,42.7,10.198,10.212,26.538,1976,211.1,17.4,211.86,2019-07-03 17:41,28.6,27.9
2019-07-03 21:26,Extruder 1,19-A-415,90310-000045100004,7050 0% 045T 1000W BK N/T,52355,1476,1250,500,2019-07-03 21:26,176.7,187.4,190.3,189.6,189.9,189.9,195.3,195.3,195.1,200,199.7,212.3,208.1,205.4,207.9,211.1,200.1,205.2,205,40.8,78.6,42.8,10.205,10.204,26.683,2075,211.3,16.1,219.9,2019-07-03 17:41,30.2,28.3
2019-07-03 21:02,Extruder 1,19-A-415,90310-000045100004,7050 0% 045T 1000W BK N/T,52355,1476,1250,250,2019-07-03 21:02,176.1,187.7,190.1,190.3,189.8,199,195.6,195.1,195.1,199.9,200,212.5,208.4,205.8,208.5,211.2,199.9,205,205.1,41,78.6,42.9,10.198,10.192,26.916,2065,211.6,15.8,221.015,2019-07-03 17:41,29.6,28.3
2019-07-03 17:29,Extruder 1,19-A-414,90310-000045100004,7050 0% 045T 1000W BK N/T,52355,2275,1250,1000,2019-07-03 17:29,178.1,188.1,190.5,190.4,190,200.8,194.6,195.1,195.1,200.1,200.3,212.1,208,205,208.1,211,200,205,205,41.2,79.1,43.4,9.9,9.872,26.925,2179,211.6,17.2,221.252,2019-07-03 13:26,30.2,29.6
2019-07-03 16:40,Extruder 1,19-A-414,90310-000045100004,7050 0% 045T 1000W BK N/T,52355,2275,1250,500,2019-07-03 16:40,178.4,188.1,190.4,190.4,190.1,200,195,195.1,195.1,200,200.1,212.2,208.1,205.3,208.2,210.9,200.1,205.1,205,41.2,79.3,43.3,9.9,9.894,26.936,2173,211.7,17.7,215.228,2019-07-03 13:26,30.3,29.4
2019-07-03 16:15,Extruder 1,19-A-414,90310-000045100004,7050 0% 045T 1000W BK N/T,52355,2275,1250,250,2019-07-03 16:15,178.7,188.2,188.5,189.9,189.6,191.1,195.3,195,195.1,200,200.1,212.2,208.2,205.5,208.3,211.1,200,204.9,204.8,40.9,79.2,43.1,9.901,9.916,26.597,2171,210.9,16.4,218.169,2019-07-03 13:26,30.8,29.2
2019-07-03 15:37,Extruder 1,19-A-414,90310-000045100004,7050 0% 045T 1000W BK N/T,52355,2275,1250,500,2019-07-03 15:37,173.3,188.4,190.7,190.8,189.3,187.8,194.5,194.8,194.8,200.1,200.5,212.7,207.5,205.1,207.4,210.6,200,205.1,204.8,41.6,80.5,42.8,9.906,9.89,26.62,2234,208.2,17.2,222.794,2019-07-03 13:26,29.8,28.9
2019-07-03 13:57,Extruder 1,19-A-414,90310-000045100004,7050 0% 045T 1000W BK N/T,52355,2275,1250,250,2019-07-03 13:57,178.2,188.1,189.8,190.1,190,191.1,195.3,195,194.9,199.9,199.4,212,208,204.8,208,210.9,199.9,205,205,32.8,94,42.9,9.9,9.9,26.535,2084,210.8,14.5,212.263,2019-07-03 13:26,28.9,28.3
2019-07-03 13:12,Extruder 1,19-A-413,90310-000045100004,7050 0% 045T 1000W BK N/T,52355,2275,1250,1000,2019-07-03 13:12,178.3,188.2,189.8,189.6,190.1,199.9,195.1,194.9,195,200,199.6,212.1,208,204.9,207.9,210.9,199.9,204.9,205,35.3,78.6,42.7,9.901,9.896,26.565,2047,211.3,14.4,212.215,2019-07-03 11:25,28.9,28
2019-07-03 12:22,Extruder 1,19-A-413,90310-000045100004,7050 0% 045T 1000W BK N/T,52355,2275,1250,500,2019-07-03 12:22,177.9,187.8,189.8,190,190.2,200.8,195.1,194.8,195,200.1,199.7,212,207.9,205,208,211.1,200,204.9,204.8,37.2,78.3,42.5,9.898,9.902,26.672,2015,211.3,17.8,207.946,2019-07-03 11:25,28.8,27.7
2019-07-03 11:58,Extruder 1,19-A-413,90310-000045100004,7050 0% 045T 1000W BK N/T,52355,2275,1250,250,2019-07-03 11:58,177.7,188,190.4,190.1,189.8,190.1,194.8,194.9,195,200.1,199.7,212,207.9,204.7,207.9,211,200.1,205,204.8,34.4,78.3,42.3,9.9,9.922,26.656,2046,210.5,14.7,209.583,2019-07-03 11:25,27.8,27.4
2019-07-03 11:13,Extruder 1,19-A-412,90310-000045100004,7050 0% 045T 1000W BK N/T,52355,2275,1250,1000,2019-07-03 11:13,178,188.1,190.5,190.4,190.3,198.3,195.4,194.9,195,199.9,200,212.1,208.1,205,208,211,199.8,205,205,39.7,78.3,42.1,9.895,9.916,26.626,2060,211.4,14.2,213.615,2019-07-03 8:24,27.8,27.1
2019-07-03 10:23,Extruder 1,19-A-412,90310-000045100004,7050 0% 045T 1000W BK N/T,52355,2275,1250,500,2019-07-03 10:23,178.8,188.2,190.4,190.2,189.8,199.8,195.2,195.2,195,200,199.5,212.2,208,205.2,208,211,199.9,205.1,205,36,78.2,41.8,9.9,9.886,26.56,2045,211,15.4,209.464,2019-07-03 8:24,27.2,26.6
2019-07-03 9:58,Extruder 1,19-A-412,90310-000045100004,7050 0% 045T 1000W BK N/T,52355,2275,1250,250,2019-07-03 9:58,178.6,188.4,189.5,190.1,189,188.5,195,195.1,195.1,200,200.4,212.2,208.4,205.1,208.4,211.1,200.1,205.1,205,32.6,78,41.7,9.898,9.884,26.615,2051,210.4,16.8,209.417,2019-07-03 8:24,26.6,26.4
2019-07-03 9:22,Extruder 1,19-A-412,90310-000045100004,7050 0% 045T 1000W BK N/T,52355,2275,1250,250,2019-07-03 9:22,175.5,187.2,190.1,190.1,189.3,189.9,194.7,195.2,194.9,200,200.5,212.5,208.3,205.3,208.2,211,200.1,205,205,28.7,77.7,41.7,8.998,8.996,23.107,1986,209,15.4,203.89,2019-07-03 8:24,26.3,26.1
2019-07-03 8:21,Extruder 1,19-A-411,90310-000065100004,7050 0% 065T 1000W BK N/T,52356,2275,1250,1000,2019-07-03 8:21,177.4,187.3,188.7,188.6,189.2,199.7,195,194.7,194.9,200,200,211.8,207.9,204.8,207.9,210.9,199.9,205.1,205,34.4,77.8,41.7,9.151,9.152,25.027,1995,212.6,15.4,205.076,2019-07-03 6:21,26.2,25.5
2019-07-03 7:27,Extruder 1,19-A-411,90310-000065100004,7050 0% 065T 1000W BK N/T,52356,2275,1250,500,2019-07-03 7:27,177.5,187.3,190.8,190.2,189.8,190.8,194.9,194.9,194.9,199.9,200.2,212,208,205.1,208,210.9,199.9,205,204.8,29.7,77.8,42.1,9.151,9.148,35.494,2226,213.9,15.4,227.562,2019-07-03 6:21,25.4,25.3
2019-07-03 7:00,Extruder 1,19-A-411,90310-000065100004,7050 0% 065T 1000W BK N/T,52356,2275,1250,250,2019-07-03 7:00,178,187.5,189.2,189.7,189.8,198.2,194.3,195.2,195,199.9,200.3,211.9,208,205,208,210.9,199.9,205.1,205,37.6,77.4,41.7,9.145,9.148,35.485,2207,213.7,14.6,228.653,2019-07-03 6:21,25.7,25.2
2019-07-03 6:33,Extruder 1,19-A-410,90310-000065100004,7050 0% 065T 1000W BK N/T,52356,2262,1250,1000,2019-07-03 6:33,178,188.4,189.8,190.4,190,198.8,194.4,195.2,194.9,200,200.1,211.9,208,205.1,208.1,210.9,199.9,205,205.1,28.2,77.5,42.1,9.203,9.203,35.449,2204,213.8,15,231.546,2019-07-03 4:33,25.2,25.1
2019-07-03 5:39,Extruder 1,19-A-410,90310-000065100004,7050 0% 065T 1000W BK N/T,52356,2262,1250,500,2019-07-03 5:39,177.8,188.6,189.3,189.7,190.6,193.8,194.6,195.1,195,200,199.5,212,208.1,205.1,208.1,211,200.1,205,205.1,34.7,77.9,41.5,9.098,9.108,35.519,2197,213.6,13.8,230.195,2019-07-03 4:33,25.8,25.3
2019-07-03 5:12,Extruder 1,19-A-410,90310-000065100004,7050 0% 065T 1000W BK N/T,52356,2262,1250,250,2019-07-03 5:12,178.2,188,189.2,190.5,191.4,200.5,194.8,194.9,195.1,200,199.6,212,208,205,207.9,210.9,199.9,205.2,204.9,37.1,77.9,41.8,9.098,9.087,35.497,2170,214.1,14.4,226.66,2019-07-03 4:33,25.4,25.5
2019-07-03 2:23,Extruder 1,19-A-408,90310-000065100004,7050 0% 065T 1000W BK N/T,52356,2262,1250,1000,2019-07-03 2:23,178,188.1,189.7,189.8,186.6,189.8,195.6,195.1,195.3,200,200.2,212.1,208.1,205.1,208.2,211.1,200.1,205,205.1,38.4,78.1,42.1,15.003,14.991,35.49,2137,213.3,15.2,157.495,2019-07-01 1:57,27.2,26.2
2019-07-03 1:29,Extruder 1,19-A-408,90310-000065100004,7050 0% 065T 1000W BK N/T,52356,2262,1250,500,2019-07-03 1:29,177.4,187.8,188.8,189.7,191.7,199.3,196.1,195,195.1,200,200.1,212.2,208.1,205.2,208.1,211,200.2,205,205,38.4,78.2,42.1,9.005,8.994,35.49,2095,214.4,16.8,224.407,2019-07-01 1:57,27.2,26.6
2019-07-03 1:02,Extruder 1,19-A-408,90310-000065100004,7050 0% 065T 1000W BK N/T,52356,2262,1250,250,2019-07-03 1:02,177.9,187.9,190.6,190,192.5,188.8,195.4,194.9,195.1,199.9,200.1,212.2,208.2,205.2,208.4,211.3,200,204.8,204.7,32.7,78.6,43.2,8.996,9.016,35.487,2102,213.3,18.2,226.091,2019-07-01 1:57,27.3,26.9
2019-07-03 0:22,Extruder 1,19-A-408,90310-000065100004,7050 0% 065T 1000W BK N/T,52356,2262,1250,250,2019-07-03 0:22,176.8,187.8,190.5,189.7,188.1,199.8,195.6,195.4,195,199.9,199.7,212.7,208.5,205.8,209.2,212.8,200.1,205.2,204.8,25.2,73.1,42,9.003,9.009,35.141,2065,213.5,15.7,222.794,2019-07-01 1:57,27.8,26.9
2019-06-24 10:49,Extruder 1,19-A-384,90310-000065100004,7050 0% 065T 1000W BK N/T,52356,2275,1250,1000,2019-06-24 10:49,172.7,187.6,181.9,182.2,192.9,188.7,180,180,180.1,180,180.1,199.9,200.1,200.1,200.1,200.1,179.8,179.8,180,40.2,74.2,36.7,9.204,9.193,20.075,1875,200.4,17.5,200.64,2019-06-24 7:04,28.6,28.3
2019-06-24 9:55,Extruder 1,19-A-384,90310-000065100004,7050 0% 065T 1000W BK N/T,52356,2275,1250,500,2019-06-24 9:55,168.3,187.7,182.6,183.6,193.5,196.8,180.3,180.7,180.1,180,180.3,200,200,200,200,200,179.8,180,179.9,40,74.1,36.6,9.201,9.231,34.089,2197,202.8,15.4,229.246,2019-06-24 7:04,28.9,28.2
2019-06-24 9:29,Extruder 1,19-A-384,90310-000065100004,7050 0% 065T 1000W BK N/T,52356,2275,1250,250,2019-06-24 9:29,182.3,188.5,182.5,183.4,194.9,193.5,180.3,179.3,180.1,180.1,180.2,200.1,200.1,200.2,200.1,200.1,180.4,180,180,40.1,73.9,36.4,9.203,9.186,34.005,2205,203.1,16.5,228.724,2019-06-24 7:04,28.2,27.9
2019-06-24 9:10,Extruder 1,19-A-384,90310-000065100004,7050 0% 065T 1000W BK N/T,52356,2275,1250,500,2019-06-24 9:10,179.6,187.9,182.9,183.6,191.3,198,180.5,180.2,180.3,180,180.3,200.3,200.3,200.3,200.3,200,180.4,180,180,40.1,73.9,36.3,9.201,9.223,33.916,2192,203.1,15.1,230.527,2019-06-24 7:04,27.4,27.9
2019-06-24 8:43,Extruder 1,19-A-384,90310-000065100004,7050 0% 065T 1000W BK N/T,52356,2275,1250,250,2019-06-24 8:43,175.2,187.8,183.8,183.5,188.8,188.4,180.9,180.2,180.5,180,180.4,200.4,200.8,200.8,200.9,200.2,180.2,180.1,180,40.1,73.6,36.1,9.201,9.218,34.121,2194,202.3,16.7,226.755,2019-06-24 7:04,27.5,27.5
2019-06-24 0:45,Extruder 1,19-A-383,90310-000065100004,7050 0% 065T 1000W BK N/T,52356,1251,1250,2000,2019-06-24 0:45,64.1,73.1,128.3,163.2,162,168.7,175.1,175.6,175,175.1,175.1,175.1,175.1,175,174.9,175.1,175.4,175.1,175,29.2,32.7,29.9,14.018,13.988,-0.253,169,184.3,14,1.139,2019-06-23 18:07,27.6,27.9
2019-06-23 20:00,Extruder 1,19-A-383,90310-000065100004,7050 0% 065T 1000W BK N/T,52356,1251,1250,1000,2019-06-23 20:00,176.3,188.1,190.7,190.9,191.3,200.8,194.9,195.2,194.9,200,200,209.9,208,205.1,207.9,207.9,200.1,205,205,40.5,75.1,37.7,14.003,13.995,36.699,1800,215,15.7,78.297,2019-06-23 18:07,30.6,30
2019-06-23 19:10,Extruder 1,19-A-383,90310-000065100004,7050 0% 065T 1000W BK N/T,52356,1251,1250,500,2019-06-23 19:10,174.4,188.6,189.7,190.8,191.8,197.6,194.7,195.2,195.1,200.1,200.5,210,208,205.1,208,208,199.8,205,205.1,40.5,75.1,37.7,9.603,9.635,36.647,2245,214.3,15.8,233.136,2019-06-23 18:07,30.5,29.8
2019-06-23 18:44,Extruder 1,19-A-383,90310-000065100004,7050 0% 065T 1000W BK N/T,52356,2262,1250,250,2019-06-23 18:44,182.5,188.3,190.3,190.2,191.6,196.6,194.8,195.4,194.9,200,200,210,208,205.1,207.8,207.9,200,204.8,204.9,40.4,75,37.8,9.601,9.599,36.686,2236,214.5,16.2,235.294,2019-06-23 18:07,30.7,30
2019-06-23 18:18,Extruder 1,19-A-382,90310-000065100004,7050 0% 065T 1000W BK N/T,52356,2262,1250,1000,2019-06-23 18:18,172.5,187.6,190.1,189.3,191.5,190.4,194.8,194.9,195.1,200,200,210,208,205.1,208.1,208,200.1,205,205.1,40.5,75,37.8,9.594,9.599,36.711,2246,214,15.8,232.97,2019-06-23 16:24,30.8,30
2019-06-23 17:27,Extruder 1,19-A-382,90310-000065100004,7050 0% 065T 1000W BK N/T,52356,2262,1250,500,2019-06-23 17:27,183.2,188.4,190.8,189.8,191.1,192.1,195.3,195.2,195,200.1,200.2,210,207.9,205.1,207.9,207.9,200.1,205,205,40.6,75.3,37.9,9.603,9.571,36.62,2234,214.5,15.6,232.305,2019-06-23 16:24,31,30
2019-06-23 17:01,Extruder 1,19-A-382,90310-000065100004,7050 0% 065T 1000W BK N/T,52356,2262,1250,250,2019-06-23 17:01,176.1,188.4,189.5,190.3,190,193.5,195.2,195.3,195,200,199.7,210,208,205,208.1,208,200,205,204.9,40.7,75.1,37.9,9.397,9.44,36.688,2222,214.2,15.1,236.86,2019-06-23 16:24,31.4,30.2
2019-06-23 16:23,Extruder 1,19-A-381,90310-000065100004,7050 0% 065T 1000W BK N/T,52356,2262,1250,1000,2019-06-23 16:23,184.4,188.3,190.7,189.3,189.6,189.1,195.4,194.8,195,200,200,210.1,208,205.1,208.1,208,200.2,205,205,40.6,75.3,37.9,16.001,15.988,36.722,2233,214.3,18,234.132,2019-06-23 14:29,30.9,30.1
2019-06-23 15:32,Extruder 1,19-A-381,90310-000065100004,7050 0% 065T 1000W BK N/T,52356,2262,1250,500,2019-06-23 15:32,168.6,187.6,189.8,189.6,189.5,196.3,194.7,194.8,195,200,200.5,210.1,208,205.1,208.1,208,200,204.8,205,40.7,75.1,37.9,9.455,9.418,36.674,2183,214.5,15.8,229.246,2019-06-23 14:29,31.4,30.4
2019-06-23 15:06,Extruder 1,19-A-381,90310-000065100004,7050 0% 065T 1000W BK N/T,52356,2262,1250,250,2019-06-23 15:06,180.9,188.3,190.3,189.8,189.9,191.1,194.6,195.2,195.1,200,200.3,210.1,208.1,205.1,208.1,208,200.2,205.1,205,40.6,75.3,37.9,9.441,9.382,36.631,2209,213.8,16.4,234.535,2019-06-23 14:29,30.9,30.3
2019-06-23 14:40,Extruder 1,19-A-380,90310-000065100004,7050 0% 065T 1000W BK N/T,52356,2262,1250,1000,2019-06-23 14:40,178.5,188.2,189.9,191.1,190.5,198.6,195.6,195.1,195,200,199.5,210,208,205,208,208.1,199.9,205,205.1,40.3,74.9,37.9,9.448,9.43,36.665,2168,214.5,15,227.396,2019-06-23 12:45,31.5,30.3
2019-06-23 13:48,Extruder 1,19-A-380,90310-000065100004,7050 0% 065T 1000W BK N/T,52356,2262,1250,500,2019-06-23 13:48,184,188,189.6,189.5,190.1,192.1,195,195.3,195,200.1,200.3,210.2,208.3,205.4,208.3,208.3,200.1,204.9,205,40.7,75.2,37.7,9.45,9.445,36.679,2178,213.7,16.1,229.341,2019-06-23 12:45,30,29.7
2019-06-23 13:22,Extruder 1,19-A-380,90310-000065100004,7050 0% 065T 1000W BK N/T,52356,2262,1250,250,2019-06-23 13:22,176,188.3,189.7,190.2,190.5,200.2,194.8,194.5,195.1,200,200.3,210,208,205.1,208.1,208.1,200,205.1,205.1,40.5,75,37.6,9.453,9.456,36.704,2124,213.9,15.7,221.679,2019-06-23 12:45,30.7,30.1
2019-06-23 12:55,Extruder 1,19-A-379,90310-000065100004,7050 0% 065T 1000W BK N/T,52356,2262,1250,1000,2019-06-23 12:55,171.1,187.7,188.9,189.9,190,190.7,195.3,195.2,195.1,200,199.7,210.1,208,205,208.1,208.2,200.2,205,205.1,40.7,74.9,37.4,9.444,9.349,36.667,2158,213.9,17.7,229.625,2019-06-23 10:59,30.2,29.6
2019-06-23 12:03,Extruder 1,19-A-379,90310-000065100004,7050 0% 065T 1000W BK N/T,52356,2262,1250,500,2019-06-23 12:03,171.7,187.8,190,189.8,190.4,200,195,194.7,194.9,200,199.6,209.9,208,204.9,207.9,208,200.1,204.9,205,40.6,74.7,37.2,9.402,9.41,36.699,2097,214.4,15.6,222.913,2019-06-23 10:59,29.5,29.2
2019-06-23 11:36,Extruder 1,19-A-379,90310-000065100004,7050 0% 065T 1000W BK N/T,52356,2262,1250,250,2019-06-23 11:36,178.8,188.1,189.9,189.7,190.1,189.1,195,195.1,195,200.1,200.2,210,208.2,205.2,208.1,208,200,205.1,205.1,40.2,74.5,37.1,9.404,9.43,36.722,2133,213.8,15.1,225.19,2019-06-23 10:59,29.4,29.1
2019-06-23 11:10,Extruder 1,19-A-378,90310-000065100004,7050 0% 065T 1000W BK N/T,52356,2262,1250,1000,2019-06-23 11:10,177.5,187.7,189.1,189.3,190.1,197,195.2,195.5,195.1,200,200.4,210,208,205.2,208,208.1,199.9,204.9,205,40.4,74.4,36.9,9.399,9.331,36.162,2114,214,14.7,221.015,2019-06-23 9:13,29.4,28.8
2019-06-23 10:17,Extruder 1,19-A-378,90310-000065100004,7050 0% 065T 1000W BK N/T,52356,2262,1250,500,2019-06-23 10:17,182.7,188.5,190.3,189.1,189.8,190.2,195.2,194.6,195,200,199.8,210.1,208,205.1,208,208,200,204.9,205,40.1,74.3,36.6,9.295,9.301,36.175,2107,213.6,15.1,220.398,2019-06-23 9:13,27.9,28.3
2019-06-23 9:50,Extruder 1,19-A-378,90310-000065100004,7050 0% 065T 1000W BK N/T,52356,2262,1250,250,2019-06-23 9:50,171.2,187.5,189.8,189.7,190.1,198.8,194.7,195,195.1,200,200.1,210.1,208,205.1,208,208,199.9,205.1,205.1,40.3,74.1,36.6,9.298,9.301,36.164,2063,214.2,15.3,219.094,2019-06-23 9:13,28,28.1
2019-06-23 9:23,Extruder 1,19-A-377,90310-000065100004,7050 0% 065T 1000W BK N/T,52356,2262,1250,1000,2019-06-23 9:23,182.6,187.8,190.7,189.4,189.5,196.8,195,195.4,195,200,200.1,210,207.9,205,207.9,207.8,200.2,205.1,205,40.3,74.1,36.4,9.302,9.289,36.15,2082,214.2,15.1,225.546,2019-06-22 18:29,27.7,27.8
2019-06-23 8:30,Extruder 1,19-A-377,90310-000065100004,7050 0% 065T 1000W BK N/T,52356,2262,1250,500,2019-06-23 8:30,169.4,187.4,191,189.8,189.9,198.6,195.2,195,195.1,200,199.9,210,208.2,205.1,208.1,208,199.9,205,204.8,35.6,74,36.1,9.309,9.335,36.223,2037,214.2,15.1,217.955,2019-06-22 18:29,27.1,27.4
2019-06-23 8:04,Extruder 1,19-A-377,90310-000065100004,7050 0% 065T 1000W BK N/T,52356,2262,1250,250,2019-06-23 8:04,181.9,187.7,190.6,190.2,189.4,193.6,195.4,195.3,195.2,200,200.2,210.2,208.3,205.8,208.2,207.9,200.3,205,204.7,34.3,73.9,36.2,9.302,9.317,36.282,2076,214.3,14.6,214.967,2019-06-22 18:29,26.5,27.1
2019-06-22 18:21,Extruder 1,19-A-376,90310-000065100004,7050 0% 065T 1000W BK N/T,52356,2262,1250,1000,2019-06-22 18:21,178.9,188.1,189.6,189.5,189.9,189.2,195.2,195.7,195,200.1,199.4,212.1,208,205.1,207.9,208,200.1,205,204.9,50,75,37.9,16.001,15.982,36.64,2117,214.1,17.3,221.347,2019-06-22 16:22,31.3,30.6
2019-06-22 17:28,Extruder 1,19-A-376,90310-000065100004,7050 0% 065T 1000W BK N/T,52356,2262,1250,500,2019-06-22 17:28,177.9,188.3,190.7,190.2,190,200.4,195,194.9,194.9,200,199.5,212.1,207.9,205,208,208,200,205.1,205,50.2,75.2,37.7,9.203,9.216,36.656,2073,214.8,15,222.723,2019-06-22 16:22,31.1,30.3
2019-06-22 17:01,Extruder 1,19-A-376,90310-000065100004,7050 0% 065T 1000W BK N/T,52356,2262,1250,250,2019-06-22 17:01,176.6,187.9,189.8,189.7,188.9,190.7,195.1,194.9,195,199.9,200.3,211.8,207.9,204.9,208,208,200,205.1,204.9,50,75,37.7,9.1,9.098,36.631,2107,214.5,15.9,226.684,2019-06-22 16:22,30.9,30.3
2019-06-22 16:33,Extruder 1,19-A-375,90310-000065100004,7050 0% 065T 1000W BK N/T,52356,2262,1250,1000,2019-06-22 16:33,175.9,187.6,190.4,190.3,189.5,191.2,195,195,194.9,199.9,200.5,212,208,205.1,207.9,208,200,205.1,205,50.2,75.1,37.6,9.196,9.196,36.743,2128,214.4,16.8,219.426,2019-06-22 14:37,31,30.4
2019-06-22 15:40,Extruder 1,19-A-375,90310-000065100004,7050 0% 065T 1000W BK N/T,52356,2262,1250,500,2019-06-22 15:40,180,188.5,190.3,189.2,188.6,197.1,195.3,194.9,195,200.2,200.3,212.1,207.9,205.1,207.9,207.9,200,205.1,205.1,49.8,75,37.6,9.203,9.239,36.67,2160,215.4,16.5,223.933,2019-06-22 14:37,30.9,30.2
2019-06-22 15:13,Extruder 1,19-A-375,90310-000065100004,7050 0% 065T 1000W BK N/T,52356,2262,1250,250,2019-06-22 15:13,181,188.7,190.7,189.1,189.4,190.3,195.1,195.4,195,200,200.5,212.1,208.1,205.2,208.1,208.1,200.2,205.1,205.1,50.1,75,37.4,9.201,9.188,36.708,2183,214.8,15.6,230.859,2019-06-22 14:37,30.6,29.9
2019-06-22 14:24,Extruder 1,19-A-374,90310-000065100004,7050 0% 065T 1000W BK N/T,52356,2262,1250,1000,2019-06-22 14:24,177.7,188.4,189.3,190.1,190.4,191.3,194.9,195.4,195.1,200.1,200.4,212.1,208.1,205.1,208.1,208,200.1,205,205,49.1,75,37.2,14.999,14.987,35.995,2114,214.8,14.6,221.49,2019-06-22 12:24,29.1,29.4
2019-06-22 13:30,Extruder 1,19-A-374,90310-000065100004,7050 0% 065T 1000W BK N/T,52356,2262,1250,500,2019-06-22 13:30,178.8,188.1,189.5,190.9,190.1,199.1,195,194.9,195,200,200,212,208.1,205.1,208,207.9,200.1,205,204.9,48.9,74.8,37.2,8.994,8.961,35.957,2116,215.2,15.3,222.035,2019-06-22 12:24,30,29.4
2019-06-22 13:03,Extruder 1,19-A-374,90310-000065100004,7050 0% 065T 1000W BK N/T,52356,2262,1250,250,2019-06-22 13:03,179,187.9,190.1,190,189.9,189.7,195.4,195.2,195,200,200,212,208,205,208,208,200.2,205,205,49,74.6,37,8.996,8.969,35.913,2127,215,14.8,227.657,2019-06-22 12:24,29.7,29.1
2019-06-22 10:22,Extruder 1,19-A-373,90310-000065100004,7050 0% 065T 1000W BK N/T,52356,2262,1250,2000,2019-06-22 10:22,178.4,187.8,190.4,189.8,188.3,193.4,195.4,195.6,195.1,200,200.4,212.3,208.4,205.5,208.4,208.1,200,205.1,205,49.3,73.8,36.3,10.01,9.97,33.665,2057,214,17.3,214.967,2019-06-21 18:04,27.5,27.7
2019-06-21 17:45,Extruder 1,19-A-372,90310-000065065004,7050 0% 065T 650W BK N/T,52701,2262,1250,1000,2019-06-21 17:45,178.7,188.2,189.7,190.1,189.8,193,195.2,194.6,195,199.9,200.2,207.9,208.2,205.1,208,207.7,199.8,205,204.7,35.1,68.9,49.8,16.004,16.02,28.105,1876,211.9,15.2,130.052,2019-06-21 12:41,29.6,29.4
2019-06-21 17:01,Extruder 1,19-A-372,90310-000065065004,7050 0% 065T 650W BK N/T,52701,2262,1250,500,2019-06-21 17:01,179.6,188.1,189.5,190.7,192.3,200.5,195.3,195.1,195,199.9,200.5,208,208.1,205.3,208.1,207.8,199.8,205,204.4,34.8,68.3,49.7,10.999,11.012,28.098,1952,212.3,17,211.622,2019-06-21 12:41,29.5,29.2
2019-06-21 16:39,Extruder 1,19-A-372,90310-000065065004,7050 0% 065T 650W BK N/T,52701,2262,1250,250,2019-06-21 16:39,180.2,187.5,190.6,190.5,189.4,193.2,195.4,194.8,194.8,199.9,199.6,208.1,208.2,205.7,208,207.8,200.1,205,204,35.1,68.8,49.8,10.993,11.014,28.114,1981,211.7,15.1,217.125,2019-06-21 12:41,29.7,29.3
2019-06-21 12:52,Extruder 1,19-A-371,90310-000065065004,7050 0% 065T 650W BK N/T,52701,2262,1250,1000,2019-06-21 12:52,178,187.8,190.1,189.2,189.4,190.1,195,194.7,195,199.9,199.6,208,208,205,208,207.9,200.1,205,205,34.9,68.2,49.6,10.902,10.893,28.075,1962,211.8,17.1,207.922,2019-06-21 11:12,29.6,29.1
2019-06-21 12:07,Extruder 1,19-A-371,90310-000065065004,7050 0% 065T 650W BK N/T,52701,2262,1250,500,2019-06-21 12:07,178.7,187.9,190.7,188.5,189.8,193,195.1,195.1,195.1,200,200.2,208.2,208.1,205.1,208.1,208,200,205,205.1,34.7,68.4,49.7,11.004,11.012,28.048,1951,211.9,15.1,205.313,2019-06-21 11:12,29.8,29.1
2019-06-21 11:45,Extruder 1,19-A-371,90310-000065065004,7050 0% 065T 650W BK N/T,52701,2262,1250,250,2019-06-21 11:45,178.8,188.2,190.1,189.5,189.6,191.1,195,194.8,195,200,199.9,208,207.9,205.1,208,208,200.2,205.2,205.1,34.6,68,49.6,10.999,11.018,28.087,1934,211.9,16.8,216.105,2019-06-21 11:12,29.6,29.1
2019-06-21 11:22,Extruder 1,19-A-370,90310-000065065004,7050 0% 065T 650W BK N/T,52701,2262,1250,1000,2019-06-21 11:22,179.4,188.1,190.2,189.7,190.3,200.2,195.1,195.1,194.8,199.9,200.4,208,208,205.2,207.8,207.9,199.9,205.1,205.1,34.6,67.9,49.6,10.997,10.984,28.141,1921,212.1,14.8,213.188,2019-06-21 8:26,28.7,28.9
2019-06-21 10:37,Extruder 1,19-A-370,90310-000065065004,7050 0% 065T 650W BK N/T,52701,2262,1250,500,2019-06-21 10:37,178.8,187.8,190.5,190.3,191.1,190.8,195.1,194.5,194.6,199.6,200.3,207.8,207.8,205.1,207.5,207.7,200.1,204.8,204.6,34.6,67.8,49.5,11.099,11.092,28.107,1900,211.4,17,209.108,2019-06-21 8:26,29.1,28.7
2019-06-21 10:15,Extruder 1,19-A-370,90310-000065065004,7050 0% 065T 650W BK N/T,52701,2262,1250,250,2019-06-21 10:15,177.6,187.6,189.4,189.4,189.4,199.2,195.1,195,194.3,199.5,199.8,207.4,207.5,205.3,207.5,207.5,199.9,205,204.5,34.8,68.2,49.3,11.302,11.34,28.105,1914,211.3,16.2,206.309,2019-06-21 8:26,28.6,28.4
2019-06-21 8:36,Extruder 1,19-A-369,90310-000065065004,7050 0% 065T 650W BK N/T,52701,2262,1250,1000,2019-06-21 8:36,175.6,187.7,190.6,190,190.3,195.5,195,195.2,195,200,199.9,208,208,205.1,208,208,200,204.9,205,33.7,65.3,48,11.099,11.125,28.137,1906,212.2,15.6,211.812,2019-06-21 6:57,28,28.2
2019-06-21 7:51,Extruder 1,19-A-369,90310-000065065004,7050 0% 065T 650W BK N/T,52701,2262,1250,500,2019-06-21 7:51,173.9,188.2,189.4,190.5,189.7,194.1,195,195.3,195.1,200.1,200.6,208.1,208,205.2,208.2,208.1,199.9,205,205,33.6,64.8,47.7,11.099,11.107,28.093,1917,212.1,15.4,212.026,2019-06-21 6:57,27.7,28.2
2019-06-21 7:29,Extruder 1,19-A-369,90310-000065065004,7050 0% 065T 650W BK N/T,52701,2275,1250,250,2019-06-21 7:29,184.9,188.3,190.3,189.8,189.6,194.8,194.9,194.9,194.8,200.1,200,208,208.1,205.1,208,208,200.2,205.1,205.2,33.5,64.6,47.4,10.995,11.018,28.073,1902,212.1,17,209.677,2019-06-21 6:57,27.7,28.2
2019-06-21 7:07,Extruder 1,19-A-368,90310-000065065004,7050 0% 065T 650W BK N/T,52701,2275,1250,1000,2019-06-21 7:07,179.1,188.3,189.5,190.2,189.9,195.2,195,195.1,194.9,200,200.6,208,208.1,205.1,208,208,200,205,205.2,33.8,64.9,47.6,11.203,11.191,28.043,1887,212.1,15.4,207.448,2019-06-21 5:31,27.6,28.1
2019-06-21 6:23,Extruder 1,19-A-368,90310-000065065004,7050 0% 065T 650W BK N/T,52701,2275,1250,500,2019-06-21 6:23,170.3,187.9,189.7,190,189.5,195.2,195.1,195,195,199.9,200.2,208,208.1,205.1,208.1,208.1,200,205,204.8,33.3,64.7,47.7,11.205,11.215,28.109,1902,212.1,15.4,203.89,2019-06-21 5:31,27.2,28
2019-06-21 6:01,Extruder 1,19-A-368,90310-000065065004,7050 0% 065T 650W BK N/T,52701,2275,1250,250,2019-06-21 6:01,178.5,188.1,190.1,190.5,189.1,195.5,195.1,195.4,195,200,199.5,208.1,208.3,205.3,208.3,208,200.1,205.1,205,34.6,65.9,48,11.201,11.205,28.075,1894,211.7,16.3,208.278,2019-06-21 5:31,27,28.1
2019-06-21 5:19,Extruder 1,19-A-367,90310-000065065004,7050 0% 065T 650W BK N/T,52701,2275,1250,1000,2019-06-21 5:19,174.5,188,190,190.1,189.9,189.8,195,195.2,195,199.9,199.3,207.9,208,205.2,208,208,199.9,204.9,204.9,28.9,65.9,48,11.203,11.231,28.011,1911,211.5,16.7,208.586,2019-06-21 3:46,27,28.1
2019-06-21 4:35,Extruder 1,19-A-367,90310-000065065004,7050 0% 065T 650W BK N/T,52701,2275,1250,500,2019-06-21 4:35,177.7,188,189.4,190.2,190.1,199.9,195,194.9,195,200,200,208,207.9,204.8,208,208,200,205.1,205.1,34.2,66.2,48.1,11.198,11.167,27.995,1901,212.1,14.8,208.99,2019-06-21 3:46,29,28.2
2019-06-21 4:13,Extruder 1,19-A-367,90310-000065065004,7050 0% 065T 650W BK N/T,52701,2275,1250,250,2019-06-21 4:13,184.8,188.1,190.3,190.6,190,191.7,195.1,194.5,195,199.9,199.9,207.9,208,204.7,208,207.9,199.8,204.9,205,33.6,65.8,48.1,11.207,11.219,28.018,1906,211.7,14.5,213.022,2019-06-21 3:46,27.4,28
2019-06-21 3:50,Extruder 1,19-A-366,90310-000065065004,7050 0% 065T 650W BK N/T,52701,2275,1250,1000,2019-06-21 3:50,176.4,187.5,189.5,189,189.7,192.7,195,195.4,195,200,200.2,208,208,205.2,208.1,208.1,200.2,205,205.1,34.3,66.4,48.3,11.203,11.185,28.059,1919,212,16.3,208.373,2019-06-21 2:17,28.6,28.3
2019-06-21 3:06,Extruder 1,19-A-366,90310-000065065004,7050 0% 065T 650W BK N/T,52701,2275,1250,500,2019-06-21 3:06,177.2,188.2,190.2,189.1,189.8,193.5,195.2,194.9,195,200,199.9,208,208.1,204.8,208,208,200,205.1,205,34.6,66.6,48.3,11.198,11.235,28.007,1933,211.8,15.4,217.718,2019-06-21 2:17,27.9,28.3
2019-06-21 2:44,Extruder 1,19-A-366,90310-000065065004,7050 0% 065T 650W BK N/T,52701,2275,1250,250,2019-06-21 2:44,184.9,188.3,189.6,189.6,189.7,189.2,195.1,194.9,195,199.9,200.5,208.1,208.1,205.1,208,208,200.1,205,205.1,26.1,66.3,48.3,11.21,11.199,28.034,1913,211.6,17.5,211.243,2019-06-21 2:17,29,28.3
2019-06-21 2:22,Extruder 1,19-A-365,90310-000065065004,7050 0% 065T 650W BK N/T,52701,2275,1250,1000,2019-06-21 2:22,178.3,188,190.2,190.1,190.1,201.6,195,194.8,195,200,200.3,208,208,204.7,207.9,207.9,200,205.1,205,26.3,66.5,48.4,11.194,11.205,28.002,1864,211.8,15.7,203.012,2019-06-21 0:46,28.4,28.4
2019-06-21 1:38,Extruder 1,19-A-365,90310-000065065004,7050 0% 065T 650W BK N/T,52701,2275,1250,500,2019-06-21 1:38,172.1,187.9,189.5,190.4,190,189.5,195.3,195.1,195.1,200,200.5,208.1,208.2,205.1,208.2,208.1,200,205,205,28.5,65.9,48.3,11.189,11.203,28.002,1885,211.2,16,204.862,2019-06-21 0:46,28.2,28.5
2019-06-21 1:16,Extruder 1,19-A-365,90310-000065065004,7050 0% 065T 650W BK N/T,52701,2275,1250,250,2019-06-21 1:16,180.6,187.7,190.4,190,189.2,194.2,195.1,195,194.9,200,200,208.1,208.2,205.2,208.2,208,200,204.9,205,30.1,65.8,48.3,11.201,11.219,27.995,1882,211.1,17.9,208.112,2019-06-21 0:46,28.6,28.4
2019-06-21 0:34,Extruder 1,19-A-364,90310-000065065004,7050 0% 065T 650W BK N/T,52701,2275,1250,1000,2019-06-21 0:34,183,188.3,190.5,189.2,190.1,195.9,194.8,194.8,194.9,200.1,199.9,207.9,208,205,207.9,207.8,199.9,205,205,29.4,66,48.4,11.194,11.193,28.046,1883,211.2,14.4,203.439,2019-06-20 23:04,29,28.5
2019-06-20 23:51,Extruder 1,19-A-364,90310-000065065004,7050 0% 065T 650W BK N/T,52701,2275,1250,500,2019-06-20 23:51,171.3,187.8,190.6,189.7,189.8,198.2,195.1,195,194.9,199.9,200.7,208,208,205.1,207.9,208,200.2,205.2,205,28.1,66,48.4,11.201,11.235,28.071,1857,211.6,17.4,198.15,2019-06-20 23:04,28.6,28.6
2019-06-20 23:29,Extruder 1,19-A-364,90310-000065065004,7050 0% 065T 650W BK N/T,52701,2275,1250,250,2019-06-20 23:29,177.5,187.8,189.4,189.8,190,198.8,194.9,195.3,195,200.1,199.9,207.9,208,205,207.9,207.9,200,205,205,30.4,66.3,48.6,11.198,11.175,27.991,1872,211.5,15.8,203.748,2019-06-20 23:04,28.3,28.8
2019-06-20 23:06,Extruder 1,19-A-363,90310-000065065004,7050 0% 065T 650W BK N/T,52701,2275,1250,1000,2019-06-20 23:06,184.7,188.2,189.8,189.9,190,190.2,195,194.9,195,200,200,208.1,208.1,205.2,208,208,200.2,204.9,205,31,66.6,48.7,11.198,11.145,27.984,1884,211.1,16.8,209.108,2019-06-20 18:21,28.5,28.9
2019-06-20 22:22,Extruder 1,19-A-363,90310-000065065004,7050 0% 065T 650W BK N/T,52701,2275,1250,500,2019-06-20 22:22,172.2,187.9,190.1,188.2,190,200.3,195.1,195.1,195,200.1,200.2,208,208,205.2,208,208,200,205.1,205.1,32.2,66.2,48.7,11.194,11.185,27.957,1858,211.5,15.2,207.946,2019-06-20 18:21,28.8,28.9
2019-06-20 22:00,Extruder 1,19-A-363,90310-000065065004,7050 0% 065T 650W BK N/T,52701,2275,1250,250,2019-06-20 22:00,174.3,187.7,189.1,190.4,190.3,194.1,195.3,194.9,195,200,200,208.2,208.1,205.1,208,207.9,200,205.1,205,33,65.8,48.6,11.201,11.229,28.005,1879,211.2,15.9,210.484,2019-06-20 18:21,30,28.9
2019-06-20 18:12,Extruder 1,19-A-362,90310-000030100004,7050 0% 030T 1000W BK N/T,52700,1476,1250,1000,2019-06-20 18:12,178.3,188.1,190.1,185.1,192.8,190.8,185,190.2,185,190,189.5,208,204.8,204.9,204.8,207.9,190.1,189.9,190,27.1,62.1,27.8,10.212,10.204,19.064,1506,201.3,17.2,180.574,2019-06-20 16:32,30,29.6
2019-06-20 17:24,Extruder 1,19-A-362,90310-000030100004,7050 0% 030T 1000W BK N/T,52700,1476,1250,500,2019-06-20 17:24,178.1,187.9,190.1,185,192.8,186.8,184.9,189.9,185,190.1,189.8,208,205,204.9,204.9,208,190.1,189.9,190,27.7,62.8,27.8,10.189,10.2,19.146,1496,200.7,15.8,181.95,2019-06-20 16:32,29,29.1
2019-06-20 17:00,Extruder 1,19-A-362,90310-000030100004,7050 0% 030T 1000W BK N/T,52700,1476,1250,250,2019-06-20 17:00,178.3,188.1,189.7,185.1,193.3,198.8,185,190,185,190,190.2,208,205,204.9,204.8,208,190.1,189.9,190.1,28.1,62,27.6,10.21,10.212,19.103,1469,201.5,16.2,180.764,2019-06-20 16:32,28.6,29.2
2019-06-20 16:16,Extruder 1,19-A-361,90310-000030100004,7050 0% 030T 1000W BK N/T,52700,1476,1250,1000,2019-06-20 16:16,177.9,188,190.2,184.9,193,187.6,185,190,185.1,190,189.6,208,205.1,205.1,205.1,208.1,190.1,190,190,29.7,61.4,27.5,10.192,10.2,19.134,1480,200.9,16.7,182.234,2019-06-20 14:36,29.4,28.9
2019-06-20 15:28,Extruder 1,19-A-361,90310-000030100004,7050 0% 030T 1000W BK N/T,52700,1476,1250,500,2019-06-20 15:28,178,188,190.3,185,193.3,193.7,185.1,190.1,185,190,189.4,208,205.1,205,205,208.2,189.9,190.1,190,30.4,61.4,27.5,10.198,10.197,19.105,1464,201.2,14.4,176.02,2019-06-20 14:36,29.2,28.7
2019-06-20 15:04,Extruder 1,19-A-361,90310-000030100004,7050 0% 030T 1000W BK N/T,52700,1476,1250,250,2019-06-20 15:04,178.4,188,189.7,185,192.9,188,185.1,190.2,184.9,189.9,189.9,208,205,205.1,205.1,208.1,190.2,190,190,26.4,61.5,27.5,10.21,10.207,19.052,1474,201.2,17,180.408,2019-06-20 14:36,28.6,28.7
2019-06-20 14:12,Extruder 1,19-A-360,90310-000030100004,7050 0% 030T 1000W BK N/T,52700,1476,1250,1000,2019-06-20 14:12,179.7,187.7,190,184.8,192.8,188.1,185,190.1,184.9,189.9,189.7,208,205,204.9,204.7,208,190.1,190.1,189.9,29.3,61.3,27.4,10.207,10.2,19.103,1479,200.9,16.9,178.961,2019-06-20 12:24,28.4,28.7
2019-06-20 13:24,Extruder 1,19-A-360,90310-000030100004,7050 0% 030T 1000W BK N/T,52700,1476,1250,500,2019-06-20 13:24,177.9,188,189.9,185,193.2,187.7,185,189.8,185.1,190,189.5,208.1,205.1,205.1,205.1,207.9,190.1,190,190,26.8,61,27.3,10.201,10.184,19.112,1466,200.8,15.3,181.096,2019-06-20 12:24,28.8,28.6
2019-06-20 12:59,Extruder 1,19-A-360,90310-000030100004,7050 0% 030T 1000W BK N/T,52700,1476,1250,250,2019-06-20 12:59,178.1,187.9,190.1,185.1,192.9,198.5,185,189.9,185,190,190.2,208,204.8,205,205,208,190.1,190,189.9,26.1,61.2,27.1,9.999,10.007,19.052,1445,201.6,16.2,178.937,2019-06-20 12:24,28.5,28.7
2019-06-20 12:15,Extruder 1,19-A-359,90310-000030100004,7050 0% 030T 1000W BK N/T,52700,1476,1250,1000,2019-06-20 12:15,177.9,187.9,190.2,185,193.2,187.3,185,190,185,190,189.9,208,205,205,205,208,190.1,190,189.9,27,61.6,27.2,9.997,10.015,19.084,1454,200.8,15,177.633,2019-06-19 20:31,27.8,28.5
2019-06-20 11:26,Extruder 1,19-A-359,90310-000030100004,7050 0% 030T 1000W BK N/T,52700,1476,1250,500,2019-06-20 11:26,178.2,187.9,190.1,184.9,193,191.1,185.2,190.1,185.1,190,190.1,207.9,205.1,205.2,205.1,208.1,189.9,189.9,190,28.7,60.9,27.3,9.997,9.995,19.073,1462,200.8,14.5,175.949,2019-06-19 20:31,27.4,28.4
2019-06-20 11:02,Extruder 1,19-A-359,90310-000030100004,7050 0% 030T 1000W BK N/T,52700,0,1250,250,2019-06-20 11:02,179.1,187.9,189.6,184.9,192.9,192.1,185.1,190.4,185.1,189.9,190.2,208.1,205.1,205.1,205.1,208.1,190.1,189.9,190.1,28.8,60.5,27.3,10.002,9.993,19.139,1447,201.3,17.1,173.838,2019-06-19 20:31,27.2,28.5
2019-06-20 10:24,Extruder 1,19-A-359,90310-000030100004,7050 0% 030T 1000W BK N/T,52700,0,1250,500,2019-06-20 10:24,175.7,187.6,190.4,184.9,192.5,198,185.1,190,185.2,190,190.1,208.1,205.1,205.1,204.7,207.9,189.8,190.1,189.9,26,60.4,27.3,10.012,10,19.087,1460,200.9,16.6,181.001,2019-06-19 20:31,29.3,28.6
2019-06-20 10:00,Extruder 1,19-A-359,90310-000030100004,7050 0% 030T 1000W BK N/T,52700,0,1250,250,2019-06-20 10:00,181.7,187.4,188,184.3,191.1,191.4,185.2,190.1,185,189.9,190,208.3,205.1,205.2,205,208,190,189.9,190,26.1,60.6,27.3,10.497,10.507,18.294,1499,199.6,14.4,176.613,2019-06-19 20:31,28.3,28.6
2019-05-06 2:30,Extruder 1,19-A-267,90310-000030100002,7050 0% 030T 1000W BK N/T,52011,1476,1250,1000,2019-05-06 2:30,173.5,188.1,190.1,190.4,190.1,200.8,194.9,194.9,194.9,200.1,200.1,225.1,208,203.4,215,224.9,200,204.8,205.1,34.9,71.7,24.8,10.004,10.013,18.67,1578,208.7,15.5,184.511,2019-05-06 0:48,24.3,26.9
2019-05-06 1:41,Extruder 1,19-A-267,90310-000030100002,7050 0% 030T 1000W BK N/T,52011,1476,1250,500,2019-05-06 1:41,171.6,187.8,189.9,190,190,195.7,195,195.1,195.1,200.1,200,225,207.9,203.3,214.9,224.9,200.1,204.8,204.9,34.4,72.1,25.1,10.006,10.003,18.69,1585,208.4,15.9,184.393,2019-05-06 0:48,24,27.2
2019-05-06 1:16,Extruder 1,19-A-267,90310-000030100002,7050 0% 030T 1000W BK N/T,52011,1476,1250,250,2019-05-06 1:16,183.6,188.2,189.9,190,190.1,198.9,195,195,195,200,200,225,208,203.4,214.9,224.9,199.9,205.1,204.9,31.1,72.1,25.2,10.006,10.015,18.647,1586,208.5,14.3,176.66,2019-05-06 0:48,24.1,26.9
2019-05-06 0:02,Extruder 1,19-A-266,90310-000030100002,7050 0% 030T 1000W BK N/T,52011,1476,1250,1000,2019-05-06 0:02,184.5,188.1,190,189.9,190,194.2,195,194.9,194.9,200,200,225.1,208.1,203.5,215.2,225.1,200,204.9,204.8,34.6,72.2,25.3,9.993,10.007,18.629,1598,208.3,14.8,180.1,2019-05-05 21:45,24.2,27.3
2019-05-05 23:14,Extruder 1,19-A-266,90310-000030100002,7050 0% 030T 1000W BK N/T,52011,1476,1250,500,2019-05-05 23:14,174.5,187.8,190,190.1,190,200.2,195,195.2,195,200,200,225,208,203.4,215,225.1,200.2,204.9,205,23.7,72.6,25.4,10.002,10.013,18.626,1648,208.6,14.7,185.935,2019-05-05 21:45,24.6,27.6
2019-05-05 22:49,Extruder 1,19-A-266,90310-000030100002,7050 0% 030T 1000W BK N/T,52011,1476,1250,250,2019-05-05 22:49,181.6,187.8,189.8,189.5,189.4,190.2,195,195.4,194.9,199.9,199.9,224.9,208,203.4,215.1,225.1,200,204.8,204.9,34.7,72.6,25.5,9.997,10.017,18.476,1677,207.7,15.1,184.393,2019-05-05 21:45,24.9,27.4
2019-05-05 21:25,Extruder 1,19-A-265,90310-000045105004,7050 0% 045T 1050W BK N/T,52008,1476,1250,1000,2019-05-05 21:25,178.7,187.8,190.5,189.5,190,191.4,195,195.2,195,200,199.9,225.2,208.2,204.6,215.1,225.1,200,204.9,205.1,34.7,73.2,26.3,10.002,10.025,28.107,1976,210.9,17.1,220.066,2019-05-05 16:40,26.7,27.7
2019-05-05 20:36,Extruder 1,19-A-265,90310-000045105004,7050 0% 045T 1050W BK N/T,52008,1476,1250,500,2019-05-05 20:36,169.7,187.8,189.8,190,190,193.5,195.2,194.7,195,200,199.9,225,208.1,204.1,215,225,200.2,205.1,205.1,35.8,73,26.5,10.006,10.017,28.146,1980,211,14.7,214.658,2019-05-05 16:40,26.7,27.7
2019-05-05 20:11,Extruder 1,19-A-265,90310-000045105004,7050 0% 045T 1050W BK N/T,52008,1791,1250,250,2019-05-05 20:11,182.3,187.9,190.7,190,189.5,193.6,195.4,195,195,200,200.3,224.9,208.1,203.4,214.9,224.8,199.9,205.1,204.9,35.8,73.1,26.7,9.997,10.007,27.704,1969,211.1,16.1,206.855,2019-05-05 16:40,26.4,27.8
2019-05-05 17:14,Extruder 1,19-A-265,90310-000045105004,7050 0% 045T 1050W BK N/T,52008,1791,1250,250,2019-05-05 17:14,177.9,188,190,190.8,190,193.5,194.5,194.6,194.9,200,199.9,225,208,205.1,214.8,225,199.9,205.1,205,35.9,73.7,27,9.999,9.997,28.551,1984,210.9,15.9,216.437,2019-05-05 16:40,28.3,28.4
2019-05-05 16:21,Extruder 1,19-A-264,90310-000045105004,7050 0% 045T 1050W BK N/T,52008,1791,1250,1000,2019-05-05 16:21,178.3,188.1,190.9,189.9,190.1,194.8,194.9,195.2,195.1,200,200.5,225,208,205.1,214.9,225,200,205.1,205,36.1,73.6,27,10.002,10.003,28.531,1952,211.3,16.6,217.125,2019-05-05 14:34,28.2,28.3
2019-05-05 15:32,Extruder 1,19-A-264,90310-000045105004,7050 0% 045T 1050W BK N/T,52008,1791,1250,500,2019-05-05 15:32,178.2,188.1,190.4,190.4,190.2,195.2,195,194.7,195,200,199.9,225.1,208.1,205.1,215.1,225,200,204.9,204.9,22.9,73.7,26.9,10.002,10.015,28.317,1953,211.3,16.4,217.362,2019-05-05 14:34,27.3,28.2
2019-05-05 15:07,Extruder 1,19-A-264,90310-000045105004,7050 0% 045T 1050W BK N/T,52008,1791,1250,250,2019-05-05 15:07,178.4,188.1,190.2,189.4,190.1,196,194.6,195,195,200,199.8,225,208,205,215,225,200,205.1,205.1,20.3,73.6,26.8,10.006,10.007,28.251,1933,211.1,16.7,217.054,2019-05-05 14:34,26.8,27.9
2019-05-05 14:22,Extruder 1,19-A-263,90310-000045105004,7050 0% 045T 1050W BK N/T,52008,1791,1250,1000,2019-05-05 14:22,178.4,188.1,189.8,189.7,190.2,195,195.2,195.1,195,199.9,200.2,225,208,204.9,215.2,225.1,200,204.8,205.3,26.8,73.5,26.6,9.999,10.028,28.276,1896,211.3,15.1,213.425,2019-05-05 12:35,26.3,27.7
2019-05-05 13:33,Extruder 1,19-A-263,90310-000045105004,7050 0% 045T 1050W BK N/T,52008,1791,1250,500,2019-05-05 13:33,178.4,188.1,190.3,190.7,190.1,194.9,194.9,195,195.1,200.1,200.3,225,208,205.1,215,225,200,205,205,35.9,73.4,26.5,9.997,9.993,28.075,1868,210.8,15,214.042,2019-05-05 12:35,28.5,27.7
2019-05-05 13:09,Extruder 1,19-A-263,90310-000045105004,7050 0% 045T 1050W BK N/T,52008,1791,1250,250,2019-05-05 13:09,178.3,188,190,190.1,189.9,195.3,194.8,195.3,195.1,200.1,199.7,225.1,208,205.2,215.1,225,200,204.8,205,35.7,73.2,26.5,10.004,10.015,28.096,1863,210.9,16.3,211.29,2019-05-05 12:35,27.5,27.8
2019-05-05 12:24,Extruder 1,19-A-262,90310-000045105004,7050 0% 045T 1050W BK N/T,52008,1791,1250,1000,2019-05-05 12:24,178.3,188,189.5,191.1,189.8,195.1,195,195.2,195.1,200,200.6,225,208.1,205.1,215,225,199.9,205,205,35.6,73,26.4,10.008,10.025,28.107,1843,210.8,16.1,204.768,2019-05-05 10:32,26.6,27.7
2019-05-05 11:35,Extruder 1,19-A-262,90310-000045105004,7050 0% 045T 1050W BK N/T,52008,1791,1250,500,2019-05-05 11:35,177.8,188,190.5,190.1,189.6,196.1,195.1,195,195.1,200,200.2,225,208,205.1,215,225,199.9,205,205.1,34.6,73.1,26.1,10.004,9.98,28.118,1867,210.5,17.3,209.464,2019-05-05 10:32,25.5,27.2
2019-05-05 11:10,Extruder 1,19-A-262,90310-000045105004,7050 0% 045T 1050W BK N/T,52008,1791,1250,250,2019-05-05 11:10,176.3,187.8,191.3,190.5,189.7,192.6,195.2,194.8,195.1,200,199.8,225.1,208,205.1,214.9,225.1,199.9,204.8,205.1,33.1,72.8,26,10.002,10.003,28.073,1862,210.3,13.8,205.716,2019-05-05 10:32,24.8,27.1
2019-05-05 10:06,Extruder 1,19-A-261,90310-000045105004,7050 0% 045T 1050W BK N/T,52008,1791,1250,1000,2019-05-05 10:06,177.4,187.9,190.1,190.5,190.1,195,195,194.9,195,200,199.5,225.1,208,204.8,215,225,200,205,205,35.7,72.6,25.7,9.999,10.003,27.995,1857,211.5,15.4,210.863,2019-05-05 8:19,23.8,27.1
2019-05-05 9:17,Extruder 1,19-A-261,90310-000045105004,7050 0% 045T 1050W BK N/T,52008,1791,1250,500,2019-05-05 9:17,177.5,187.9,190,190.4,190.2,195,195.1,195.1,195,199.9,199.9,224.9,208,205.1,215.2,225.1,199.9,204.9,204.9,35.1,72.4,25.3,10.004,10.033,28.109,1836,211.3,14.6,212.31,2019-05-05 8:19,22.7,26.9
2019-05-05 8:53,Extruder 1,19-A-261,90310-000045105004,7050 0% 045T 1050W BK N/T,52008,1791,1250,250,2019-05-05 8:53,177.4,188,190.1,189.3,190,194.8,195.1,195.1,195,200,200.1,225,208.1,205.1,215,225.1,200,205,205.2,34.2,72.1,25.2,10.006,10.003,28.096,1840,211.5,14.8,215.583,2019-05-05 8:19,22.5,26.9
2019-05-05 8:08,Extruder 1,19-A-260,90310-000045105004,7050 0% 045T 1050W BK N/T,52008,1791,1250,1000,2019-05-05 8:08,177.5,187.8,190.1,190.1,189.7,194.9,195,195,195.1,200.1,200.1,224.9,208,205,215,225,200.1,204.9,205,34.1,71.9,24.9,9.997,10.013,28.039,1809,210.8,16.3,208.871,2019-05-05 6:27,23.8,26.6
2019-05-05 7:19,Extruder 1,19-A-260,90310-000045105004,7050 0% 045T 1050W BK N/T,52008,1791,1250,500,2019-05-05 7:19,177.5,188.1,189.9,190.1,190,195,195,194.9,195,200,200.2,224.8,208,205,215,225,200.1,205.1,205.1,29.8,71.8,24.8,9.995,9.977,28.118,1817,210.9,14.1,204.293,2019-05-05 6:27,23.4,25.9
2019-05-05 6:55,Extruder 1,19-A-260,90310-000045105004,7050 0% 045T 1050W BK N/T,52008,1476,1250,250,2019-05-05 6:55,177.2,187.9,190.1,190.2,190,194.8,195.1,195,195,199.9,199.9,225,208,205,215,225,200,205,205,33.1,72.1,24.8,9.997,9.993,28.077,1804,211.1,15.4,206.475,2019-05-05 6:27,23.3,26.2
2019-05-05 6:10,Extruder 1,19-A-259,90310-000045105004,7050 0% 045T 1050W BK N/T,52008,1476,1250,1000,2019-05-05 6:10,177.8,188.1,190,189.3,190.2,195,195,194.8,195.1,199.9,200.1,225,207.9,205.2,215.1,225,200,204.9,205,33,72,24.9,10.002,10.013,28.103,1814,210.8,14.8,206.807,2019-05-05 4:28,22.9,26.1
2019-05-05 5:21,Extruder 1,19-A-259,90310-000045105004,7050 0% 045T 1050W BK N/T,52008,1476,1250,500,2019-05-05 5:21,178,188.1,189.9,190,189.7,194.8,195,194.9,194.9,199.9,200.1,225,208.1,205.1,215.1,225,200,204.9,205.1,30.7,72.1,25.2,9.995,9.975,28.082,1813,211.1,16.7,204.981,2019-05-05 4:28,22.6,26.1
2019-05-05 4:56,Extruder 1,19-A-259,90310-000045105004,7050 0% 045T 1050W BK N/T,52008,1476,1250,250,2019-05-05 4:56,177.8,188.1,190.1,190,189.9,195.5,195.1,195.1,195.1,200,200,225,207.9,205,215.1,225,199.9,205.1,204.9,30.2,72.1,25.1,9.997,9.982,28.109,1819,211,13.7,203.89,2019-05-05 4:28,22.8,26.2
2019-05-05 4:12,Extruder 1,19-A-258,90310-000045105004,7050 0% 045T 1050W BK N/T,52008,1476,1250,1000,2019-05-05 4:12,178,187.7,190.1,190.2,189.9,195.5,194.8,195,194.8,200,199.8,225,208,204.8,214.9,225,200,205,205.1,30.1,72.1,25,10.004,10.007,27.79,1796,211,13.7,209.345,2019-05-05 2:27,22.4,26.4
2019-05-05 3:23,Extruder 1,19-A-258,90310-000045105004,7050 0% 045T 1050W BK N/T,52008,1476,1250,500,2019-05-05 3:23,176.6,187.8,189.8,190.4,189.9,194.8,195,194.8,195,200.1,200,225.1,208.1,205.1,215,225,199.9,205,205,32.9,72.3,25.2,10.01,10.023,27.806,1807,211,14.6,206.831,2019-05-05 2:27,25.2,26.6
2019-05-05 2:58,Extruder 1,19-A-258,90310-000045105004,7050 0% 045T 1050W BK N/T,52008,1476,1250,250,2019-05-05 2:58,175.2,187.6,190,189.9,189.7,195.3,194.9,194.8,194.9,199.9,200.2,225.1,208.1,205.1,215,225.1,199.9,205,205,32.3,72.4,25.3,10.006,10.007,27.795,1810,210.6,16.3,205.906,2019-05-05 2:27,24.7,26.7
2019-05-05 2:02,Extruder 1,19-A-257,90310-000045105004,7050 0% 045T 1050W BK N/T,52008,1476,1250,1000,2019-05-05 2:02,177.9,188.1,189.9,190.2,190.1,195.5,195.1,194.9,194.8,199.9,199.9,224.9,208.2,205.1,214.9,224.9,200,205.1,205,32,72.4,25.4,10.004,10.003,27.927,1810,211.3,15.8,208.136,2019-05-05 0:19,24.6,26.7
2019-05-05 1:13,Extruder 1,19-A-257,90310-000045105004,7050 0% 045T 1050W BK N/T,52008,1476,1250,500,2019-05-05 1:13,177.7,188.1,189.9,189.9,190.1,195.3,195.1,195.1,195,200,200.1,225,208,205,214.9,225,200,205.1,204.9,34.2,72.4,25.5,10.002,9.987,28.075,1814,210.9,15.4,204.91,2019-05-05 0:19,25,26.9
2019-05-05 0:48,Extruder 1,19-A-257,90310-000045105004,7050 0% 045T 1050W BK N/T,52008,1476,1250,250,2019-05-05 0:48,177.8,188,190,189.2,189.6,194.8,195,194.9,195,200,200.2,225,208,205.1,215.1,225,200.1,204.9,204.8,21.6,72.4,25.5,9.999,9.98,28.08,1814,210.8,12.7,211.528,2019-05-05 0:19,24.6,26.7
2019-05-05 0:03,Extruder 1,19-A-256,90310-000045105004,7050 0% 045T 1050W BK N/T,52008,1476,1250,1000,2019-05-05 0:03,177.7,187.9,189.9,190.2,190.1,194.9,195,195,195,199.9,200.1,225,207.9,205,214.9,224.8,200,205,205.1,33.9,72.5,25.5,9.993,9.995,28.034,1820,210.8,15.7,209.417,2019-05-04 22:21,24.5,26.6
2019-05-04 23:14,Extruder 1,19-A-256,90310-000045105004,7050 0% 045T 1050W BK N/T,52008,1476,1250,500,2019-05-04 23:14,178,187.9,189.9,190,190.1,195.1,194.9,194.7,194.9,200,199.9,224.9,208.1,204.7,215.1,225,200,205,205.1,25.2,72.6,25.8,9.997,9.995,28.084,1804,210.9,14.3,201.755,2019-05-04 22:21,24.6,27.2
2019-05-04 22:49,Extruder 1,19-A-256,90310-000045105004,7050 0% 045T 1050W BK N/T,52008,1476,1250,250,2019-05-04 22:49,178,188,190,190.4,190.1,194.6,195.1,195.2,195,200,199.9,225,208,205,215.1,225,199.9,204.9,204.8,35.3,72.8,25.8,9.999,9.987,28.125,1812,210.9,14.7,201.518,2019-05-04 22:21,24.6,27.2
2019-05-04 22:05,Extruder 1,19-A-255,90310-000045105004,7050 0% 045T 1050W BK N/T,52008,1476,1250,1000,2019-05-04 22:05,178.2,188,190.1,190.2,189.9,195.6,195,194.7,195,199.9,199.9,225,208,205.1,215.2,225,200,205.1,205.2,35.3,72.8,26,9.997,9.985,28.082,1817,210.9,15.4,203.344,2019-05-04 20:23,24.6,27.2
2019-05-04 21:16,Extruder 1,19-A-255,90310-000045105004,7050 0% 045T 1050W BK N/T,52008,1476,1250,500,2019-05-04 21:16,178.5,188.1,189.8,189.5,190.1,194.7,195.2,194.5,194.9,200.1,200.6,225,208,204.9,215,224.8,199.9,204.9,205,30.4,73.1,26.5,9.995,10,28.096,1819,210.9,15.4,208.491,2019-05-04 20:23,25.2,27.4
2019-05-04 20:51,Extruder 1,19-A-255,90310-000045105004,7050 0% 045T 1050W BK N/T,52008,1476,1250,250,2019-05-04 20:51,178.3,188,189.9,189.8,190.1,194.7,195,194.9,195,200,199.9,224.9,208,205,215.1,224.8,199.9,205,205.1,35.5,73.1,26.2,10.002,9.99,28.118,1818,210.8,16.1,207.661,2019-05-04 20:23,27.2,27.7
2019-05-04 20:07,Extruder 1,19-A-254,90310-000045105004,7050 0% 045T 1050W BK N/T,52008,1476,1250,1000,2019-05-04 20:07,178,188.1,189.8,190.6,189.8,195.6,195.1,195,195,199.9,199.7,225,207.9,204.9,214.9,224.9,199.9,205.1,205.1,35.5,73.2,26.3,10.002,9.985,28.098,1831,211.2,16,208.278,2019-05-04 18:19,27.2,27.6
2019-05-04 19:17,Extruder 1,19-A-254,90310-000045105004,7050 0% 045T 1050W BK N/T,52008,1791,1250,500,2019-05-04 19:17,178,187.9,190,190.1,189.8,195,195,194.7,195,199.9,200.1,224.9,208,205.1,215.2,225,200,205,205.2,35.6,73,26.4,9.995,10.01,28.107,1841,211.1,14.5,210.602,2019-05-04 18:19,27.4,27.9
2019-05-04 18:53,Extruder 1,19-A-254,90310-000045105004,7050 0% 045T 1050W BK N/T,52008,1791,1250,250,2019-05-04 18:53,178,188,189.8,189.1,190.1,195.4,195.1,195.1,195,200.1,200.1,225.2,208.1,204.8,215,225.1,199.9,205.1,204.9,35.7,73.2,26.4,10.004,10.023,28.089,1832,210.9,16.5,208.918,2019-05-04 18:19,27.4,27.7
2019-05-04 18:08,Extruder 1,19-A-253,90310-000045105004,7050 0% 045T 1050W BK N/T,52008,1791,1250,1000,2019-05-04 18:08,177.6,188.1,189.9,190.1,189.9,195,195,195,195,200,200,225,208,205.1,215,225,200.1,205.1,204.9,35.8,73.2,26.4,10.01,9.987,28.109,1792,210.5,14.2,205.669,2019-05-04 15:00,27.4,27.7
2019-05-04 17:19,Extruder 1,19-A-253,90310-000045105004,7050 0% 045T 1050W BK N/T,52008,1791,1250,500,2019-05-04 17:19,176.9,188.1,190.5,190.1,190,195.3,195.2,194.8,195,200.1,199.9,225,208.1,205.3,215.2,225,200.1,205.1,205,35.7,73.2,26.4,10.006,10.015,28.13,1811,210.6,16.5,204.388,2019-05-04 15:00,27.2,27.7
2019-05-04 16:54,Extruder 1,19-A-253,90310-000045105004,7050 0% 045T 1050W BK N/T,52008,1791,1250,250,2019-05-04 16:54,176.7,187.7,189.5,190.2,190.3,195.2,195.3,195.1,195.1,199.9,199.7,225,208.2,205.7,215.1,225,200,204.8,204.8,35.7,73.2,26.4,10.004,10,28.087,1812,210.6,14.5,207.827,2019-05-04 15:00,26.6,27.6
2019-05-04 14:40,Extruder 1,19-A-252,90310-000045105004,7050 0% 045T 1050W BK N/T,52008,1791,1250,1000,2019-05-04 14:40,178.3,187.9,190.2,189.8,190,195.1,195.2,194.9,194.9,200,200.3,225,208,205.1,215,225,200,205.1,205.1,31.9,73,26.2,9.997,9.993,27.793,1817,211,15.4,203.914,2019-05-04 12:43,25.2,27.5
2019-05-04 13:51,Extruder 1,19-A-252,90310-000045105004,7050 0% 045T 1050W BK N/T,52008,1791,1250,500,2019-05-04 13:51,178.7,187.9,190.3,190.2,189.7,196.9,195,195.2,195.1,200,199.5,225.1,208,205.1,214.9,224.9,200,205,204.9,33.5,72.9,26,9.997,9.995,27.779,1841,210.7,15.5,207.163,2019-05-04 12:43,25.2,27.4
2019-05-04 13:27,Extruder 1,19-A-252,90310-000045105004,7050 0% 045T 1050W BK N/T,52008,1791,1250,250,2019-05-04 13:27,178,188,190.4,188.9,190,195,195.1,195.4,195.1,200,200,225.2,208,205.4,215,225,199.9,205.1,205,25.8,73,26,9.995,10,27.854,1851,210.3,16.8,210.626,2019-05-04 12:43,26.4,27.5
2019-05-04 12:18,Extruder 1,19-A-251,90310-000045105004,7050 0% 045T 1050W BK N/T,52008,1791,1250,1000,2019-05-04 12:18,178.2,187.9,190.1,190,190,195,194.9,194.9,195.2,200,199.7,225.2,208,205,214.9,225,200,205.1,205.1,24.6,72.7,25.8,9.999,10.003,27.729,1826,210.8,14.2,205.977,2019-05-04 10:42,26.1,27.2
2019-05-04 11:29,Extruder 1,19-A-251,90310-000045105004,7050 0% 045T 1050W BK N/T,52008,1791,1250,500,2019-05-04 11:29,178.1,188,190.1,190.6,190.1,195.2,195.2,195.1,195.2,200,200.1,225.1,208,205,215,225.1,200.1,205,205,36.1,72.7,25.7,9.995,9.98,27.809,1819,211.1,15.6,206.025,2019-05-04 10:42,25.7,27.1
2019-05-04 11:04,Extruder 1,19-A-251,90310-000045105004,7050 0% 045T 1050W BK N/T,52008,1791,1250,250,2019-05-04 11:04,177.9,188,190.1,189.8,190.1,194.7,195.2,195.3,195.1,200,200,225.2,208,205.1,215.1,225.2,200,205,205.1,27.8,72.5,25.7,9.999,10.038,27.795,1781,211.2,16.6,203.534,2019-05-04 10:42,25.2,27
2019-05-04 10:18,Extruder 1,19-A-250,90310-000045105004,7050 0% 045T 1050W BK N/T,52008,1791,1250,1000,2019-05-04 10:18,178,188.1,190.1,190,189.9,195,194.9,195.2,195,200,200,225,207.9,205.2,214.9,224.9,199.9,204.9,204.9,32,72.1,25.5,10.01,10.021,27.79,1764,210.6,16,205.266,2019-05-04 8:41,24.5,27
2019-05-04 9:29,Extruder 1,19-A-250,90310-000045105004,7050 0% 045T 1050W BK N/T,52008,1791,1250,500,2019-05-04 9:29,178.4,187.9,190.1,189.5,189.8,195.2,195.1,194.8,195,199.9,200.1,225,208,204.8,214.9,224.9,199.9,204.9,205,28,71.8,25.2,10.006,9.977,27.779,1765,211,17.6,206.404,2019-05-04 8:41,23.6,26.8
2019-05-04 9:05,Extruder 1,19-A-250,90310-000045105004,7050 0% 045T 1050W BK N/T,52008,1791,1250,250,2019-05-04 9:05,178.3,188,190.1,190.2,189.9,195.1,195,195,195.1,199.9,200,225,208,205.2,215.2,225.1,200.1,205,205,30.5,71.6,25.3,9.997,9.982,27.815,1767,210.8,14.2,203.297,2019-05-04 8:41,23.3,26.6
2019-05-04 8:20,Extruder 1,19-A-249,90310-000045105004,7050 0% 045T 1050W BK N/T,52008,1791,1250,1000,2019-05-04 8:20,178.3,187.9,190.1,189.9,190.1,195.6,195,195.5,195,199.9,200.1,225.2,208.1,205.2,215,225.1,200,205,205.1,34.1,71.5,25,9.993,9.977,27.8,1757,211.1,13.6,202.514,2019-05-04 6:39,22.8,26.8
2019-05-04 7:31,Extruder 1,19-A-249,90310-000045105004,7050 0% 045T 1050W BK N/T,52008,1791,1250,500,2019-05-04 7:31,178.2,188,190,189.7,189.7,193.7,195,195.2,195.1,200.1,200.1,225,208.1,205,215.1,225,200,205.1,205,30.5,71.5,25.1,9.997,9.975,27.765,1755,210.2,17,206.713,2019-05-04 6:39,22.3,26.4
2019-05-04 7:06,Extruder 1,19-A-249,90310-000045105004,7050 0% 045T 1050W BK N/T,52008,1791,1250,250,2019-05-04 7:06,178.3,188.1,190,190.2,189.9,196.8,195.1,194.8,195,200,200,225,208,205.1,214.9,225,200.1,204.9,204.9,25.8,71.4,25,9.999,10.017,27.788,1723,210.6,15.5,201.257,2019-05-04 6:39,22.4,26.4
2019-05-04 6:22,Extruder 1,19-A-248,90310-000045105004,7050 0% 045T 1050W BK N/T,52008,1476,1250,1000,2019-05-04 6:22,178.3,188.1,190,190.4,190,195.3,194.9,195.1,195,199.9,200.1,224.9,208,205,215.1,225,199.9,205,205.1,32,71.7,25,9.995,9.997,27.802,1735,209.9,12.5,195.066,2019-05-04 4:03,24.6,26.6
2019-05-04 5:33,Extruder 1,19-A-248,90310-000045105004,7050 0% 045T 1050W BK N/T,52008,1476,1250,500,2019-05-04 5:33,179.1,187.9,189.8,190.2,190.7,199.7,194.9,195.3,195.1,199.9,200,225,208,205.4,215.1,225.1,199.9,205.1,205.1,32.4,71.5,25.1,10.002,10.003,27.538,1727,210.1,14.5,202.419,2019-05-04 4:03,23.4,26.6
2019-05-04 5:08,Extruder 1,19-A-248,90310-000045105004,7050 0% 045T 1050W BK N/T,52008,1476,1250,250,2019-05-04 5:08,178.2,187.9,190.1,189.8,191.2,191.3,195.3,194.7,195.1,200,200,225.1,208.2,205.2,215.3,225.2,200,205.1,205,34.3,71.6,25.2,9.997,10.015,27.501,1747,209.5,12.4,198.482,2019-05-04 4:03,24.4,26.6
2019-05-04 4:07,Extruder 1,19-A-247,90310-000065110004,7050 0% 065T 1100W BK N/T,52010,1476,1250,1000,2019-05-04 4:07,178,187.7,191.1,189.6,189.5,198.3,194.4,195.3,195,200,200,225,207.8,204.9,214.9,225,200,204.9,205.1,33.5,71.7,25.5,8.753,8.754,26.1,1676,211.3,16.6,192.766,2019-05-04 2:10,24.3,26.4
2019-05-04 3:10,Extruder 1,19-A-247,90310-000065110004,7050 0% 065T 1100W BK N/T,52010,1476,1250,500,2019-05-04 3:10,178,188.1,190,189.5,189.8,193,194.8,194.8,195.2,200,199.9,225.2,208,205.1,215.1,225,199.9,205,205,27.3,71.8,25.7,8.751,8.732,36.651,1926,212.7,16.1,216.841,2019-05-04 2:10,24.7,26.4
2019-05-04 2:42,Extruder 1,19-A-247,90310-000065110004,7050 0% 065T 1100W BK N/T,52010,1476,1250,250,2019-05-04 2:42,177.7,187.9,190.2,189.8,190,199.3,194.7,194.9,195.1,200,200.1,224.9,208.1,205.1,214.8,225,200.1,205,205,29.6,71.7,25.6,8.751,8.75,36.686,1906,213.2,15.1,215.465,2019-05-04 2:10,24.6,26.6
2019-05-03 23:44,Extruder 1,19-A-245,90310-000065110004,7050 0% 065T 1100W BK N/T,52010,1476,1250,1000,2019-05-03 23:44,177.5,188,189.7,188.8,189.7,189.4,195.4,194.9,195.1,200,199.9,225.1,208,205.1,215.1,225,199.9,205.1,205,47.3,72.1,25.7,8.751,8.744,26.075,1642,211.1,15.9,191.485,2019-05-03 21:48,25.1,27.1
2019-05-03 22:48,Extruder 1,19-A-245,90310-000065110004,7050 0% 065T 1100W BK N/T,52010,1476,1250,500,2019-05-03 22:48,178.1,187.8,189.4,189.3,189.8,199.9,195.4,195,194.9,200,200.1,225,208,205,215,225,200.1,205.3,205.1,36.4,71.8,25.8,8.793,8.756,36.622,1823,213.1,16.7,213.852,2019-05-03 21:48,25.3,26.9
2019-05-03 22:20,Extruder 1,19-A-245,90310-000065110004,7050 0% 065T 1100W BK N/T,52010,1476,1250,250,2019-05-03 22:20,177.8,187.7,190.3,189.6,188.9,189.8,194.9,195,195.1,200,199.9,225,208,205.2,215,225,200,205,204.9,43.1,72.1,25.8,8.853,8.835,36.67,1869,212.1,14.6,217.576,2019-05-03 21:48,25.5,27
2019-05-03 21:52,Extruder 1,19-A-244,90310-000065110004,7050 0% 065T 1100W BK N/T,52010,1476,1250,1000,2019-05-03 21:52,177.8,187.8,189.3,190.3,188.7,192.3,195.3,194.9,195.1,199.9,199.9,224.9,208,205.4,215.1,225,199.9,204.9,204.9,49,71.9,25.8,8.806,8.772,36.658,1939,213.1,15.5,220.659,2019-05-03 14:27,25.2,27.3
2019-05-03 20:56,Extruder 1,19-A-244,90310-000065110004,7050 0% 065T 1100W BK N/T,52010,1476,1250,500,2019-05-03 20:56,178.6,187.9,189.6,190.3,187.6,197.8,195.4,195.1,195.1,200,200,225.1,208.2,205.5,215.2,225.2,200,205,205,42.2,72.2,25.9,8.901,8.903,36.645,1948,213.8,15,222.486,2019-05-03 14:27,27,27.4
2019-05-03 20:28,Extruder 1,19-A-244,90310-000065110004,7050 0% 065T 1100W BK N/T,52010,1476,1250,250,2019-05-03 20:28,178,188,190.7,190.6,188,189,195.2,195.1,195.1,200,200.1,224.8,208.3,205.7,215,224.8,199.9,205.1,204.9,40.2,72.7,25.9,8.793,8.76,36.626,1945,213.1,16.4,218.738,2019-05-03 14:27,25.6,27.3
2019-05-03 19:46,Extruder 1,19-A-244,90310-000065110004,7050 0% 065T 1100W BK N/T,52010,1476,1250,1000,2019-05-03 19:46,178.8,189.1,189.8,189.8,189.1,194.5,195.2,195.3,195,200.1,200.4,224.8,208.2,205.2,213.9,224.3,200.1,205.1,204.7,50.9,74,25.8,8.804,8.794,36.169,2013,211.5,13.9,231.286,2019-05-03 14:27,24.8,27.3
2019-05-03 17:14,Extruder 1,19-A-244,90310-000065110004,7050 0% 065T 1100W BK N/T,52010,2275,1250,500,2019-05-03 17:14,175,187.6,189.9,189.8,190.3,198.6,195.6,195.2,195.2,200,200.5,208.5,208.5,205.9,215.1,225,200.1,205,204.8,30,72.7,26.2,8.793,8.842,35.178,1956,212.8,15.3,222.533,2019-05-03 14:27,24.5,27.3
2019-05-03 15:37,Extruder 1,19-A-244,90310-000065110004,7050 0% 065T 1100W BK N/T,52010,2275,1250,250,2019-05-03 15:37,169.5,188.1,189.6,190.4,189.5,192.4,195.6,194.9,195.2,200,200,208.4,208.4,206,215.2,225,199.9,205,204.8,32,72.8,26.2,8.79,8.842,35.185,1951,212.9,15.3,223.577,2019-05-03 14:27,24,27.3
2019-05-03 14:13,Extruder 1,19-A-243,90310-000065100004,7050 0% 065T 1000W BK N/T,52009,2275,1250,1000,2019-05-03 14:13,172.5,188,189.3,189.8,190.4,199.3,194.3,194.8,195.1,200.1,200.2,208.1,208,206.2,215.1,225.2,200,205,205,45.4,72.7,25.9,8.79,8.847,35.173,1907,213,15.9,218.406,2019-05-03 12:23,24.2,27.2
2019-05-03 13:17,Extruder 1,19-A-243,90310-000065100004,7050 0% 065T 1000W BK N/T,52009,2275,1250,500,2019-05-03 13:17,182.8,188.5,189.3,190.1,189.9,189.7,194.6,194.9,194.8,199.9,200.1,207.8,207.8,206,214.8,224.9,200.1,205,205,45.1,72.5,25.9,8.8,8.842,35.169,1936,212.9,15.1,221.086,2019-05-03 12:23,24.3,27.1
2019-05-03 12:49,Extruder 1,19-A-243,90310-000065100004,7050 0% 065T 1000W BK N/T,52009,2275,1250,250,2019-05-03 12:49,171,187.5,189.9,190.6,190.1,194.6,194.5,194.7,195,199.9,199.9,208,208.1,206.2,215.1,225.2,200,205,204.9,30.1,72.4,25.8,8.809,8.87,35.1,1909,213,15.8,220.138,2019-05-03 12:23,26.5,27.2
2019-05-03 12:21,Extruder 1,19-A-242,90310-000065100004,7050 0% 065T 1000W BK N/T,52009,2275,1250,1000,2019-05-03 12:21,183.2,188.1,189.7,189.5,190.2,199.4,194.9,195.1,194.8,200.1,199.9,207.9,207.9,206.2,214.8,224.9,199.9,205,204.9,32.4,72.2,26.2,8.8,8.842,35.221,1909,213.3,15.8,215.773,2019-05-03 10:31,25.3,27
2019-05-03 11:25,Extruder 1,19-A-242,90310-000065100004,7050 0% 065T 1000W BK N/T,52009,2275,1250,500,2019-05-03 11:25,176.5,188.4,188.8,190.4,190.1,189.6,195.6,195.2,195,200,199.7,208,208,206.7,215,225,200,204.9,204.9,41.8,72.4,25.9,8.8,8.825,35.13,2009,214.1,14.2,225.095,2019-05-03 10:31,24.8,26.8
2019-05-03 10:57,Extruder 1,19-A-242,90310-000065100004,7050 0% 065T 1000W BK N/T,52009,2275,1250,250,2019-05-03 10:57,183.2,188.2,190.1,189.4,189.7,192.8,194.2,194.7,194.8,200,199.5,208,208.1,206.6,215,225,199.9,205,204.9,42.9,72.5,25.7,8.806,8.86,35.196,2017,213.3,16.5,227.467,2019-05-03 10:31,24.3,26.8
2019-05-03 10:29,Extruder 1,19-A-241,90310-000065100004,7050 0% 065T 1000W BK N/T,52009,2275,1250,1000,2019-05-03 10:29,171.1,187.9,189.9,189.5,189.9,197.2,194.7,195,195,199.9,200,208,208,206.6,215.1,224.9,199.9,205,204.9,31.7,72.1,26,8.797,8.853,35.187,1992,213.5,15.4,226.755,2019-05-03 7:55,24.4,26.9
2019-05-03 9:33,Extruder 1,19-A-241,90310-000065100004,7050 0% 065T 1000W BK N/T,52009,2275,1250,500,2019-05-03 9:33,171.6,187.8,189.6,190.6,189.8,193.9,195.3,195.2,195.1,200.1,199.9,208,208.2,206.7,215.1,225.2,200.2,205.1,205.1,42.4,72.4,25.7,8.8,8.873,35.226,2003,214.3,16.4,225.095,2019-05-03 7:55,25.2,26.9
2019-05-03 9:05,Extruder 1,19-A-241,90310-000065100004,7050 0% 065T 1000W BK N/T,52009,2275,1250,250,2019-05-03 9:05,176.2,188.3,188.8,189.9,188.8,189.6,195.5,194.7,195.3,200.1,199.9,208.3,208.4,206.7,215.3,225,200,204.9,205,49.8,72.4,25.8,8.797,8.84,35.096,2002,213.8,16.4,225.047,2019-05-03 7:55,24.6,26.7
2019-05-03 7:43,Extruder 1,19-A-240,90310-000065100004,7050 0% 065T 1000W BK N/T,52009,2262,1250,1000,2019-05-03 7:43,184.7,188.1,190.7,190.7,189.9,192.6,194.8,195.2,195.1,200,199.9,207.9,208.1,206.5,215,225,199.9,204.9,204.8,44.8,72.4,25.8,8.806,8.83,35.191,2005,213.8,19.1,222.533,2019-05-03 5:47,24.4,27
2019-05-03 6:47,Extruder 1,19-A-240,90310-000065100004,7050 0% 065T 1000W BK N/T,52009,2262,1250,500,2019-05-03 6:47,183.2,188.5,190.1,190.5,190.3,199.3,195.1,194.9,195,200.2,200.2,208,208.1,206.4,215.1,225.1,200.1,204.9,205,40,72.5,26,8.802,8.865,35.187,1972,214.6,16.3,220.92,2019-05-03 5:47,24.3,27
2019-05-03 6:20,Extruder 1,19-A-240,90310-000065100004,7050 0% 065T 1000W BK N/T,52009,2262,1250,250,2019-05-03 6:20,172.4,187.8,190.2,190.2,189.8,189.8,194.3,195,194.9,200,199.4,207.9,208,206.3,215,225,200.1,205.1,205.1,41.5,72.6,25.9,8.901,8.923,34.95,1988,213.4,17.2,225.024,2019-05-03 5:47,25.6,27.1
2019-05-03 5:51,Extruder 1,19-A-239,90310-000065100004,7050 0% 065T 1000W BK N/T,52009,2262,1250,1000,2019-05-03 5:51,176.3,187.9,189.8,189.6,189.9,191.3,195,194.9,195,199.9,199.9,208.1,208.1,206.2,215.2,225.1,200,204.9,205,35.5,72.6,26.1,8.994,9.042,34.964,1948,213.3,16.5,221.94,2019-05-03 4:00,26.8,27.2
2019-05-03 4:56,Extruder 1,19-A-239,90310-000065100004,7050 0% 065T 1000W BK N/T,52009,2262,1250,500,2019-05-03 4:56,172,187.8,188.5,189.8,190.1,199.1,194.8,195.5,194.7,200,199.7,207.9,208,206.1,214.9,225,200,205.1,204.9,33.3,72.4,25.9,8.903,8.953,34.989,1886,213.3,14.9,225.925,2019-05-03 4:00,25.1,27
2019-05-03 4:29,Extruder 1,19-A-239,90310-000065100004,7050 0% 065T 1000W BK N/T,52009,2262,1250,250,2019-05-03 4:29,181.7,188.6,189.8,190.4,190,189.6,195,195,195,200,199.9,208.1,208,206,215,225,200.1,205,205,47,72.5,25.8,8.906,8.996,34.97,1901,212.8,15.5,222.581,2019-05-03 4:00,25.6,27
2019-05-03 4:01,Extruder 1,19-A-238,90310-000065100004,7050 0% 065T 1000W BK N/T,52009,2262,1250,1000,2019-05-03 4:01,176.5,188.1,189.8,190.5,190.1,193.7,195,195.2,195.2,200,199.9,208,208,206.1,215,225,199.9,205,204.9,49.9,72.4,25.9,8.906,8.955,34.989,1911,213.1,16,217.813,2019-05-03 1:56,25.8,26.9
2019-05-03 3:05,Extruder 1,19-A-238,90310-000065100004,7050 0% 065T 1000W BK N/T,52009,2262,1250,500,2019-05-03 3:05,184.9,188,189.8,189.1,189.4,192.2,195.6,195.1,194.9,200.1,200,208,208,206,214.9,225,200.2,205,204.9,50.9,72.7,25.9,8.894,8.959,34.952,1922,213.6,16.4,223.079,2019-05-03 1:56,25.4,26.9
2019-05-03 2:38,Extruder 1,19-A-238,90310-000065100004,7050 0% 065T 1000W BK N/T,52009,2262,1250,250,2019-05-03 2:38,169.2,188.1,189.8,190.4,190.1,190.1,194.7,194.8,195,199.9,199.5,208.1,208.1,205.9,215.1,225,199.9,205.1,205,38.5,72.7,26.1,9.003,9.072,34.97,1926,212.8,14.4,215.773,2019-05-03 1:56,25.1,27
2019-05-03 1:57,Extruder 1,19-A-237,90310-000065100004,7050 0% 065T 1000W BK N/T,52009,2262,1250,1000,2019-05-03 1:57,184.1,187.9,190.6,189.4,189.5,200.8,195,195.2,195,200,200.1,208,207.9,206.1,215,224.9,200.2,205.1,205,37.1,72.8,26.1,14.999,15.049,34.945,1915,214,16.9,224.858,2019-05-03 0:06,24.9,27.1
2019-05-03 1:04,Extruder 1,19-A-237,90310-000065100004,7050 0% 065T 1000W BK N/T,52009,2262,1250,500,2019-05-03 1:04,183.2,188.1,189.7,191.1,190.5,193.5,195.5,195,194.8,200,199.6,207.9,208,206.3,214.9,225,200,205,204.8,48.5,72.8,26,8.899,8.951,35.214,1939,213.6,15.6,222.415,2019-05-03 0:06,26,27
2019-05-03 0:36,Extruder 1,19-A-237,90310-000065100004,7050 0% 065T 1000W BK N/T,52009,2262,1250,250,2019-05-03 0:36,174.4,187.9,189.9,189.8,190.2,199.4,195,195.1,194.9,200,200.1,208.1,208,206.4,215.1,225.2,200.1,205,205,49.6,72.8,26,8.901,8.943,35.105,1914,213.7,17,212.951,2019-05-03 0:06,25.6,27.1
2019-05-03 0:08,Extruder 1,19-A-236,90310-000065100004,7050 0% 065T 1000W BK N/T,52009,2262,1250,1000,2019-05-03 0:08,175.1,187.9,190.9,190.6,189.8,198,194.7,195.1,195.1,200,200.2,208,208,206.3,215,225,200.1,205.1,204.9,32.7,72.8,26.2,8.901,8.929,35.134,1887,213.2,14.5,213.425,2019-05-02 22:15,25.2,27.1
2019-05-02 23:13,Extruder 1,19-A-236,90310-000065100004,7050 0% 065T 1000W BK N/T,52009,2262,1250,500,2019-05-02 23:13,171.9,187.7,189.8,190.4,190.3,195.8,194.8,194.9,195,199.9,199.8,208,208,206.3,215.1,225,199.9,205.1,204.8,48.3,73,26.1,8.899,8.963,35.112,1905,213.2,14.8,212.31,2019-05-02 22:15,26.1,27.2
2019-05-02 22:45,Extruder 1,19-A-236,90310-000065100004,7050 0% 065T 1000W BK N/T,52009,2262,1250,250,2019-05-02 22:45,178.4,188.4,188.6,188.8,189.8,200.4,194.8,195,195,200,200.4,208,208,206.2,215,225,200,205,205.1,50.3,73,26.1,8.903,8.986,35.125,1904,213.5,15.6,213.425,2019-05-02 22:15,25.7,27.2
2019-05-02 22:17,Extruder 1,19-A-235,90310-000065100004,7050 0% 065T 1000W BK N/T,52009,2262,1250,1000,2019-05-02 22:17,184.6,188.4,190.4,189.6,190.2,190.8,194.6,195.1,195.1,200,200.2,208.1,208,206.1,215.1,225,200.1,205,205,37.1,72.9,26.1,8.91,8.983,35.146,1906,213,16.2,222.438,2019-05-02 19:45,26.4,27.2
2019-05-02 21:22,Extruder 1,19-A-235,90310-000065100004,7050 0% 065T 1000W BK N/T,52009,2262,1250,500,2019-05-02 21:22,179.6,188.2,190.4,190.6,189.6,199.9,195.2,195.1,195,200,200.2,208.1,208,206.4,215.1,225,200,205,205,26.9,72.8,26.2,8.899,8.961,35.164,1879,213.7,16.3,219.141,2019-05-02 19:45,26.1,27.2
2019-05-02 20:54,Extruder 1,19-A-235,90310-000065100004,7050 0% 065T 1000W BK N/T,52009,2262,1250,250,2019-05-02 20:54,178.1,188.1,190.4,190.4,187.2,194.5,194.8,195.2,195.2,200,200.2,208.2,208.2,206.4,215.2,224.9,200.2,205.1,204.9,49,72.8,26.2,8.903,8.979,35.185,1932,213.4,17.7,220.659,2019-05-02 19:45,25.6,27.3
2019-05-02 19:42,Extruder 1,19-A-234,90310-000065100004,7050 0% 065T 1000W BK N/T,52009,1580,1250,1000,2019-05-02 19:42,177.5,188,190,189.3,188.8,198.9,194.8,194.8,194.9,200,200.1,208,208,206.3,215,224.9,199.9,205.1,205.1,49.5,72.8,26.2,15,15.039,35.175,1915,213.7,14.9,135.579,2019-05-02 16:55,26.9,27.2
2019-05-02 18:47,Extruder 1,19-A-234,90310-000065100004,7050 0% 065T 1000W BK N/T,52009,1580,1250,500,2019-05-02 18:47,178.1,187.6,190.9,189.2,188,189.2,195,195.1,195.2,200,199.9,208.2,208.1,206.6,215.1,225,200.1,205.1,205.1,25.4,73,26.2,8.79,8.85,34.941,1985,213,14.6,226.874,2019-05-02 16:55,26.2,27.2
2019-05-02 18:19,Extruder 1,19-A-234,90310-000065100004,7050 0% 065T 1000W BK N/T,52009,1580,1250,250,2019-05-02 18:19,176.6,188.3,189.1,190,191.6,194,195.1,194.9,195.3,200,200.3,208.4,208.5,206.6,215.3,225.1,200.1,205.1,205.1,47.4,73.1,26.3,8.802,8.817,34.954,1962,213.2,15,219.616,2019-05-02 16:55,25.9,27.2
2019-05-02 16:58,Extruder 1,19-A-233,90310-000065100004,7050 0% 065T 1000W BK N/T,52009,1580,1250,1000,2019-05-02 16:58,178.2,188.4,190.1,189.1,190.1,200.8,195,195.2,195.1,200,200.1,208,207.8,206,214.9,224.9,199.9,205,205.2,51.6,72.9,26.2,12.004,12.053,33.185,1871,213.7,15.4,215.892,2019-05-02 15:07,26.2,27
2019-05-02 16:03,Extruder 1,19-A-233,90310-000065100004,7050 0% 065T 1000W BK N/T,52009,1580,1250,500,2019-05-02 16:03,178,188.1,189.6,189.8,190.1,190.7,194.7,194.9,194.9,200,200.4,208,208,206.1,215,224.8,199.9,204.8,204.9,44.4,72.9,26.2,8.804,8.822,35.187,1913,213.1,18.7,223.743,2019-05-02 15:07,26.2,27.2
2019-05-02 15:35,Extruder 1,19-A-233,90310-000065100004,7050 0% 065T 1000W BK N/T,52009,1580,1250,250,2019-05-02 15:35,178.2,187.7,191.3,191.1,190.4,196.3,194.8,195,195.1,200.1,200.2,208,208.1,206.1,215.1,225.1,200,205,204.9,45.8,72.9,26.2,8.795,8.867,35.175,1925,213.2,15,218.928,2019-05-02 15:07,26.1,27.2
2019-05-02 15:07,Extruder 1,19-A-232,90310-000065100004,7050 0% 065T 1000W BK N/T,52009,1580,1250,1000,2019-05-02 15:07,178.2,188.3,189.2,189.5,190,200.5,195.4,195,195.2,200,200.1,208,208,206,214.9,225,200,205.1,205.2,48.3,72.8,26.2,8.804,8.857,35.107,1898,213.9,16.4,216.912,2019-05-02 13:20,26.1,27.2
2019-05-02 14:11,Extruder 1,19-A-232,90310-000065100004,7050 0% 065T 1000W BK N/T,52009,1580,1250,500,2019-05-02 14:11,177.4,187.9,189.8,190.1,189.6,190.6,195.3,194.7,194.9,199.9,199.7,208,208.1,206.2,215,225,199.9,205,205,41.2,72.8,26.2,8.804,8.857,35.162,1927,213.7,14.2,222.77,2019-05-02 13:20,26.2,27.2
2019-05-02 13:43,Extruder 1,19-A-232,90310-000065100004,7050 0% 065T 1000W BK N/T,52009,1580,1250,250,2019-05-02 13:43,178.8,188.4,189.8,189.2,189.9,196.6,195.3,195,195.1,199.9,199.8,208.1,208,206.4,215.1,225.1,200,205.1,205.1,46,72.4,26,8.8,8.832,35.178,1928,213.8,15.9,217.007,2019-05-02 13:20,25.8,27.1
2019-05-02 13:15,Extruder 1,19-A-231,90310-000065100004,7050 0% 065T 1000W BK N/T,52009,1580,1250,1000,2019-05-02 13:15,178,187.7,189.7,190.7,190.3,200.5,195.2,194.7,194.9,199.9,199.9,208,208,206.4,214.9,224.9,200,205.1,205.1,31.3,72.7,26,8.797,8.867,35.137,1894,213.9,14.4,213.852,2019-05-02 11:26,25.5,26.9
2019-05-02 12:19,Extruder 1,19-A-231,90310-000065100004,7050 0% 065T 1000W BK N/T,52009,1580,1250,500,2019-05-02 12:19,178.4,187.7,189.9,189.8,189.8,190.8,194.9,195,195,200,199.8,208,208,206.4,215.1,225,200,204.8,204.8,43.8,72.6,25.9,8.802,8.875,35.1,1937,213.4,14.1,218.287,2019-05-02 11:26,24.9,26.8
2019-05-02 11:51,Extruder 1,19-A-231,90310-000065100004,7050 0% 065T 1000W BK N/T,52009,1580,1250,250,2019-05-02 11:51,178.3,188.4,190.2,189.2,190,197,195,195.1,195.2,200,200,207.9,208,206.3,214.9,225,200.1,205.1,205.1,43.5,72.5,25.8,8.797,8.857,35.121,1902,213.8,16.3,215.014,2019-05-02 11:26,24.4,26.6
2019-05-02 11:23,Extruder 1,19-A-230,90310-000065100004,7050 0% 065T 1000W BK N/T,52009,1580,1250,1000,2019-05-02 11:23,178,188,188.7,190.2,190.1,200.7,195,194.9,195.1,200,199.6,208.1,208.1,206.1,215.1,225.1,200.1,205.2,205.1,50.3,72.4,25.7,8.797,8.825,35.105,1891,213.7,16.9,212.192,2019-05-02 9:49,24.1,26.6
2019-05-02 10:27,Extruder 1,19-A-230,90310-000065100004,7050 0% 065T 1000W BK N/T,52009,1580,1250,500,2019-05-02 10:27,177.7,188.3,191.1,190.5,189.9,190.4,195.2,195.3,195.1,200.1,200.2,208,208.1,206.1,215.1,225.1,200,204.9,205,50.3,72.3,25.5,8.8,8.847,35.048,1905,213.5,15.4,211.243,2019-05-02 9:49,23.3,26.6
2019-05-02 9:59,Extruder 1,19-A-230,90310-000065100004,7050 0% 065T 1000W BK N/T,52009,1580,1250,250,2019-05-02 9:59,177.8,188.1,189.8,189.7,190,196.6,194.8,194.9,195,200,199.8,208,208,205.9,215,225.1,199.9,205.2,205,41.4,72.1,25.7,8.795,8.853,35.057,1891,213.3,15.7,220.28,2019-05-02 9:49,22.7,26.4
2019-05-02 9:31,Extruder 1,19-A-229,90310-000065100004,7050 0% 065T 1000W BK N/T,52009,1580,1250,1000,2019-05-02 9:31,177.5,188,189.9,190.7,190.1,200.5,195.2,195.1,195.1,200,199.5,208,207.9,205.9,214.9,224.8,199.9,205,205.1,36.7,72.1,25.5,8.802,8.855,35.068,1893,214.1,16.4,221.679,2019-05-02 7:39,22.4,26.6
2019-05-02 8:35,Extruder 1,19-A-229,90310-000065100004,7050 0% 065T 1000W BK N/T,52009,1580,1250,500,2019-05-02 8:35,178.4,187.8,190.7,190,189.9,191.5,195.2,194.9,195.1,200,200,208,208,206,215,225,199.9,205,205.1,48,71.9,25.8,8.806,8.845,34.95,1892,213.3,14,212.215,2019-05-02 7:39,22.6,26.4
2019-05-02 8:07,Extruder 1,19-A-229,90310-000065100004,7050 0% 065T 1000W BK N/T,52009,1580,1250,250,2019-05-02 8:07,177.9,188,189.6,189.1,189.8,199,195.8,195,195,199.9,200,208,207.9,205.9,215,224.9,199.9,205,205,36.7,71.9,25.4,8.802,8.853,34.952,1877,214.2,15.3,220.707,2019-05-02 7:39,24.6,26.4
2019-05-02 7:38,Extruder 1,19-A-228,90310-000065100004,7050 0% 065T 1000W BK N/T,52009,1580,1250,1000,2019-05-02 7:38,177.4,187.7,190,189.4,190.2,199.5,194.5,195.1,194.9,200,200,208,208,205.9,215,225.1,200.2,205,205,47.7,71.7,25.5,8.804,8.84,34.977,1878,213.3,14.4,216.841,2019-05-02 0:24,24.3,26.4
2019-05-02 6:43,Extruder 1,19-A-228,90310-000065100004,7050 0% 065T 1000W BK N/T,52009,2262,1250,500,2019-05-02 6:43,178.6,187.5,190.7,190.3,191,195,195,195,195.2,200,199.8,208.1,208,206,215.2,224.9,199.8,205,204.8,50.1,71.8,25.3,9.001,9.06,35.2,1855,213.3,15.7,217.742,2019-05-02 0:24,24.5,26.4
2019-05-02 6:16,Extruder 1,19-A-228,90310-000065100004,7050 0% 065T 1000W BK N/T,52009,2262,1250,250,2019-05-02 6:16,178.7,188,190.2,188.9,191.7,200.7,195.3,195.1,195.1,200,199.9,208.2,208.1,206.4,216,225,200,205.1,204.8,48.3,71.8,25.3,8.804,8.837,35.134,1828,213.8,16.2,213.117,2019-05-02 0:24,24,26.4
2019-04-11 21:45,Extruder 1,19-A-195,90310-000045105004,7050 0% 045T 1050W BK N/T,51496,1476,1250,1000,2019-04-11 21:45,177,188,189.4,185.1,193.3,198.2,191.2,189.9,184.9,190,189.9,207.9,205,205.1,205,215,190,189.9,190.1,51.2,68.1,39.8,10.494,10.519,29.715,1885,201.5,17,215.56,2019-04-11 20:08,23.6,23.6
2019-04-11 20:58,Extruder 1,19-A-195,90310-000045105004,7050 0% 045T 1050W BK N/T,51496,2275,1250,500,2019-04-11 20:58,179,187.8,190.3,185.3,192.7,195.5,191.5,189.7,185,190,190.2,208,205,204.9,205.1,215,190.1,190,190,50.7,68.2,39.9,10.501,10.545,29.724,1893,201.7,15.4,214.374,2019-04-11 20:08,23.6,23.6
2019-04-11 20:35,Extruder 1,19-A-195,90310-000045105004,7050 0% 045T 1050W BK N/T,51496,2275,1250,250,2019-04-11 20:35,181.6,188.3,190.1,184.9,193.1,192.4,191.5,190.2,185,189.9,190,208.1,205.1,205,205,214.9,190,190.1,190.1,51.3,68.2,39.9,10.508,10.547,29.711,1938,201.6,15,212.808,2019-04-11 20:08,23.3,23.6
2019-04-11 19:52,Extruder 1,19-A-194,90310-000045105004,7050 0% 045T 1050W BK N/T,51496,2275,1250,1000,2019-04-11 19:52,171.2,187.8,190.4,184.7,193.1,198.5,191.6,189.9,184.9,189.9,190,207.9,204.8,204.8,204.8,215,189.8,190,190.1,51.5,68.2,40,10.497,10.453,29.718,1954,202.1,17.2,212.239,2019-04-11 18:20,23.2,23.6
2019-04-11 19:06,Extruder 1,19-A-194,90310-000045105004,7050 0% 045T 1050W BK N/T,51496,2275,1250,500,2019-04-11 19:06,182.9,188.4,190.4,184.8,193,196,191.7,190.1,185,190,190.2,208,205,205,205,215.1,190,190,189.9,51,68.2,39.8,10.499,10.489,29.795,1948,202.2,15.4,214.303,2019-04-11 18:20,23.1,23.4
2019-04-11 18:42,Extruder 1,19-A-194,90310-000045105004,7050 0% 045T 1050W BK N/T,51496,2275,1250,250,2019-04-11 18:42,180.9,188.4,189.7,184.6,192.9,190.8,191.7,190.2,185,190,189.9,208.1,205.1,205,204.9,214.9,190,190.1,190,51.3,68.3,39.8,10.501,10.492,29.763,1957,201.7,15.5,221.822,2019-04-11 18:20,23.3,23.6
2019-04-11 18:00,Extruder 1,19-A-193,90310-000045105004,7050 0% 045T 1050W BK N/T,51496,2275,1250,1000,2019-04-11 18:00,172.4,187.8,190.2,184.2,193,197.9,191.5,190.1,184.9,189.9,189.8,207.9,204.9,204.8,204.8,215,190,190.1,190.1,51.3,68.1,39.9,10.501,10.485,29.765,1932,201.9,14.3,217.362,2019-04-11 16:28,24.9,23.6
2019-04-11 17:13,Extruder 1,19-A-193,90310-000045105004,7050 0% 045T 1050W BK N/T,51496,2275,1250,500,2019-04-11 17:13,181.4,188.2,189.4,185.7,192.9,198.1,191.5,190.1,184.9,190,190.4,207.9,204.9,204.9,205,214.9,190,190,189.9,50.8,68.2,39.9,10.508,10.487,29.704,1913,202,17.2,217.837,2019-04-11 16:28,24.5,23.6
2019-04-11 16:50,Extruder 1,19-A-193,90310-000045105004,7050 0% 045T 1050W BK N/T,51496,2275,1250,250,2019-04-11 16:50,180.9,188.2,190.3,185,193,189.3,191.5,190.1,184.9,190,190,208.1,205,204.9,204.9,214.9,190.1,190.1,190.1,51,68.2,39.9,10.499,10.499,29.72,1957,201.5,14.2,220.114,2019-04-11 16:28,24.7,23.7
2019-04-11 16:07,Extruder 1,19-A-192,90310-000045105004,7050 0% 045T 1050W BK N/T,51496,2275,1250,1000,2019-04-11 16:07,170.9,187.8,190.1,184.8,193.7,197.8,191.3,189.6,185.1,190,189.9,208,205.1,205,205,215.1,190,190,190,51,68.2,39.8,10.501,10.495,29.718,1929,201.8,16.4,211.029,2019-04-11 14:30,24.3,23.6
2019-04-11 15:21,Extruder 1,19-A-192,90310-000045105004,7050 0% 045T 1050W BK N/T,51496,2275,1250,500,2019-04-11 15:21,184.7,188.3,190.1,184.4,191.5,198.2,190.7,189.9,185.2,190,190.6,208.1,205.1,205.1,205.1,215.1,190.1,190,190.1,51.4,68.2,39.8,10.302,10.3,29.226,1919,201.1,14.8,212.808,2019-04-11 14:30,24.3,23.6
2019-04-11 14:57,Extruder 1,19-A-192,90310-000045105004,7050 0% 045T 1050W BK N/T,51496,2275,1250,250,2019-04-11 14:57,178.7,188.1,189.9,185,192.1,188.1,189.8,190.2,185.3,190,190.1,208.2,205.3,205.1,205.3,215.1,190,190,189.9,51.3,68.1,39.8,10.293,10.282,29.207,1927,199.8,14.6,217.481,2019-04-11 14:30,24.1,23.6
2019-04-11 14:27,Extruder 1,19-A-191,90310-000045105004,7050 0% 045T 1050W BK N/T,51496,2275,1250,2000,2019-04-11 14:27,178.7,188.4,190.9,184.7,189.5,190.2,187.1,190.1,185,190,189.9,208.4,205.6,205.4,205.4,215.3,190.1,190,190,51.3,68.1,39.7,10.198,10.184,29.239,1926,197.5,15.5,215.512,2019-04-11 10:41,23.8,23.9
2019-04-11 12:16,Extruder 1,19-A-191,90310-000045105004,7050 0% 045T 1050W BK N/T,51496,2275,1250,1000,2019-04-11 12:16,178.3,188.1,189.9,184.7,193.3,198.3,191.1,190.1,185.1,190,190.3,208,205,204.9,205,215.1,189.8,190,190,50.5,67.8,39.5,10.497,10.487,29.528,1870,201.2,17.1,211.124,2019-04-11 10:41,22.8,23.3
2019-04-11 11:29,Extruder 1,19-A-191,90310-000045105004,7050 0% 045T 1050W BK N/T,51496,2275,1250,500,2019-04-11 11:29,178.5,188,190,185.5,193,198.2,191,190.1,184.9,190.1,190.3,208,205,204.9,205.1,214.8,190,190,190.1,50.9,67.9,39.4,10.494,10.499,29.524,1853,201.3,16.5,207.116,2019-04-11 10:41,22.3,23.1
2019-04-11 11:05,Extruder 1,19-A-191,90310-000045105004,7050 0% 045T 1050W BK N/T,51496,2275,1250,250,2019-04-11 11:05,178,187.9,190.1,185.5,193.2,190.4,191.2,190,185.1,189.9,190.3,208.1,205.1,205.1,205,215,190,189.9,190,50.6,67.8,39.4,10.503,10.505,29.526,1876,200.8,15.2,222.415,2019-04-11 10:41,22.2,23
2019-04-11 10:23,Extruder 1,19-A-190,90310-000045105004,7050 0% 045T 1050W BK N/T,51496,2275,1250,1000,2019-04-11 10:23,178.1,188.1,190,185.5,193.1,198.1,191.3,189.7,185.2,190,189.8,208,204.9,205,204.8,214.9,189.7,189.9,189.9,50.9,67.8,39.5,10.506,10.507,29.535,1882,201.4,16.1,203.534,2019-04-11 8:50,21.9,23.1
2019-04-11 9:36,Extruder 1,19-A-190,90310-000045105004,7050 0% 045T 1050W BK N/T,51496,2275,1250,500,2019-04-11 9:36,177.9,188,190.2,185.2,193.5,198.6,191.1,190,185,190.1,189.7,208,205,205,204.9,214.9,189.9,190.1,190,50.7,67.6,39.3,10.508,10.492,29.481,1869,201.5,16.7,212.998,2019-04-11 8:50,21.8,23
2019-04-11 9:13,Extruder 1,19-A-190,90310-000045105004,7050 0% 045T 1050W BK N/T,51496,2275,1250,250,2019-04-11 9:13,177.9,188,190,185.5,193.2,189.8,191.2,190.1,185.2,190,190,208,205.1,205,205.1,215,190.1,190,189.9,51.1,67.7,39.3,10.497,10.512,29.494,1892,201,16,210.46,2019-04-11 8:50,21.5,22.9
2019-04-11 8:30,Extruder 1,19-A-189,90310-000045105004,7050 0% 045T 1050W BK N/T,51496,2275,1250,1000,2019-04-11 8:30,178.1,188.1,189.8,184.5,193.1,198.2,191.1,189.8,185,190,190,208.1,205,205.1,205.1,215.1,189.8,189.9,190,50.9,67.6,39.2,10.499,10.502,29.49,1852,201.5,16.8,207.732,2019-04-11 6:54,21.6,22.9
2019-04-11 7:44,Extruder 1,19-A-189,90310-000045105004,7050 0% 045T 1050W BK N/T,51496,1476,1250,500,2019-04-11 7:44,178.4,188.1,190,184.6,193,198.9,190.9,190,185.1,190.1,189.8,208,205,205,205,215,190,189.9,190,50.1,67.6,39.2,10.503,10.495,29.563,1810,201.2,15.7,214.421,2019-04-11 6:54,21.4,22.9
2019-04-11 7:20,Extruder 1,19-A-189,90310-000045105004,7050 0% 045T 1050W BK N/T,51496,1476,1250,250,2019-04-11 7:20,178.4,187.9,189.9,185.6,193.2,190.4,190.9,189.9,184.9,190,189.8,208,205.1,205.1,205.1,215,190,190,189.8,51.3,67.6,39.2,10.499,10.515,29.478,1824,200.6,14.9,210.413,2019-04-11 6:54,22.9,23
2019-04-11 6:38,Extruder 1,19-A-188,90310-000045105004,7050 0% 045T 1050W BK N/T,51496,1476,1250,1000,2019-04-11 6:38,179,188,189.9,184.5,193.2,198.6,191,190.3,185.3,190.1,189.9,208,205.1,205.1,205,215,189.9,189.9,190,50.9,67.6,39.2,10.497,10.489,29.474,1834,201,15.6,205.171,2019-04-11 5:04,24.3,22.9
2019-04-11 5:51,Extruder 1,19-A-188,90310-000045105004,7050 0% 045T 1050W BK N/T,51496,1476,1250,500,2019-04-11 5:51,181.2,188.1,190.3,185.5,193.8,197.7,189.6,189.8,185.1,190,189.8,208.1,205.1,205.3,205.3,215,190.1,190.1,189.9,50.6,67.6,39.2,10.51,10.502,29.738,1825,200.2,15.8,207.851,2019-04-11 5:04,22.2,22.9
2019-04-11 5:28,Extruder 1,19-A-188,90310-000045105004,7050 0% 045T 1050W BK N/T,51496,1476,1250,250,2019-04-11 5:28,181.1,188.1,190.1,185,195.2,191.4,188,190.1,185.2,190,189.8,208.3,205.4,205.4,205.4,215.1,189.9,190,190,50.8,67.6,39.2,10.497,10.492,29.788,1840,198.2,14.4,211.338,2019-04-11 5:04,21.9,22.8
2019-04-11 3:47,Extruder 1,19-A-187,90310-000045100004,7050 0% 045T 1000W BK N/T,51495,1476,1250,1000,2019-04-11 3:47,177.5,187.9,190,185.3,192.9,198.6,190.3,190,185.1,190.1,190.3,208.1,205.1,205.1,205.1,215.2,189.9,190.1,190.1,50.6,67.4,39,10.506,10.519,28.121,1799,200.2,15.5,207.4,2019-04-11 2:11,21.4,22.8
2019-04-11 3:00,Extruder 1,19-A-187,90310-000045100004,7050 0% 045T 1000W BK N/T,51495,1476,1250,500,2019-04-11 3:00,178.1,187.9,189.8,185.5,192.8,193.9,189.9,190,185,190,190.1,208,205,205,205,214.9,190.1,190.1,190,47.1,66.1,38.2,10.494,10.497,28.109,1782,199.5,15.3,210.626,2019-04-11 2:11,19.4,22.2
2019-04-11 2:37,Extruder 1,19-A-187,90310-000045100004,7050 0% 045T 1000W BK N/T,51495,1476,1250,250,2019-04-11 2:37,178.2,188.1,190.1,185.6,193.2,194.6,189.8,189.9,185,190,189.9,208.1,204.8,204.9,204.9,215,189.8,189.8,190,46.4,66.1,38.1,10.503,10.489,28.105,1800,199.4,15.1,205.455,2019-04-11 2:11,19.3,22.2
2019-04-11 1:54,Extruder 1,19-A-186,90310-000045100004,7050 0% 045T 1000W BK N/T,51495,1476,1250,1000,2019-04-11 1:54,177.7,188,190.1,185.1,193,193.1,189.8,190,185,190.1,189.9,207.9,204.8,204.9,204.8,214.9,190.1,190.1,190.1,47.9,66,38.3,10.503,10.477,28.128,1785,199.6,15.8,206.95,2019-04-11 0:18,19.5,22.3
2019-04-11 1:08,Extruder 1,19-A-186,90310-000045100004,7050 0% 045T 1000W BK N/T,51495,1476,1250,500,2019-04-11 1:08,177.8,187.9,189.9,185.7,192.7,188.3,189.8,189.8,184.9,189.9,189.8,208.1,205,205,205.1,215,190,189.9,190,47.3,66.1,38.4,10.497,10.519,28.118,1796,199.2,15.6,209.606,2019-04-11 0:18,19.5,22.4
2019-04-11 0:44,Extruder 1,19-A-186,90310-000045100004,7050 0% 045T 1000W BK N/T,51495,1476,1250,250,2019-04-11 0:44,178,188.1,190.1,185.2,193.4,198.2,189.8,189.9,185.1,190.1,190.3,208.1,205,205,205,215,189.9,190.1,190.1,47.6,66,38.4,10.499,10.495,28.157,1781,199.7,15.2,199.739,2019-04-11 0:18,20.2,22.6
2019-04-11 0:02,Extruder 1,19-A-185,90310-000045100004,7050 0% 045T 1000W BK N/T,51495,1476,1250,1000,2019-04-11 0:02,178,187.9,190,185.5,193,187.9,189.8,189.8,184.9,189.9,190.1,207.9,205,205,205,215,190.1,190,189.9,47.5,66.1,38.5,10.503,10.527,27.916,1808,199.2,14.5,206.831,2019-04-10 22:25,22.6,22.6
2019-04-10 23:15,Extruder 1,19-A-185,90310-000045100004,7050 0% 045T 1000W BK N/T,51495,1476,1250,500,2019-04-10 23:15,178.1,188.2,189.9,184.2,192.5,188.7,189.9,189.9,184.7,190,189.4,207.9,205.1,205,205,215.1,190,190,190,47.9,66.3,38.4,10.508,10.519,28.123,1819,199.3,15.6,207.922,2019-04-10 22:25,21.4,22.4
2019-04-10 22:52,Extruder 1,19-A-185,90310-000045100004,7050 0% 045T 1000W BK N/T,51495,1476,1250,250,2019-04-10 22:52,178.2,187.9,190.1,184.7,193.3,197.9,190,190,185,190,190.1,208,205.2,205,205,215.1,190,190.1,190,47.7,66.3,38.5,10.494,10.505,28.105,1783,199.9,15.7,203.819,2019-04-10 22:25,21.6,22.6
2019-04-10 22:09,Extruder 1,19-A-184,90310-000045100004,7050 0% 045T 1000W BK N/T,51495,1476,1250,1000,2019-04-10 22:09,178,187.9,190.1,184.5,193.1,188.1,190.1,189.9,185,190,189.9,208,205.1,205.1,205,215,190.2,190.1,189.9,48.2,66.4,38.5,10.508,10.517,28.087,1818,199.3,16.1,207.258,2019-04-10 20:34,21.2,22.6
2019-04-10 21:23,Extruder 1,19-A-184,90310-000045100004,7050 0% 045T 1000W BK N/T,51495,1476,1250,500,2019-04-10 21:23,178.1,188.1,190,185.6,193.2,191.7,190.1,190.1,185.1,190,190.3,208.2,205,205,205.1,215.1,189.9,189.9,189.9,48.2,66.3,38.6,10.51,10.527,28.08,1826,199.4,15.1,207.566,2019-04-10 20:34,20.9,22.7
2019-04-10 20:59,Extruder 1,19-A-184,90310-000045100004,7050 0% 045T 1000W BK N/T,51495,1476,1250,250,2019-04-10 20:59,178,188,190.1,185,192.8,191.7,190.1,190.2,184.9,190,190.1,208,205,205,204.9,214.9,190.1,190,190,48.3,66.4,38.7,10.503,10.522,28.134,1826,199.8,14.1,211.029,2019-04-10 20:34,20.9,22.8
2019-04-10 20:16,Extruder 1,19-A-183,90310-000045100004,7050 0% 045T 1000W BK N/T,51495,1476,1250,1000,2019-04-10 20:16,177.9,188.1,190.1,185.2,193.1,191.1,190.2,189.8,185,190,190.3,208,204.9,205,205,215,189.9,190,189.9,48.5,66.5,38.7,10.506,10.527,28.114,1834,199.6,15.4,202.941,2019-04-10 18:42,20.9,22.8
2019-04-10 19:30,Extruder 1,19-A-183,90310-000045100004,7050 0% 045T 1000W BK N/T,51495,1476,1250,500,2019-04-10 19:30,178.1,188.1,190.1,184.5,193.2,194.8,190.1,190.1,185.2,190,190,208.3,205.1,205.1,205.2,215.2,190,190,190.2,49.7,66.6,38.8,10.494,10.499,28.371,1831,199.9,15.6,204.91,2019-04-10 18:42,21.2,22.9
2019-04-10 19:06,Extruder 1,19-A-183,90310-000045100004,7050 0% 045T 1000W BK N/T,51495,2275,1250,250,2019-04-10 19:06,177.9,188.1,189.8,185,192.9,188.2,190.1,190.2,185.2,190,189.9,208,204.8,205,205,214.8,190.2,189.9,190,48.2,66.8,38.8,10.506,10.512,27.909,1824,199.6,15.1,206.57,2019-04-10 18:42,21.3,22.9
2019-04-10 18:23,Extruder 1,19-A-182,90310-000045100004,7050 0% 045T 1000W BK N/T,51495,2275,1250,1000,2019-04-10 18:23,177.9,187.9,190.2,185.2,192.9,193.2,190,189.8,185,190,190,208,205,205,204.9,215,189.9,190.1,189.9,48.8,67,38.6,10.506,10.471,27.897,1825,199.6,16.5,214.208,2019-04-10 16:50,21.1,22.8
2019-04-10 17:37,Extruder 1,19-A-182,90310-000045100004,7050 0% 045T 1000W BK N/T,51495,2275,1250,500,2019-04-10 17:37,178.2,188,190.2,183.8,192.8,196.8,189.9,189.9,184.9,190,190.3,207.8,205,204.9,205,214.9,190,190,190,47.4,67,38.7,10.494,10.481,27.916,1810,199.8,15.4,207.898,2019-04-10 16:50,22.6,22.9
2019-04-10 17:13,Extruder 1,19-A-182,90310-000045100004,7050 0% 045T 1000W BK N/T,51495,2275,1250,250,2019-04-10 17:13,178,188,190,184.6,193.1,188,190.1,190.1,185.2,190.1,190.6,208.1,205.1,205.1,205.1,215.1,190.1,190.1,190.1,46.4,67,38.8,10.508,10.505,27.879,1772,199.4,16.1,202.182,2019-04-10 16:50,21.8,22.9
2019-04-10 16:30,Extruder 1,19-A-181,90310-000045100004,7050 0% 045T 1000W BK N/T,51495,2275,1250,1000,2019-04-10 16:30,177.8,187.9,190.6,185.2,193.5,196.3,189.6,190.2,185,189.9,189.6,207.9,205.1,205,205,215.1,189.9,190,190,48.2,66.8,38.7,10.503,10.477,27.519,1797,199.5,15,202.372,2019-04-10 14:50,22.9,22.9
2019-04-10 15:44,Extruder 1,19-A-181,90310-000045100004,7050 0% 045T 1000W BK N/T,51495,2275,1250,500,2019-04-10 15:44,177.6,188.1,190.7,185,193.2,198.6,189.1,190.4,185.1,189.9,190.3,207.9,205,205.1,205.1,215,190.1,190,190.1,44.4,66.9,38.8,10.503,10.479,27.533,1797,199.3,15.9,203.155,2019-04-10 14:50,23.4,23
2019-04-10 15:20,Extruder 1,19-A-181,90310-000045100004,7050 0% 045T 1000W BK N/T,51495,2275,1250,250,2019-04-10 15:20,177.6,188.1,189.3,185.8,192.9,189.1,188.1,189.8,185.1,190.1,190.1,208,205.2,205.3,205.3,215,189.9,190,189.8,45.8,66.7,38.7,10.497,10.475,27.462,1818,197.8,14,210.057,2019-04-10 14:50,21.7,22.9
2019-04-10 13:30,Extruder 1,19-A-180,90310-000045100004,7050 0% 045T 1000W BK N/T,51495,2275,1250,1000,2019-04-10 13:30,178.5,187.8,189.9,184.5,192.8,187.7,189.8,189.8,185.1,190,189.8,208.1,205,205,205,215.1,190.1,189.9,190,41.3,66.7,38.5,10.295,10.31,27.551,1807,199,14.8,210.152,2019-04-10 11:55,22.1,22.8
2019-04-10 12:42,Extruder 1,19-A-180,90310-000045100004,7050 0% 045T 1000W BK N/T,51495,2275,1250,500,2019-04-10 12:42,178,188.1,190.1,185.2,193,188.5,189.7,189.9,185,190,190.6,207.9,205,205.1,204.9,214.8,190.1,190,190,47.6,66.7,38.5,10.3,10.302,27.476,1800,198.9,15.7,201.067,2019-04-10 11:55,21.5,22.8
2019-04-10 12:18,Extruder 1,19-A-180,90310-000045100004,7050 0% 045T 1000W BK N/T,51495,2275,1250,250,2019-04-10 12:18,178.3,188.1,189.8,184.7,192.9,198.3,189.6,189.8,185,190,189.8,208,204.9,204.9,205,215.1,190,190.1,190.1,48.4,66.7,38.5,10.293,10.292,27.542,1774,199.6,14.8,206.404,2019-04-10 11:55,21.2,22.9
2019-04-10 11:06,Extruder 1,19-A-179,90310-000045100004,7050 0% 045T 1000W BK N/T,51495,2275,1250,1000,2019-04-10 11:06,178,188.1,190.1,185.4,193.3,192.1,189.4,189.8,184.9,190,189.5,208,204.9,205,205,215,189.9,190,189.9,44.8,66.6,38.7,10.302,10.282,27.478,1800,198.9,16.8,208.444,2019-04-10 9:31,20.7,22.8
2019-04-10 10:18,Extruder 1,19-A-179,90310-000045100004,7050 0% 045T 1000W BK N/T,51495,2275,1250,500,2019-04-10 10:18,178,188.2,190.1,183.7,192.9,194.7,189.5,189.8,185,190,190.3,208,204.9,205,204.9,215,190,190.1,190.1,47.1,66.7,38.6,10.304,10.3,27.476,1780,199.2,15.6,203.51,2019-04-10 9:31,20.7,22.9
2019-04-10 9:55,Extruder 1,19-A-179,90310-000045100004,7050 0% 045T 1000W BK N/T,51495,2275,1250,250,2019-04-10 9:55,177.8,188.1,189.8,185.5,193,188.8,189.4,189.9,184.9,189.9,189.7,207.9,205.1,205,205,215.1,190.1,190,190,48.2,66.8,38.5,10.295,10.3,27.499,1777,198.9,14.8,207.875,2019-04-10 9:31,20.5,22.9
2019-04-10 9:12,Extruder 1,19-A-178,90310-000045105004,7050 0% 045T 1050W BK N/T,51495,2275,1250,1000,2019-04-10 9:12,178,188.1,190.1,185.2,193.2,193.1,189.7,189.7,185.2,190,190.1,208.1,204.8,205.1,205.1,215,189.9,190,189.9,43.4,66.6,38.6,10.311,10.32,27.519,1757,198.9,13.6,201.067,2019-04-10 7:38,20.9,22.8
2019-04-10 8:24,Extruder 1,19-A-178,90310-000045105004,7050 0% 045T 1050W BK N/T,51495,2275,1250,500,2019-04-10 8:24,177.8,188,190.1,184.3,193.3,196.9,189.5,189.9,185.1,190,189.7,208,205,205.1,205.1,215,190,190,190,43.8,66.6,38.8,10.307,10.305,27.478,1762,199.1,14.6,206.95,2019-04-10 7:38,20.7,22.8
2019-04-10 8:00,Extruder 1,19-A-178,90310-000045105004,7050 0% 045T 1050W BK N/T,51495,2275,1250,250,2019-04-10 8:00,177.4,188,189.8,184.5,192.8,186.5,189.6,189.9,184.9,190,190.2,207.8,205,205,204.8,214.9,190,190.1,190,47,66.8,38.7,10.302,10.295,27.492,1778,198.6,15.7,208.468,2019-04-10 7:38,20.8,22.8
2019-04-10 7:17,Extruder 1,19-A-177,90310-000045105004,7050 0% 045T 1050W BK N/T,51495,1324,1250,1000,2019-04-10 7:17,178.1,188,190,184.8,193.4,196,189.8,190,184.7,189.9,190.2,207.8,205,205,205,214.9,189.9,190.1,190,46.2,67,39.2,10.309,10.333,27.572,1775,199.2,16.6,203.961,2019-04-10 4:47,21.8,23.2
2019-04-10 6:30,Extruder 1,19-A-177,90310-000045105004,7050 0% 045T 1050W BK N/T,51495,1324,1250,500,2019-04-10 6:30,176.1,187.9,190,185.4,192.9,197.7,189.6,189.9,185.2,190,189.9,208,205.1,205,205,215,190,189.9,190.1,50.9,68,39.6,10.302,10.295,27.508,1813,199.5,15.6,210.674,2019-04-10 4:47,24.3,23.4
2019-04-10 6:06,Extruder 1,19-A-177,90310-000045105004,7050 0% 045T 1050W BK N/T,51495,1324,1250,250,2019-04-10 6:06,174.9,187.8,189.9,184.2,192.9,187.9,189.1,190.4,185.2,190,190,208.1,205.1,205.2,205.1,215,190,190,190,48.3,68,39.6,10.293,10.28,27.264,1818,198.6,15.6,207.163,2019-04-10 4:47,22.8,23.3
2019-04-10 5:34,Extruder 1,19-A-177,90310-000045105004,7050 0% 045T 1050W BK N/T,51495,1324,1250,250,2019-04-10 5:34,180.8,187.9,190.1,185.4,194,188.6,187,190.6,185,190,190.8,208.3,205.5,205.4,205.3,215.2,190.1,189.9,189.9,51.7,68,39.6,10.501,10.497,27.221,1836,196.8,16.4,205.076,2019-04-10 4:47,22.5,23.6
2019-04-10 4:25,Extruder 1,19-A-176,90310-000045105004,7050 0% 045T 1050W BK N/T,51495,1324,1250,1000,2019-04-10 4:25,183.4,188.5,190.4,185.2,192.9,187.7,190.9,190,185.1,190,190.1,208,205,205.1,205.1,215,190.1,190,190.1,51.8,68,39.6,10.597,10.585,28.565,1869,200.4,16.9,216.935,2019-04-10 2:52,23.6,23.4
2019-04-10 3:39,Extruder 1,19-A-176,90310-000045105004,7050 0% 045T 1050W BK N/T,51495,1324,1250,500,2019-04-10 3:39,169.5,187.8,190.1,184.2,193,191.2,190.8,190.2,185,189.9,190.1,208,205,205,204.9,215,189.9,190.1,189.9,51,67.9,39.6,10.605,10.57,28.508,1829,200.4,15.9,211.077,2019-04-10 2:52,24.9,23.4
2019-04-10 3:16,Extruder 1,19-A-176,90310-000045105004,7050 0% 045T 1050W BK N/T,51495,1324,1250,250,2019-04-10 3:16,180.2,188.4,190,185.1,193,193,190.9,190,185,190,190.4,208,205,205,204.8,215.1,190.1,189.9,189.9,51.5,68,39.6,10.497,10.487,28.494,1850,200.9,14.9,215.18,2019-04-10 2:52,23.6,23.3
2019-04-10 2:34,Extruder 1,19-A-175,90310-000045105004,7050 0% 045T 1050W BK N/T,51495,1324,1250,1000,2019-04-10 2:34,176.4,188.1,190.5,184.2,192.5,189.8,190.8,189.7,185.1,190,189.7,208,205.1,205.1,205.1,214.9,190,189.9,190,46.4,68,39.5,10.399,10.399,28.517,1857,200.5,15.6,214.042,2019-04-10 1:00,23.1,23.4
2019-04-10 1:46,Extruder 1,19-A-175,90310-000045105004,7050 0% 045T 1050W BK N/T,51495,1324,1250,500,2019-04-10 1:46,185,188.1,190.3,186.1,193,191.3,190.7,190.2,185,190.1,189.8,208,205,205,205.1,215,190.1,190,189.9,39.5,67.9,39.6,10.402,10.417,28.494,1846,200.5,21.2,215.655,2019-04-10 1:00,22.5,23.4
2019-04-10 1:23,Extruder 1,19-A-175,90310-000045105004,7050 0% 045T 1050W BK N/T,51495,1324,1250,250,2019-04-10 1:23,175.3,188,189.9,185.4,193.5,194,190.7,189.8,184.8,190,190.1,208,205,205,205,215,190,190,190,50.6,67.9,39.7,10.497,10.479,28.517,1815,200.8,14.6,207.187,2019-04-10 1:00,22.6,23.4
2019-04-10 0:41,Extruder 1,19-A-174,90310-000045105004,7050 0% 045T 1050W BK N/T,51495,1324,1250,1000,2019-04-10 0:41,168.9,187.8,190.1,185,192.9,190.4,190.7,189.8,185,189.9,190.1,208,205,205.1,205.1,215.1,190.2,190,189.9,50.5,68.1,39.7,10.492,10.497,28.51,1842,200.4,16.6,213.259,2019-04-09 23:07,24.4,23.4
2019-04-09 23:54,Extruder 1,19-A-174,90310-000045105004,7050 0% 045T 1050W BK N/T,51495,1324,1250,500,2019-04-09 23:54,175.7,187.9,190,184.4,193.5,193.6,190.8,190.1,185.1,190,190.1,208,205,205,205,215.1,190,190.1,190,51.3,68,39.7,10.404,10.413,28.558,1849,200.7,15.6,205.859,2019-04-09 23:07,23.8,23.6
2019-04-09 23:30,Extruder 1,19-A-174,90310-000045105004,7050 0% 045T 1050W BK N/T,51495,1324,1250,250,2019-04-09 23:30,169.1,187.6,190,185.3,192.7,190.2,190.9,190,185,189.9,190.5,207.9,205,204.9,205,214.9,190,190,190,50.8,68,39.7,10.399,10.393,28.513,1830,200.7,17.7,208.824,2019-04-09 23:07,23.9,23.6
2019-04-09 22:21,Extruder 1,19-A-173,90310-000045105004,7050 0% 045T 1050W BK N/T,51495,1324,1250,1000,2019-04-09 22:21,168.2,187.7,189.4,185.2,193.3,198.5,190.9,190,185,190,190.3,208.1,205,205,205.1,215,190,189.9,189.9,51.5,68,39.6,10.399,10.403,28.535,1845,201.1,15.7,205.123,2019-04-09 20:47,23.4,23.6
2019-04-09 21:34,Extruder 1,19-A-173,90310-000045105004,7050 0% 045T 1050W BK N/T,51495,1324,1250,500,2019-04-09 21:34,176.3,188,189.5,184.9,193.3,198.5,190.8,190,185.1,190,189.8,208,205,205,205.1,215,190.1,190,190.1,50.9,68,39.7,10.393,10.381,28.526,1837,201,15,216.841,2019-04-09 20:47,23.1,23.4
2019-04-09 21:10,Extruder 1,19-A-173,90310-000045105004,7050 0% 045T 1050W BK N/T,51495,1324,1250,250,2019-04-09 21:10,168.5,187.9,189.7,184.7,192.7,190.6,190.7,190,185.1,190,190.5,208,205,205,205.1,215.1,189.9,189.9,190,51.3,68,39.7,10.39,10.381,28.579,1854,200.5,16.2,207.424,2019-04-09 20:47,22.8,23.4
2019-04-09 19:59,Extruder 1,19-A-172,90310-000045105004,7050 0% 045T 1050W BK N/T,51495,1324,1250,1000,2019-04-09 19:59,168.2,187.6,189.4,184.3,192.6,189.3,190.6,190,185.2,190.1,190.1,208,205.1,205.1,205.2,215.1,190.1,190.1,190,41.7,68,39.7,10.395,10.403,28.506,1822,200.3,17.2,201.755,2019-04-09 9:30,24.5,23.6
2019-04-09 19:12,Extruder 1,19-A-172,90310-000045105004,7050 0% 045T 1050W BK N/T,51495,1324,1250,500,2019-04-09 19:12,177.1,187.9,190.1,184.3,192.7,187.8,190.1,189.9,185.2,190,190.6,208.1,205,205.1,205.3,215,190,190,190,50.8,68.1,39.7,10.309,10.292,28.535,1770,199.5,15.4,210.46,2019-04-09 9:30,24.7,23.6
2019-04-09 18:49,Extruder 1,19-A-172,90310-000045105004,7050 0% 045T 1050W BK N/T,51495,2262,1250,250,2019-04-09 18:49,168.5,187.6,189.6,185.9,192.9,197.8,189.2,190.3,185.3,189.9,189.7,208.2,205.1,205.1,205.3,214.8,190,190,189.9,50.4,68,39.6,10.198,10.2,28.506,1765,199.2,16.3,202.846,2019-04-09 9:30,24.1,23.6
2019-04-09 18:12,Extruder 1,19-A-172,90310-000045105004,7050 0% 045T 1050W BK N/T,51495,2262,1250,3000,2019-04-09 18:12,168,187.3,189.4,186.1,193.9,194.7,186.3,190,185,190,190.5,208.8,205.4,205.4,206,216.4,190,190.1,189.9,46.7,68,39.6,10.714,10.706,27.993,1714,196,14.4,200.925,2019-04-09 9:30,24.1,24.1
2019-03-28 11:53,Extruder 1,19-A-140,90310-000065060004,7050 0% 065T 600W BK N/T,218008,2275,1250,1000,2019-03-28 11:53,177.1,187.5,189.4,190,191.4,201,203,194.8,194.2,200,200.2,208,208.1,209,208.1,208,200,205,205.1,25,68.8,39.8,11.097,11.11,30.041,2539,219.1,15.1,209.535,2019-03-28 3:31,22.6,23.6
2019-03-28 11:09,Extruder 1,19-A-140,90310-000065060004,7050 0% 065T 600W BK N/T,218008,2275,1250,500,2019-03-28 11:09,168.8,187.8,190,189.8,191.3,198,202.1,195,194.6,200,199.8,208.3,208.4,209.1,208.5,208,199.9,205.1,205.1,25.5,68.7,39.8,11.108,11.14,26.036,2434,217,14.7,194.426,2019-03-28 3:31,22.2,23.4
2019-03-28 10:47,Extruder 1,19-A-140,90310-000065060004,7050 0% 065T 600W BK N/T,218008,2275,1250,250,2019-03-28 10:47,177.5,187,190.3,190.9,190.2,190.4,200.2,195,194.6,200,200.4,208.4,208.9,208.8,208.9,208,200.2,205.1,204.9,25.8,68.5,39.7,11.101,11.133,26.046,2430,215.1,17.4,190.157,2019-03-28 3:31,22.1,23.4
2019-03-16 8:25,Extruder 1,19-A-112,90310-000065110004,7050 0% 065T 1100W BK N/T,50453,2262,1250,1000,2019-03-16 8:25,180.9,187.9,189.4,189.8,189.9,195.3,198.8,195.1,194.8,200,199.9,215,208,205.1,211,214.9,199.9,205.1,205,14.3,73.1,48.7,15.003,14.989,34.089,1955,208,14.2,220.138,2019-03-16 6:36,25.4,27.2
2019-03-16 7:28,Extruder 1,19-A-112,90310-000065110004,7050 0% 065T 1100W BK N/T,50453,2262,1250,500,2019-03-16 7:28,180.7,188,189.2,189.4,189.8,196.7,199.1,194.8,195,200,200,215,208,205,211.1,215,199.9,204.8,205,15.1,73.2,48.9,8.507,8.499,34.075,1963,208.7,15.3,219.663,2019-03-16 6:36,24.7,27.1
2019-03-16 6:59,Extruder 1,19-A-112,90310-000065110004,7050 0% 065T 1100W BK N/T,50453,2136,1250,250,2019-03-16 6:59,180.2,187.9,190.1,189.8,190,197.3,199,195.1,194.9,199.9,199.9,215,208,205.1,210.9,215,200,205,204.9,15.7,73.3,49,8.507,8.507,34.062,1966,208.7,15.7,218.525,2019-03-16 6:36,24.6,27.2
2019-03-16 6:30,Extruder 1,19-A-111,90310-000065110004,7050 0% 065T 1100W BK N/T,50453,2136,1250,1000,2019-03-16 6:30,178.9,188,189.6,189.5,189.8,196.8,199.1,195.1,194.9,200.1,199.8,215.1,208,205,210.9,215,200.1,205,204.8,15.7,73.2,48.8,8.497,8.512,34.098,1959,208.7,16.1,220.873,2019-03-16 4:37,24.5,27.2
2019-03-16 5:32,Extruder 1,19-A-111,90310-000065110004,7050 0% 065T 1100W BK N/T,50453,2136,1250,500,2019-03-16 5:32,179.5,187.8,188.9,190.4,189.9,195.7,199.1,195,194.9,200,199.7,214.9,208,205.1,210.9,215.1,199.9,205.1,205,16,73.2,48.9,8.497,8.499,34.118,1965,208.6,16.7,224.929,2019-03-16 4:37,24,27.1
2019-03-16 5:03,Extruder 1,19-A-111,90310-000065110004,7050 0% 065T 1100W BK N/T,50453,2136,1250,250,2019-03-16 5:03,179.5,187.9,190.7,189.8,189.8,195.2,199.3,195,195,200,200.4,215,208.1,205,211.1,214.9,200.1,205.1,205,16.4,73.3,48.8,8.499,8.523,34.08,2005,209,17,219.924,2019-03-16 4:37,23.9,27.1
2019-03-16 4:34,Extruder 1,19-A-110,90310-000065110004,7050 0% 065T 1100W BK N/T,50453,2136,1250,1000,2019-03-16 4:34,180.9,187.8,189.8,189.6,189.8,195.7,199.2,195.1,195,200,200.5,215,208,205.1,211,215.1,200,205,205.1,15.9,73.2,48.7,8.499,8.525,34.059,1994,209,17,217.695,2019-03-16 2:45,24,27.1
2019-03-16 3:36,Extruder 1,19-A-110,90310-000065110004,7050 0% 065T 1100W BK N/T,50453,2136,1250,500,2019-03-16 3:36,179.9,187.9,190.3,189.3,189.7,193.7,199.2,195.3,195,200,200,215,208,205.1,211,214.9,199.9,205.1,205,15.8,73.3,48.7,8.601,8.585,34.046,1993,208.8,17.4,222.557,2019-03-16 2:45,26.7,27.1
2019-03-16 3:08,Extruder 1,19-A-110,90310-000065110004,7050 0% 065T 1100W BK N/T,50453,2136,1250,250,2019-03-16 3:08,179.8,188.1,189.4,189.8,189.8,194,199.3,195.3,195.2,200,200.1,215,208,205.1,211.1,215.1,200.2,205,204.8,15.7,73.2,49,8.603,8.597,34.134,1996,208.9,16.3,221.679,2019-03-16 2:45,25.8,27.2
2019-03-16 2:39,Extruder 1,19-A-109,90310-000065110004,7050 0% 065T 1100W BK N/T,50453,2136,1250,1000,2019-03-16 2:39,180,187.9,190.6,190.2,190.1,192.6,199.4,194.9,195.1,200,199.7,215,208.1,205.1,211.1,215.1,200,204.9,204.9,15.7,73.3,48.8,8.596,8.597,34.03,2003,208.8,16.2,218.05,2019-03-16 0:46,25.4,27.1
2019-03-16 1:42,Extruder 1,19-A-109,90310-000065110004,7050 0% 065T 1100W BK N/T,50453,2136,1250,500,2019-03-16 1:42,178.9,187.8,190.3,191,190.1,192.8,199.2,194.7,194.9,200,199.4,214.9,208.1,205.1,210.9,215,200.1,204.8,204.8,15.8,73.1,48.8,8.607,8.597,34.098,1976,208.7,16.7,216.817,2019-03-16 0:46,24.7,27
2019-03-16 1:13,Extruder 1,19-A-109,90310-000065110004,7050 0% 065T 1100W BK N/T,50453,2136,1250,250,2019-03-16 1:13,181.1,187.9,189.3,189.6,189.9,192.3,199.2,195,195,200,199.9,215,208.1,205.1,211,215,199.9,205,204.9,15.8,73.3,48.8,8.601,8.601,34.068,1968,208.6,16.5,223.624,2019-03-16 0:46,24.6,27
2019-03-16 0:43,Extruder 1,19-A-108,90310-000065110004,7050 0% 065T 1100W BK N/T,50453,2136,1250,1000,2019-03-16 0:43,178,188.2,190.1,189.4,189.6,192.5,199.2,194.6,195,200,200.2,214.9,208,205,211.1,215,200,205,205.2,15.2,73.1,48.8,8.501,8.492,34.046,1974,208.7,15.8,222.391,2019-03-15 22:48,24.4,27
2019-03-15 23:45,Extruder 1,19-A-108,90310-000065110004,7050 0% 065T 1100W BK N/T,50453,2136,1250,500,2019-03-15 23:45,182.5,188,190.1,191.1,190.2,194.8,199.3,195.2,195,200.1,200,214.9,207.9,205,211.1,214.9,200,205.1,205.1,14.5,73.2,48.9,8.497,8.517,34.091,1928,208.9,15.4,219.877,2019-03-15 22:48,24,27.1
2019-03-15 23:16,Extruder 1,19-A-108,90310-000065110004,7050 0% 065T 1100W BK N/T,50453,2136,1250,250,2019-03-15 23:16,179.3,187.9,190.1,189.6,190.1,195.1,199.3,194.3,195,200,200.3,215,208,205,211.1,215.2,200,204.9,205,14.2,73.2,48.9,8.507,8.502,34.059,1936,208.9,15,217.671,2019-03-15 22:48,23.7,27
2019-03-15 22:47,Extruder 1,19-A-107,90310-000065110004,7050 0% 065T 1100W BK N/T,50453,2136,1250,1000,2019-03-15 22:47,178,187.5,189.7,189.5,189.2,195.1,199.2,195.5,195,200.1,200.1,215.1,208,205.2,211.1,215.1,200.1,205.1,204.9,13.9,73.1,48.7,8.503,8.502,34.041,1956,208.8,14.8,220.731,2019-03-15 21:03,23.7,26.9
2019-03-15 21:49,Extruder 1,19-A-107,90310-000065110004,7050 0% 065T 1100W BK N/T,50453,2136,1250,500,2019-03-15 21:49,183.5,188.2,190.7,189.7,187.2,195.9,198.5,194.8,195,200,199.8,215,208,205.2,210.9,215,200.1,205,204.9,13.7,73.2,49,8.506,8.517,34.087,1951,208,14.8,220.446,2019-03-15 21:03,23.6,27.1
2019-03-15 21:20,Extruder 1,19-A-107,90310-000065110004,7050 0% 065T 1100W BK N/T,50453,2136,1250,250,2019-03-15 21:20,178.3,187.7,190.7,190.1,189.3,197.9,197.6,195.1,195.1,199.9,199.9,215,208.2,205.3,211.1,215,200.1,205.1,205,13.7,73.1,48.9,8.499,8.499,34.062,1942,207.6,14.3,217.268,2019-03-15 21:03,24.4,27.1
2019-03-15 20:22,Extruder 1,19-A-106,90310-000065110004,7050 0% 065T 1100W BK N/T,50453,2136,1250,1000,2019-03-15 20:22,180.4,188,190.6,189,189.7,196.9,199,194.9,195.1,200,200.1,215,208,205.1,211.1,215.2,200.1,205.1,205.1,14.3,73.2,49,14.999,15.013,34.066,1926,208.5,15.1,214.872,2019-03-15 18:26,27.1,27.2
2019-03-15 19:25,Extruder 1,19-A-106,90310-000065110004,7050 0% 065T 1100W BK N/T,50453,2136,1250,500,2019-03-15 19:25,178.3,188,190.5,190,190.2,196.7,199.2,195.2,195,200,200.3,214.9,207.9,204.9,210.9,214.8,199.9,204.8,204.8,15.1,73.1,48.9,8.543,8.573,34.103,1945,208.7,15.9,216.983,2019-03-15 18:26,25.1,27.1
2019-03-15 18:56,Extruder 1,19-A-106,90310-000065110004,7050 0% 065T 1100W BK N/T,50453,2262,1250,250,2019-03-15 18:56,180.3,187.9,189.6,189.9,189.7,196.9,199.3,195.2,194.9,199.9,200.5,214.9,207.8,205,210.9,214.9,200,205.1,205.1,15.1,73.1,48.9,8.541,8.529,34.071,1950,209,16.2,226.376,2019-03-15 18:26,24.8,27.1
2019-03-15 18:22,Extruder 1,19-A-105,90310-000065110004,7050 0% 065T 1100W BK N/T,50453,2262,1250,1000,2019-03-15 18:22,181.6,188.6,190.9,190.5,190.3,196.7,199.4,195.1,195,200.1,200.4,215,208,205.1,211,214.9,200.1,205.1,205,14.5,73.1,48.7,13.972,14.018,34.134,1979,209.2,15.6,221.347,2019-03-15 16:24,24.3,27
2019-03-15 17:25,Extruder 1,19-A-105,90310-000065110004,7050 0% 065T 1100W BK N/T,50453,2262,1250,500,2019-03-15 17:25,179.8,188.2,189.6,190.7,190.3,197,199.4,194.8,195.2,200,199.8,215,207.9,205.1,210.9,214.8,200,205,205,14.5,73.1,48.6,8.559,8.535,34.064,1976,209.1,15.7,220.114,2019-03-15 16:24,23.6,26.9
2019-03-15 16:56,Extruder 1,19-A-105,90310-000065110004,7050 0% 065T 1100W BK N/T,50453,2262,1250,250,2019-03-15 16:56,181.3,188.1,190.1,190.5,190.1,197,199.2,195.1,194.9,200,199.6,215,208,205.1,211,214.9,199.9,204.9,205,14.6,73,48.5,8.601,8.621,34.007,1977,209,15.8,228.226,2019-03-15 16:24,24.6,27
2019-03-15 16:27,Extruder 1,19-A-104,90310-000065110004,7050 0% 065T 1100W BK N/T,50453,2262,1250,1000,2019-03-15 16:27,178,187.8,190.2,190,190,197.3,199.4,195,195.2,200,200.1,214.9,208,205.1,210.9,214.9,200.1,205.1,204.9,14.4,73,48.6,8.631,8.638,34.016,1950,209,15.1,221.94,2019-03-15 14:31,24.9,26.9
2019-03-15 15:30,Extruder 1,19-A-104,90310-000065110004,7050 0% 065T 1100W BK N/T,50453,2262,1250,500,2019-03-15 15:30,181.8,187.6,189.8,190,189.5,196.3,198.9,195,195,200,199.9,215,208.1,205.1,210.9,215,200.1,205.1,205.1,15.6,71.7,47.3,8.605,8.601,34.105,1941,208.9,15.7,220.327,2019-03-15 14:31,22.7,26.2
2019-03-15 15:01,Extruder 1,19-A-104,90310-000065110004,7050 0% 065T 1100W BK N/T,50453,2262,1250,250,2019-03-15 15:01,177.7,188,189.4,188.7,189.8,196.5,199,195.5,195.1,200.1,199.9,215.1,208,205.2,211.1,215.1,200.1,205.1,205,15.8,71.7,47.3,8.601,8.59,34.116,1941,208.9,15.3,221.252,2019-03-15 14:31,22.6,26.1
2019-03-15 14:32,Extruder 1,19-A-103,90310-000065110004,7050 0% 065T 1100W BK N/T,50453,2262,1250,1000,2019-03-15 14:32,180.2,188.6,190,190.4,189.9,195,198.9,195.1,194.9,200,200.1,215,207.9,205.1,210.9,214.9,200,204.8,205.1,17.7,71.7,47.4,8.596,8.631,34.064,1949,208.8,15.4,223.672,2019-03-15 12:34,22.4,26.3
2019-03-15 13:35,Extruder 1,19-A-103,90310-000065110004,7050 0% 065T 1100W BK N/T,50453,2262,1250,500,2019-03-15 13:35,176.9,188.3,190.1,190,190.1,194,199.2,195.1,195,200.1,199.9,214.8,207.9,204.8,210.9,215,199.9,205,204.8,13.8,71.9,47.4,8.603,8.595,34.068,1940,208.7,12.9,218.572,2019-03-15 12:34,22.2,26.3
2019-03-15 13:06,Extruder 1,19-A-103,90310-000065110004,7050 0% 065T 1100W BK N/T,50453,2262,1250,250,2019-03-15 13:06,177.4,188,189.4,189.5,190.1,194.6,199.1,195.2,195,200,200,215.1,208,205,211,215,200,205.1,205.1,13.8,71.7,47.6,8.598,8.597,34.071,1995,209.3,12.8,227.064,2019-03-15 12:34,22.1,26.4
2019-03-15 12:37,Extruder 1,19-A-102,90310-000065110004,7050 0% 065T 1100W BK N/T,50453,2262,1250,1000,2019-03-15 12:37,185.6,187.9,189.9,190.4,190.2,195.1,199.2,195.1,195.2,200,200.1,215.1,208,205.3,211,215,200,205,205,26.9,71.5,47.5,8.603,8.615,34.021,2001,209,15.1,229.91,2019-03-15 10:30,23.1,26.2
2019-03-14 17:42,Extruder 1,19-A-93,90310-000065110004,7050 0% 065T 1100W BK N/T,50453,2275,1250,500,2019-03-14 17:42,181.2,188.2,189.8,189.6,189.9,195.5,198.6,195.1,195,200,200,215,208.1,205.1,211,215,199.9,205.1,205.1,17.9,72.3,48.2,8.45,8.441,34.032,1776,207.8,16.4,212.429,2019-03-14 16:46,24.7,27
2019-03-14 17:12,Extruder 1,19-A-93,90310-000065110004,7050 0% 065T 1100W BK N/T,50453,2275,1250,250,2019-03-14 17:12,179.2,188.1,189.7,189.4,190.1,194.6,198.4,194.8,195,200.1,199.9,215,208,205.2,211,215.1,200,205,204.9,16.9,72.3,48.1,8.45,8.457,34.075,1760,207.5,15.8,211.029,2019-03-14 16:46,24.4,27.2
2019-03-14 16:42,Extruder 1,19-A-92,90310-000065110004,7050 0% 065T 1100W BK N/T,50453,2275,1250,1000,2019-03-14 16:42,179.8,188.1,190,190.3,190.1,193.8,198.5,194.9,195,200.1,199.9,215,208,204.8,211,215.1,200,205,205,15,72.8,48.4,8.45,8.459,34.03,1791,207.4,14.6,214.611,2019-03-14 14:49,24,26.9
2019-03-14 15:44,Extruder 1,19-A-92,90310-000065110004,7050 0% 065T 1100W BK N/T,50453,2275,1250,500,2019-03-14 15:44,180,187.9,189.9,189.7,190,194.6,199,194.6,195.3,200,200.1,214.9,207.9,205.2,211,215,199.9,204.9,205,17.4,72.4,48.1,8.448,8.464,34.059,1828,208.4,15,210.626,2019-03-14 14:49,23.8,26.9
2019-03-14 15:15,Extruder 1,19-A-92,90310-000065110004,7050 0% 065T 1100W BK N/T,50453,2275,1250,250,2019-03-14 15:15,177.6,187.5,189.5,188.8,189.8,196.6,198.6,194.8,194.9,200.1,200.1,215,208.2,204.9,211,215.2,199.9,205.2,205.1,20,72.2,48.1,8.452,8.439,34.1,1847,208.4,17.1,220.493,2019-03-14 14:49,23.6,27.1
2019-03-14 14:45,Extruder 1,19-A-91,90310-000065110004,7050 0% 065T 1100W BK N/T,50453,2275,1250,1000,2019-03-14 14:45,180.4,188,190.1,190.7,190,196.8,198.7,195.1,195,199.9,200,214.9,208,205.1,210.9,214.9,199.9,204.9,205.1,17.7,72.1,48.2,8.446,8.404,34.125,1840,208.4,16.3,210.46,2019-03-14 12:18,23.7,27
2019-03-14 13:46,Extruder 1,19-A-91,90310-000065110004,7050 0% 065T 1100W BK N/T,50453,2275,1250,500,2019-03-14 13:46,178.9,187.9,190.4,190.1,189.8,196.5,198.5,195.1,195,200,200.1,215.1,208.2,204.9,211.1,215.1,200.2,205,205,17.9,72.4,48.3,8.444,8.444,34.107,1842,208.2,16,218.05,2019-03-14 12:18,25.3,26.9
2019-03-14 13:17,Extruder 1,19-A-91,90310-000065110004,7050 0% 065T 1100W BK N/T,50453,2275,1250,250,2019-03-14 13:17,176.3,188,189.8,191,190,194.8,198.2,194.8,195.1,199.9,200,215.1,208,205,211.1,214.9,200,205,205.1,16.1,72.4,48.1,8.45,8.444,34.025,1859,207.7,15,222.984,2019-03-14 12:18,25.2,27
2019-03-14 12:09,Extruder 1,19-A-90,90310-000065110004,7050 0% 065T 1100W BK N/T,50453,2275,1250,1000,2019-03-14 12:09,180.8,188,189.6,189.6,189.9,193.2,199.1,194.8,195.3,199.9,200,214.9,207.9,205.3,211.1,215.1,200.1,205.1,204.9,15.9,72.1,48,8.444,8.457,34.046,1843,208.4,13.9,217.173,2019-03-14 11:02,24.4,27.1
2019-03-14 11:10,Extruder 1,19-A-90,90310-000065110004,7050 0% 065T 1100W BK N/T,50453,2275,1250,500,2019-03-14 11:10,181.4,188.4,190,190.3,190.1,196.3,198.8,194.6,195,200,199.9,215,208,205.4,211.1,215.1,200,204.8,205.1,17,72.6,48,8.45,8.441,34.041,1838,208.4,16.2,215.394,2019-03-14 11:02,23.4,26.8
2019-03-14 10:41,Extruder 1,19-A-83,90310-000065110004,7050 0% 065T 1100W BK N/T,50453,2275,1250,250,2019-03-14 10:41,185.1,188.1,190.3,190.6,190,197.1,198.6,195.2,194.9,199.9,200,214.9,208,205.1,211,215,200,205,205,16.5,72.3,48,8.444,8.439,34.064,1830,208.4,15.4,218.382,2019-03-14 10:16,22.9,26.7
2019-03-14 10:11,Extruder 1,19-A-1,90310-000065110004,7050 0% 065T 1100W BK N/T,50453,2275,1250,1000,2019-03-14 10:11,178.4,187.9,190.1,190.2,190.2,196.9,198.8,195.2,195,200,200,215,208,205.1,211,215,199.9,204.8,205,15.6,72.1,47.9,8.444,8.452,34.046,1844,208.5,14.1,214.635,2019-03-13 20:06,22.4,26.6
2019-03-14 9:13,Extruder 1,19-A-1,90310-000065110004,7050 0% 065T 1100W BK N/T,50453,1476,1250,500,2019-03-14 9:13,179.7,188.1,189.6,189.9,190.1,194.8,198.6,194.8,194.9,200.1,200,215.1,208.1,205.1,211.1,215.2,200.1,205.1,205,18.4,72,47.9,8.45,8.441,34.071,1805,208,16.3,217.695,2019-03-13 20:06,22,26.4
2019-03-14 8:43,Extruder 1,19-A-1,90310-000065110004,7050 0% 065T 1100W BK N/T,50453,1476,1250,250,2019-03-14 8:43,184,188.7,190,190.3,190.3,196.8,198.9,195.1,195.1,200,200.1,215,207.9,205,210.9,214.8,199.9,205,204.9,16.9,71.9,47.7,8.456,8.454,34.096,1841,208.4,14.6,219.236,2019-03-13 20:06,0,0
2019-03-14 6:14,Extruder 1,19-A-1,90310-000065110004,7050 0% 065T 1100W BK N/T,50453,1476,1250,3000,2019-03-14 6:14,170.2,187.2,189.6,188.7,189.9,195.3,199,195,195,200.1,200,215,207.9,205.1,210.9,215,199.9,204.9,204.8,17,71.9,47.9,8.397,8.431,34.055,1885,208.9,14.8,220.114,2019-03-13 20:06,0,0
2019-03-14 4:16,Extruder 1,19-A-1,90310-000065110004,7050 0% 065T 1100W BK N/T,50453,1476,1250,2000,2019-03-14 4:16,170,187.6,190.3,190.3,190,195.9,198.5,195.1,195,199.9,199.9,215,208.1,205.2,211,215,200,204.8,205,17.6,72,47.9,8.397,8.401,34.059,1820,208.1,15.3,216.485,2019-03-13 20:06,0,0
2019-03-14 2:19,Extruder 1,19-A-1,90310-000065110004,7050 0% 065T 1100W BK N/T,50453,1476,1250,1000,2019-03-14 2:19,170.9,188,189.9,189.9,190.1,196,198.1,195,195,199.9,199.9,215,208.1,205.4,211.2,215.2,200,204.9,205,20.9,72.1,47.8,8.399,8.404,34.096,1780,207.6,15.7,211.219,2019-03-13 20:06,0,0
2019-03-14 1:21,Extruder 1,19-A-1,90310-000065110004,7050 0% 065T 1100W BK N/T,50453,1476,1250,500,2019-03-14 1:21,184.9,188.2,190,190,190.4,194.8,197.3,195,195,200,200.1,215.1,208,205.1,211,215,200.1,205.1,205.1,25.3,71.7,47.9,8.317,8.308,34.046,1624,206.1,17.4,202.965,2019-03-13 20:06,0,0
2019-03-14 0:51,Extruder 1,19-A-1,90310-000065110004,7050 0% 065T 1100W BK N/T,50453,1476,1250,250,2019-03-14 0:51,170.2,187.6,189.9,190.4,190.7,194.8,196.9,194.9,195.1,200,200.1,214.9,208,205.5,211.1,215,200,205,205,42.8,71.8,47.9,8.363,8.356,34.073,1635,205.6,13.8,204.507,2019-03-13 20:06,0,0
2019-03-13 23:59,Extruder 1,19-A-1,90310-000065110004,7050 0% 065T 1100W BK N/T,50453,1476,1250,2000,2019-03-13 23:59,180.5,188.1,190.2,190.2,190,195.1,197.4,195,194.7,200,200,214.9,208,205,210.9,215.1,200,205,205,30.7,71,48,8.319,8.333,25.005,1475,206.2,14.1,180.716,2019-03-13 20:06,0,0
2019-03-13 22:00,Extruder 1,19-A-1,90310-000065110004,7050 0% 065T 1100W BK N/T,50453,1476,1250,1000,2019-03-13 22:00,180.6,188.1,189.9,189.3,189.9,194.5,197.9,194.7,195.1,200,200,215.1,208.1,205,211.1,215.1,200.1,204.9,205,34.6,71.8,47.9,8.304,8.298,34.109,1694,206.6,14.7,209.369,2019-03-13 20:06,0,0
2019-02-24 2:16,Extruder 1,19-A-65,90310-000045100004,7050 0% 045T 1000W BK N/T,50658,1791,1250,500,2019-02-24 2:16,175.1,187.8,190.3,190.7,189.9,191.1,195.6,195.1,194.9,200,199.9,207.9,208,205.1,208.2,208,199.9,204.8,205,47.7,66.8,38.9,12.006,12.005,30.114,2102,204.7,15.3,228.866,2019-02-24 1:10,19.4,19
2019-02-24 1:56,Extruder 1,19-A-65,90310-000045100004,7050 0% 045T 1000W BK N/T,50658,1791,1250,250,2019-02-24 1:56,174.7,187.8,189.4,190.6,189.1,188.8,195.5,195,194.9,200,199.9,208.3,208.4,205.2,208.2,208.1,200,205,204.8,47.4,66.8,38.8,12.002,12.025,30.105,2110,204.3,17,224.929,2019-02-24 1:10,19.6,19
2019-02-24 1:13,Extruder 1,19-A-64,90310-000045100004,7050 0% 045T 1000W BK N/T,50658,1791,1250,1000,2019-02-24 1:13,175.5,187.8,190,190.5,190.6,199.7,196.3,195,195.2,200,199.9,208,207.9,205,208,208,200.1,205.1,205,47.9,67,38.9,12.004,11.987,30.041,2091,205.7,15.9,225.237,2019-02-23 23:47,20.5,19.2
2019-02-24 0:32,Extruder 1,19-A-64,90310-000045100004,7050 0% 045T 1000W BK N/T,50658,1791,1250,500,2019-02-24 0:32,175.2,188.1,189.8,190.7,189.9,190.4,196.2,195,195.1,199.9,200,208.1,208.2,204.8,208.1,208.2,199.9,205,204.8,47.5,66.9,38.9,12.008,12,30.123,2108,205.1,15.9,227.585,2019-02-23 23:47,20.3,19.2
2019-02-24 0:12,Extruder 1,19-A-64,90310-000045100004,7050 0% 045T 1000W BK N/T,50658,1791,1250,250,2019-02-24 0:12,174.9,187.9,189.8,190.4,189.6,191.1,196.1,195,195,200,200,208,208.1,205.1,208.2,207.9,200,204.8,205,47.7,66.9,39,12.002,12.015,30.041,2095,205.1,17,224.336,2019-02-23 23:47,20.5,19.2
2019-02-23 23:51,Extruder 1,19-A-63,90310-000045100004,7050 0% 045T 1000W BK N/T,50658,1791,1250,1000,2019-02-23 23:51,174.8,187.9,190.5,189.9,190.3,198.9,195.9,195,194.9,199.9,200,208,208.1,205,208,208,200,205.1,205.1,47.7,66.9,38.9,12.008,12.005,30.096,2083,205.5,15.3,225.451,2019-02-23 22:25,20.2,19.2
2019-02-23 23:10,Extruder 1,19-A-63,90310-000045100004,7050 0% 045T 1000W BK N/T,50658,1791,1250,500,2019-02-23 23:10,174.8,188.2,189.5,190.1,190.3,195.1,195.5,194.9,195,199.9,200,208,208,205,208,207.9,199.9,204.8,204.9,47.7,66.9,39,12.004,11.997,30.073,2051,204.3,14.3,218.596,2019-02-23 22:25,20.3,19.2
2019-02-23 22:49,Extruder 1,19-A-63,90310-000045100004,7050 0% 045T 1000W BK N/T,50658,1791,1250,250,2019-02-23 22:49,174.5,187.9,189.9,189.4,189.8,192.5,195.4,194.9,194.8,199.9,200,208,208,204.9,207.8,207.8,200,205,205.1,47.5,67.1,39.1,11.999,12.007,30.098,2029,203.9,16.4,217.6,2019-02-23 22:25,20.4,19.3
2019-02-23 22:28,Extruder 1,19-A-62,90310-000045100004,7050 0% 045T 1000W BK N/T,50658,1791,1250,1000,2019-02-23 22:28,174.3,188.2,189.9,189.6,189.8,191.1,195.6,195.1,194.8,200,200,208,208.1,205,207.9,208,200.1,205.1,205,47.7,66.9,39.2,12.002,11.977,30.068,2026,204,16.1,215.844,2019-02-23 21:02,20.7,19.5
2019-02-23 21:47,Extruder 1,19-A-62,90310-000045100004,7050 0% 045T 1000W BK N/T,50658,1791,1250,500,2019-02-23 21:47,175.3,188.1,189.8,189.7,190,199.1,195.7,195.1,194.9,200,200,208,207.7,205,207.9,207.9,200,204.8,205.1,47.8,67.1,39.4,11.997,11.995,30.128,2006,204.4,16.9,216.224,2019-02-23 21:02,20.7,19.5
2019-02-23 21:27,Extruder 1,19-A-62,90310-000045100004,7050 0% 045T 1000W BK N/T,50658,1791,1250,250,2019-02-23 21:27,175.4,187.9,190.3,190.4,190.5,198.6,195.7,194.6,194.8,199.9,200,207.9,208,204.8,207.7,207.8,200,204.9,204.9,48.3,67.3,39.4,11.997,11.997,30.041,2003,204.5,14.7,214.16,2019-02-23 21:02,20.9,19.6
2019-02-23 21:06,Extruder 1,19-A-61,90310-000045100004,7050 0% 045T 1000W BK N/T,50658,1791,1250,1000,2019-02-23 21:06,175.1,187.7,189.7,190.3,191.6,194.6,195.9,194.4,195,199.9,200,207.7,207.8,204.9,207.8,207.5,199.9,205,204.8,48.6,67.5,39.6,11.997,11.973,30.087,2056,204.7,16,210.674,2019-02-23 19:19,21.6,19.7
2019-02-23 20:25,Extruder 1,19-A-61,90310-000045100004,7050 0% 045T 1000W BK N/T,50658,1791,1250,500,2019-02-23 20:25,175.3,187.9,189.4,189.5,187.2,190.5,195.9,195.2,195,200.1,200.2,208,208.1,205,208,208.1,200,205,204.9,50.8,68.4,40.1,12.1,12.076,29.866,2081,204.4,14.9,215.323,2019-02-23 19:19,23.2,20.3
2019-02-23 20:05,Extruder 1,19-A-61,90310-000045100004,7050 0% 045T 1000W BK N/T,50658,1791,1250,250,2019-02-23 20:05,174.8,187.9,189.9,189.4,189.6,194.3,195.8,195.5,195,199.9,199.8,208.4,208.4,205.3,208.3,208.4,200.2,205,205.1,50.6,68.4,40.1,12.095,12.094,29.841,2091,204.7,16.2,220.47,2019-02-23 19:19,23.3,20.3
2019-02-23 19:22,Extruder 1,19-A-60,90310-000045100004,7050 0% 045T 1000W BK N/T,50658,1791,1250,1000,2019-02-23 19:22,175.6,188,189.6,189.8,190,194.8,196.7,195.2,195,200.1,200,208,208,205.1,208.1,208,200,205,205,50.8,68.4,40.2,11.962,11.979,30.134,2074,205.8,16.1,221.988,2019-02-23 18:01,23.2,20.3
2019-02-23 18:41,Extruder 1,19-A-60,90310-000045100004,7050 0% 045T 1000W BK N/T,50658,1476,1250,500,2019-02-23 18:41,175.5,187.8,189.7,189.4,189.9,193.9,196.9,195,195,200,199.9,208,208,204.8,208,208,200,205,205,51.2,68.4,40.2,11.995,12.033,30.107,2114,205.9,15.6,219.9,2019-02-23 18:01,23.4,20.3
2019-02-23 18:20,Extruder 1,19-A-60,90310-000045100004,7050 0% 045T 1000W BK N/T,50658,1476,1250,250,2019-02-23 18:20,175.4,188.1,190,189.4,189.9,194.8,197.1,194.9,195.1,200,200.1,208,208.1,205,208.1,208.1,200,205.1,205.1,50.9,68.5,40.2,12.006,12.003,30.369,2106,206.4,16.2,226.945,2019-02-23 18:01,23.2,20.3
2019-02-23 18:00,Extruder 1,19-A-59,90310-000045100004,7050 0% 045T 1000W BK N/T,50658,1476,1250,1000,2019-02-23 18:00,175.4,188.1,188.5,189.9,190,195,197,194.9,194.9,200,200,208,208,204.8,207.9,208,199.9,205,204.9,50.6,68.3,40.1,11.995,12.02,30.394,2104,206.1,17,221.015,2019-02-23 16:40,22.9,20.3
2019-02-23 17:19,Extruder 1,19-A-59,90310-000045100004,7050 0% 045T 1000W BK N/T,50658,1476,1250,500,2019-02-23 17:19,174.5,188,190.5,191,190,195,197,194.9,195,200,199.9,208,208,205.2,208,208,200.1,205,204.8,50.8,68.4,40.2,11.997,12.005,30.415,2085,206.2,17.1,225.071,2019-02-23 16:40,23.2,20.3
2019-02-23 16:58,Extruder 1,19-A-59,90310-000045100004,7050 0% 045T 1000W BK N/T,50658,1476,1250,250,2019-02-23 16:58,174.8,188.2,190,189.6,190,195.6,196.8,194.8,194.9,200,200,207.9,208,205.1,208,208,200,205,204.8,50.2,68.5,40.1,11.991,11.995,30.446,2090,206.1,17.6,219.948,2019-02-23 16:40,23.2,20.3
2019-02-23 16:38,Extruder 1,19-A-58,90310-000045100004,7050 0% 045T 1000W BK N/T,50658,1476,1250,1000,2019-02-23 16:38,175.2,188,188.5,189.8,189.9,195.3,196.7,194.6,195,200,199.9,208,208,204.9,208,208,200.1,205,205.1,50.8,68.3,40,11.994,11.989,30.059,2091,205.9,16.2,220.256,2019-02-23 15:17,23.2,20.3
2019-02-23 15:57,Extruder 1,19-A-58,90310-000045100004,7050 0% 045T 1000W BK N/T,50658,1476,1250,500,2019-02-23 15:57,174.6,188,189.8,190.4,190.3,195.4,196.7,195.1,195,200,200.1,208,208,205.1,208,208,200,205,205,50.9,68.3,40.2,11.994,11.989,30.066,2100,205.8,14.7,217.813,2019-02-23 15:17,23.1,20.3
2019-02-23 15:36,Extruder 1,19-A-58,90310-000045100004,7050 0% 045T 1000W BK N/T,50658,1476,1250,250,2019-02-23 15:36,174.5,188,189.4,189.7,189.9,195.8,196.8,194.9,195,200,199.9,208,208,205,208,207.9,200.1,204.9,204.8,50.4,68.4,40.1,11.999,12,30.064,2093,206.1,16.2,224.099,2019-02-23 15:17,23,20.3
2019-02-23 15:15,Extruder 1,19-A-57,90310-000045100004,7050 0% 045T 1000W BK N/T,50658,1476,1250,1000,2019-02-23 15:15,174.3,187.9,189.5,190.1,189.9,194.5,196.9,195,195,199.9,199.9,207.9,207.9,205.2,207.9,207.9,199.9,204.8,204.8,50.9,68.5,40.2,12.004,12.031,30.089,2087,205.9,17.7,223.672,2019-02-23 13:54,23.4,20.3
2019-02-23 14:34,Extruder 1,19-A-57,90310-000045100004,7050 0% 045T 1000W BK N/T,50658,1476,1250,500,2019-02-23 14:34,175.2,188,191.1,190.6,190.4,195.1,196.6,194.8,195,199.9,199.7,208.1,208.1,205.4,208.2,208.2,200,205.1,204.5,50.6,68.4,40.2,11.999,11.987,30.093,2089,205.9,16.9,229.744,2019-02-23 13:54,22.9,20.3
2019-02-23 14:14,Extruder 1,19-A-57,90310-000045100004,7050 0% 045T 1000W BK N/T,50658,1476,1250,250,2019-02-23 14:14,178.3,188.1,190.7,190.1,190.2,195.3,196,194.9,195,200,200,208,208,205.2,207.9,207.8,200,205.1,204.3,50.8,68.3,40.1,11.997,12.013,29.702,2046,205.1,17.9,229.839,2019-02-23 13:54,22.9,20.2
2019-02-23 13:53,Extruder 1,19-A-56,90310-000045100004,7050 0% 045T 1000W BK N/T,50658,1476,1250,1000,2019-02-23 13:53,173.6,187.8,190.3,190.4,190,194.9,195.7,195,194.6,199.8,199.9,207.8,207.8,205.3,207.8,207.7,199.9,205.1,203.9,50.6,68.3,40,12.002,11.989,29.538,2039,204.4,15.4,232.139,2019-02-23 12:30,23,20.1
2019-02-23 13:12,Extruder 1,19-A-56,90310-000045100004,7050 0% 045T 1000W BK N/T,50658,1476,1250,500,2019-02-23 13:12,172.4,187.9,189.8,190.2,187.3,191.7,195.6,194.6,194,199.8,199.9,207.3,207.6,205.4,207.4,206.9,200,205,201.8,50.6,68.4,40.1,11.999,11.989,29.526,2075,203.9,17.6,240.892,2019-02-23 12:30,22.7,20.1
2019-02-23 12:52,Extruder 1,19-A-56,90310-000045100004,7050 0% 045T 1000W BK N/T,50658,1476,1250,250,2019-02-23 12:52,174.8,187.8,187.8,190.5,188.5,192,195.9,194.7,193.3,199.7,199.8,207,207.4,205.5,207,206.2,200,204.9,199.8,50.9,68.5,40,11.995,12.01,29.508,2077,204.1,17.7,243.857,2019-02-23 12:30,22.7,20.1
2019-02-23 11:03,Extruder 1,19-A-55,90310-000045100004,7050 0% 045T 1000W BK N/T,50658,1476,1250,1000,2019-02-23 11:03,175.3,187.8,189.7,189.9,190.1,197.8,197.3,195.2,195.1,200,199.9,208,208,205,207.9,208,200.1,205,205,50.9,68.3,40,12.002,12.007,31.1,2098,206.7,17.5,220.849,2019-02-23 9:49,22.5,20.2
2019-02-23 10:22,Extruder 1,19-A-55,90310-000045100004,7050 0% 045T 1000W BK N/T,50658,1476,1250,500,2019-02-23 10:22,175.2,188.1,190.4,189.9,190,194,197.3,194.9,195,200,199.9,208,208.1,205.1,208.1,208.2,199.9,205.2,204.9,50.6,68.2,40,11.991,11.997,31.048,2138,206.7,15.7,225.996,2019-02-23 9:49,22.9,20.3
2019-02-23 10:02,Extruder 1,19-A-55,90310-000045100004,7050 0% 045T 1000W BK N/T,50658,1476,1250,250,2019-02-23 10:02,175.3,188.1,190,190.3,190,188.8,197.3,195,195.2,200,200.1,208,208.2,205.3,208.1,208.1,200,204.9,205,50.8,68.2,40,11.995,11.979,31.526,2157,206.6,16.2,223.269,2019-02-23 9:49,22.9,20
2019-02-23 9:41,Extruder 1,19-A-54,90310-000045100004,7050 0% 045T 1000W BK N/T,50658,1476,1250,1000,2019-02-23 9:41,174.8,188,190.2,190.8,189.8,197.2,197.1,194.9,195,199.9,199.9,208,208,205.2,208,208,200.1,204.9,205,50.7,68.2,40,12.006,11.987,31.469,2127,206.8,17.1,224.858,2019-02-23 8:18,22.7,20.1
2019-02-23 9:00,Extruder 1,19-A-54,90310-000045100004,7050 0% 045T 1000W BK N/T,50658,1476,1250,500,2019-02-23 9:00,174.7,188,189.3,190.8,190,194.9,196.5,195,195.1,200.1,199.9,208.1,208.2,205,208.1,208,200,205,204.8,50.3,68.2,39.9,12.004,12.01,31.501,2132,205.9,15.3,225.213,2019-02-23 8:18,22.9,20.1
2019-02-23 8:40,Extruder 1,19-A-54,90310-000045100004,7050 0% 045T 1000W BK N/T,50658,1476,1250,250,2019-02-23 8:40,174.6,188,189.2,190.1,189.6,191,196,195.2,195.1,200,199.9,208.2,208.4,205.3,208.4,208.4,199.9,205.1,205,50.6,68.2,40.1,12.002,12.007,31.519,2116,205.3,16.4,225.166,2019-02-23 8:18,22.7,20.1
2019-02-23 7:55,Extruder 1,19-A-53,90310-000045100004,7050 0% 045T 1000W BK N/T,50658,1476,1250,1000,2019-02-23 7:55,174.4,187.9,190.1,190,189.8,193.9,197,195.3,195.2,200,200,208,208.1,205.2,208,208,199.9,205,205,50.1,68.1,39.9,11.904,11.894,30.615,2083,206,17.4,220.161,2019-02-23 6:29,22.4,19.9
2019-02-23 7:14,Extruder 1,19-A-53,90310-000045100004,7050 0% 045T 1000W BK N/T,50658,1476,1250,500,2019-02-23 7:14,173.9,187.9,190.1,190.2,190.1,195.2,196.7,195,194.9,199.9,200,208,208,204.8,208,208,199.9,204.8,205,50,68.2,40,11.907,11.894,30.059,2070,205.9,16.7,218.643,2019-02-23 6:29,22.1,20
2019-02-23 6:54,Extruder 1,19-A-53,90310-000045100004,7050 0% 045T 1000W BK N/T,50658,1791,1250,250,2019-02-23 6:54,174.4,188,190.1,190.8,190.1,194.7,196.8,195.1,195,200,199.9,208,208,205.2,208,208,199.9,205.1,204.9,50.3,68,39.8,11.999,11.985,30.057,2066,205.9,15.5,216.153,2019-02-23 6:29,22.7,19.9
2019-02-23 6:32,Extruder 1,19-A-52,90310-000045100004,7050 0% 045T 1000W BK N/T,50658,1791,1250,1000,2019-02-23 6:32,174.9,188,189.3,189,189.8,195.1,196.7,194.9,195,200,200,208,208,205.1,208,208,200,205.1,205.1,50.2,68.2,40,11.997,12.013,30.052,2064,205.8,16.8,220.825,2019-02-23 5:11,22.8,20.2
2019-02-23 5:52,Extruder 1,19-A-52,90310-000045100004,7050 0% 045T 1000W BK N/T,50658,1791,1250,500,2019-02-23 5:52,174.7,188,190.4,189.4,190.1,195.5,196.8,194.9,195.1,200,200.1,208,208.1,205.1,208.1,208,199.9,205,205,50.4,68.1,40,11.995,12.003,30.057,2045,205.9,17.2,218.24,2019-02-23 5:11,22.8,20.1
2019-02-23 5:31,Extruder 1,19-A-52,90310-000045100004,7050 0% 045T 1000W BK N/T,50658,1791,1250,250,2019-02-23 5:31,175.1,188.3,189.5,189.3,190.3,195.7,196.5,194.7,195.2,200.1,200,208.1,208.1,205.1,208.1,208.1,200.1,205.1,205.1,50.4,68.1,39.8,11.999,11.989,30.059,2025,205.7,15.9,221.845,2019-02-23 5:11,22.6,20
2019-02-23 5:10,Extruder 1,19-A-51,90310-000045100004,7050 0% 045T 1000W BK N/T,50658,1791,1250,1000,2019-02-23 5:10,174.5,188.1,189.9,190,190,195.4,196.2,194.9,194.9,200,199.8,208,208,204.9,208.1,208,200.1,205.1,205,50.5,68.2,39.8,11.997,11.989,30.08,2001,205.2,17.2,216.295,2019-02-23 3:55,22.5,20
2019-02-23 4:29,Extruder 1,19-A-51,90310-000045100004,7050 0% 045T 1000W BK N/T,50658,1791,1250,500,2019-02-23 4:29,175,188.1,189.8,189.4,190.1,196.2,195.6,194.8,195.1,200.1,200,208,208.1,205.1,208,208.1,200.1,205,205,50.3,68,39.8,11.995,12,30.075,2013,204.4,17.4,213.472,2019-02-23 3:55,22.3,19.9
2019-02-23 4:09,Extruder 1,19-A-51,90310-000045100004,7050 0% 045T 1000W BK N/T,50658,1791,1250,250,2019-02-23 4:09,174.8,188.1,189.8,189.9,190.1,195.7,195.5,195.2,195.1,200,200,208,208,205,208.1,208.1,200.1,205,204.9,50,67.9,39.8,12.002,11.975,30.091,1975,204,15.4,207.495,2019-02-23 3:55,21.9,19.7
2019-02-23 3:48,Extruder 1,19-A-50,90310-000045100004,7050 0% 045T 1000W BK N/T,50658,1791,1250,1000,2019-02-23 3:48,174.2,188.1,190.4,190,189.8,193.6,195.5,195.3,195.2,200,200,208.1,208,205.1,208,208,200,205,205,50.8,67.8,39.6,12.095,12.116,30.066,1926,203.5,16.7,206.048,2019-02-21 16:26,22,19.8
2019-02-23 3:07,Extruder 1,19-A-50,90310-000045100004,7050 0% 045T 1000W BK N/T,50658,1791,1250,500,2019-02-23 3:07,174.2,188.1,190.1,190.2,189.8,190.6,195.6,195.3,195,200.1,200.2,208.2,208.1,205.2,208.1,207.9,200.1,205,205,50.1,67.9,39.6,12.098,12.116,30.057,1953,203.2,16.9,211.694,2019-02-21 16:26,22.2,19.7
2019-02-23 2:47,Extruder 1,19-A-50,90310-000045100004,7050 0% 045T 1000W BK N/T,50658,1791,1250,250,2019-02-23 2:47,172.7,188.1,189.8,190.1,189.6,190.4,195.6,195.3,194.9,200,199.8,208.3,208.3,205.3,208,207.9,200,205.1,205,50.1,67.8,39.5,12.095,12.101,29.884,1948,203.2,15.9,218.24,2019-02-21 16:26,22.1,19.8
2019-02-23 2:12,Extruder 1,19-A-50,90310-000045100004,7050 0% 045T 1000W BK N/T,50658,1791,1250,1000,2019-02-23 2:12,172.5,187.9,189.5,189.6,188.2,187.9,195.4,195.2,195.1,200,200.1,209,208.9,205.8,208.8,208.7,200.2,205,204.9,49,67.6,39.2,10.999,11.004,26.538,1930,201.2,16.8,220.043,2019-02-21 16:26,21.5,19.7
2019-02-22 22:59,Extruder 1,19-A-50,90310-000045100004,7050 0% 045T 1000W BK N/T,50658,1791,1250,500,2019-02-22 22:59,181.4,187.4,189.2,190.2,189.9,198.7,196.9,195,194.6,199.9,200.3,208.8,208.8,206,208.7,208.5,200.2,204.8,204.8,38.9,50.4,39.2,10.002,10,43.082,2055,206.6,16.6,228.226,2019-02-21 16:26,19.1,19.4
2019-02-21 15:49,Extruder 1,19-A-49,90310-000065060004,7050 0% 065T 600W BK N/T,50657,2262,1250,500,2019-02-21 15:49,176.8,187.2,189.4,189.6,192.9,184.7,194.4,194.1,189.5,199.2,199.9,203.9,203.9,203.1,203.4,202.6,199.4,204.5,203.8,50.4,67.3,38.7,30.002,30.736,0.048,318,196.1,14.4,0,2019-02-21 13:00,23.1,20.9
2019-02-21 15:37,Extruder 1,19-A-49,90310-000065060004,7050 0% 065T 600W BK N/T,50657,2262,1250,250,2019-02-21 15:37,176.9,186.8,189.1,188.8,194,190.6,192.6,193.2,190.6,199.1,198.5,203.4,204.4,203.2,205.3,204.4,198.5,204.4,203.4,50,68.8,38.7,29.999,30.495,0.091,307,194.1,14.8,0,2019-02-21 13:00,22.7,22.2
2019-02-21 14:10,Extruder 1,19-A-49,90310-000065060004,7050 0% 065T 600W BK N/T,50657,2262,1250,1000,2019-02-21 14:10,177.2,187.5,190,190.6,195,194.6,199.4,194.6,194.9,200,200.1,208,208,205.1,207.9,207.9,200,204.9,204.8,50.6,72.2,40,24.002,24.015,32.057,1205,208.4,15.8,48.102,2019-02-21 13:00,22.6,19.7
2019-02-21 13:37,Extruder 1,19-A-49,90310-000065060004,7050 0% 065T 600W BK N/T,50657,2262,1250,500,2019-02-21 13:37,178.5,188.1,189.8,189.3,194.5,200.8,199.7,194.9,195,200,200.1,208,208,205,208,208.1,199.9,204.9,204.9,50.5,72.2,40,15.202,15.2,35.292,2206,208.8,15.8,230.55,2019-02-21 13:00,22.6,20
2019-02-21 13:21,Extruder 1,19-A-49,90310-000065060004,7050 0% 065T 600W BK N/T,50657,2262,1250,250,2019-02-21 13:21,178,187.8,190.9,190.4,195.5,200.8,199.7,194.9,195.1,200,200,208,208,205,207.9,207.9,199.9,205.1,204.8,50.3,72.2,40,15.196,15.256,35.241,2209,208.8,15.9,234.179,2019-02-21 13:00,22.6,19.8
2019-02-21 13:04,Extruder 1,19-A-48,90310-000065060004,7050 0% 065T 600W BK N/T,50657,2262,1250,1000,2019-02-21 13:04,178,188.2,189.5,189.6,194.9,199.7,199.6,195.3,195,200,199.9,208,208,205,208,208,200,205.1,204.8,50.3,72.3,40.1,15.202,15.194,35.296,2217,208.7,16.9,232.234,2019-02-21 11:55,22.8,20
2019-02-21 12:32,Extruder 1,19-A-48,90310-000065060004,7050 0% 065T 600W BK N/T,50657,2262,1250,500,2019-02-21 12:32,178.1,187.7,189.3,190.3,195.2,196.6,199.2,194.9,195.2,200,199.9,208.1,208,205.1,208.1,208,199.8,205.1,205,50.8,72.3,40,15.105,15.107,35.282,2216,208.2,16.6,227.633,2019-02-21 11:55,22.7,19.8
2019-02-21 12:16,Extruder 1,19-A-48,90310-000065060004,7050 0% 065T 600W BK N/T,50657,2262,1250,250,2019-02-21 12:16,177.7,188.1,189.5,189.9,194.9,194.5,198.9,194.8,195.1,200,200,208.1,208.3,205.1,208.2,208.1,199.9,204.9,205.1,50.6,72.4,40,15.092,15.072,35.267,2222,207.8,15.9,231.143,2019-02-21 11:55,22.7,20.1
2019-02-21 11:59,Extruder 1,19-A-47,90310-000065060004,7050 0% 065T 600W BK N/T,50657,2262,1250,1000,2019-02-21 11:59,177.9,188.2,190.2,189.8,195,191.4,198.4,195,195.1,200,199.9,208,208.1,205.2,208.2,208,200,205,205.1,51.1,72.4,39.8,15.005,14.969,35.257,2201,207.1,16.7,233.99,2019-02-21 10:46,22.8,19.9
2019-02-21 11:24,Extruder 1,19-A-47,90310-000065060004,7050 0% 065T 600W BK N/T,50657,2262,1250,500,2019-02-21 11:24,177.7,187.9,190.5,190.1,194.6,191.1,197.6,194.9,195,200,200.1,208.1,208.1,204.8,208.1,208,200.2,204.9,205,51.1,72.5,39.8,13.813,13.847,32.084,2157,206,15.9,226.826,2019-02-21 10:46,22.9,20
2019-02-21 11:06,Extruder 1,19-A-47,90310-000065060004,7050 0% 065T 600W BK N/T,50657,2262,1250,250,2019-02-21 11:06,177.7,187.6,189,190.5,194.6,197.7,196.9,194.8,194.9,200,200,208.1,208.2,204.9,208.1,208,200.2,204.9,205,50.9,72.4,40,13.804,13.857,32.05,2151,205.8,17.3,225.664,2019-02-21 10:46,22.8,20.3
2019-02-21 10:30,Extruder 1,19-A-46,90310-000065060004,7050 0% 065T 600W BK N/T,50657,2262,1250,1000,2019-02-21 10:30,177.4,187.8,189.9,189.6,195.3,199.9,198.4,194.9,194.9,200,200,208.1,208,205.1,208.2,208.1,200,205,205.1,50.9,72.4,40.1,20.002,20.05,32.011,2133,207,17,222.747,2019-02-21 9:18,22.8,20.1
2019-02-21 9:56,Extruder 1,19-A-46,90310-000065060004,7050 0% 065T 600W BK N/T,50657,2262,1250,500,2019-02-21 9:56,178.1,188.1,190.3,189.9,195,193.7,198.2,194.9,195,200,199.7,208,208,205.1,208,207.9,200.1,205,205,51.1,72.3,39.8,13.697,13.662,31.984,2151,206.5,16.8,223.767,2019-02-21 9:18,22.7,19.9
2019-02-21 9:38,Extruder 1,19-A-46,90310-000065060004,7050 0% 065T 600W BK N/T,50657,2262,1250,250,2019-02-21 9:38,177.8,187.9,190.3,190.7,195,189.8,198.2,194.6,195,200.1,199.8,208,208.1,205.2,208,208,200,204.8,204.8,51.2,72.4,40.1,13.695,13.715,31.945,2138,206.1,17,227.372,2019-02-21 9:18,23.1,20.2
2019-02-21 9:19,Extruder 1,19-A-45,90310-000065060004,7050 0% 065T 600W BK N/T,50657,2262,1250,1000,2019-02-21 9:19,177.9,188.1,189.9,190.7,194.9,190.2,198.2,194.9,195.2,200,200.1,208,208.1,204.8,208.1,208.1,200.1,204.8,204.9,50.9,72.4,40,13.702,13.72,31.989,2119,206.1,16.2,229.127,2019-02-21 8:02,23.2,20
2019-02-21 8:43,Extruder 1,19-A-45,90310-000065060004,7050 0% 065T 600W BK N/T,50657,2262,1250,500,2019-02-21 8:43,178.5,188.1,190,189.8,195.5,201.3,197.3,195.3,195.1,200,200.1,208.1,208,205.3,208.2,208.1,199.9,205,205,50.7,72.2,39.9,13.603,13.654,31.932,2095,206.1,15.8,225.83,2019-02-21 8:02,22.9,19.9
2019-02-21 8:24,Extruder 1,19-A-45,90310-000065060004,7050 0% 065T 600W BK N/T,50657,2262,1250,250,2019-02-21 8:24,177.8,188,190.1,190.5,195,198.6,197.1,195,195.1,199.9,199.9,208,208,205,208,208.1,199.9,205,204.9,51.1,72.3,39.7,12.35,12.341,29.043,2040,205,16.1,216.01,2019-02-21 8:02,22.8,20.1
2019-02-21 8:04,Extruder 1,19-A-44,90310-000065060004,7050 0% 065T 600W BK N/T,50657,2262,1250,1000,2019-02-21 8:04,177.9,188,190.1,190.3,195,190.6,197,194.8,195,200,199.9,208.1,208.1,204.8,207.9,208.1,200,204.7,204.9,50.8,72.2,39.8,12.347,12.369,29.089,2048,204.5,16.7,216.248,2019-02-21 6:47,22.6,20.1
2019-02-21 7:24,Extruder 1,19-A-44,90310-000065060004,7050 0% 065T 600W BK N/T,50657,2262,1250,500,2019-02-21 7:24,178,188.1,190.1,190.1,194.7,199.3,197.2,195,195.1,200,200,208,208,205,208,208,200,204.9,205.1,51,72.1,39.7,12.495,12.52,29.007,2035,205.2,17,220.944,2019-02-21 6:47,22.6,20
2019-02-21 7:05,Extruder 1,19-A-44,90310-000065060004,7050 0% 065T 600W BK N/T,50657,2262,1250,250,2019-02-21 7:05,178.1,188.1,188.5,190.3,195.2,199,197,194.8,195.1,200,200.2,208,207.9,205,207.9,207.9,199.9,204.9,204.8,50.3,72.1,39.8,12.398,12.429,29.059,2036,205.1,15.2,215.75,2019-02-21 6:47,22.7,19.8
2019-02-21 6:44,Extruder 1,19-A-43,90310-000065060004,7050 0% 065T 600W BK N/T,50657,1476,1250,1000,2019-02-21 6:44,178.1,187.9,190.7,190.4,194.8,193.1,197,194.9,194.9,200,200.2,207.9,208,204.8,208.2,208,200.1,204.8,205,50.9,72.2,39.7,12.405,12.393,29.018,2045,204.7,17.4,224.122,2019-02-21 5:27,22.8,20
2019-02-21 6:05,Extruder 1,19-A-43,90310-000065060004,7050 0% 065T 600W BK N/T,50657,1476,1250,500,2019-02-21 6:05,177.7,188,190.1,189.5,194.9,195.6,197.1,195,195,200,200.1,208.1,208,205,208,208,200.1,204.9,205.1,50.6,72.3,39.7,12.495,12.472,29.007,2018,204.9,17.4,221.442,2019-02-21 5:27,22.7,20
2019-02-21 5:45,Extruder 1,19-A-43,90310-000065060004,7050 0% 065T 600W BK N/T,50657,1476,1250,250,2019-02-21 5:45,178,187.9,189.8,188.9,194.7,201.4,197,195.7,195.1,200.1,200.1,208,208,205.3,207.9,208,200,205,205,50.6,72.1,39.8,12.391,12.406,29.016,2028,205.1,14.9,217.955,2019-02-21 5:27,22.7,19.7
2019-02-21 5:25,Extruder 1,19-A-42,90310-000065060004,7050 0% 065T 600W BK N/T,50657,1476,1250,1000,2019-02-21 5:25,177.9,188.1,189.4,190.4,195,195.7,196.9,195.1,195,200,200.2,208,208,204.8,208,207.9,199.8,205,204.8,50.9,72.2,39.8,12.595,12.613,28.934,2032,204.6,17,222.249,2019-02-21 4:09,22.8,20
2019-02-21 4:46,Extruder 1,19-A-42,90310-000065060004,7050 0% 065T 600W BK N/T,50657,1476,1250,500,2019-02-21 4:46,177.4,187.8,190.4,190.9,194.8,188.5,196.4,195.1,195,200,200.1,207.9,208.1,205,208,208,200.2,205.1,205.1,50.4,72.2,39.8,12.604,12.575,29.025,2034,204,17.7,226.423,2019-02-21 4:09,22.7,20.1
2019-02-21 4:27,Extruder 1,19-A-42,90310-000065060004,7050 0% 065T 600W BK N/T,50657,1476,1250,250,2019-02-21 4:27,177.9,187.7,190,189.8,194.3,197.4,195.8,195,194.9,200,200.2,208.1,208.2,204.8,207.9,208,200,205.1,205.1,51.2,72.2,39.8,12.613,12.592,29.027,2015,204,15.4,220.138,2019-02-21 4:09,22.6,19.8
2019-02-21 3:51,Extruder 1,19-A-41,90310-000065060004,7050 0% 065T 600W BK N/T,50657,1476,1250,1000,2019-02-21 3:51,178,187.9,188.3,190.9,195,201.1,197.3,194.8,195,200,200.1,207.9,207.9,205.1,207.9,208,199.9,205,204.8,50.9,72.3,39.7,12.599,12.58,29.007,2023,205.4,15.4,219.758,2019-02-21 2:35,22.6,20
2019-02-21 3:12,Extruder 1,19-A-41,90310-000065060004,7050 0% 065T 600W BK N/T,50657,1476,1250,500,2019-02-21 3:12,177.8,188,190.8,190.3,195,190.3,197.4,195.2,195.1,200,200.3,208,208,204.7,207.8,207.9,200,204.9,205,50.9,72.2,39.7,12.604,12.568,29.018,2086,205.1,15.6,229.317,2019-02-21 2:35,22.5,19.8
2019-02-21 2:53,Extruder 1,19-A-41,90310-000065060004,7050 0% 065T 600W BK N/T,50657,1476,1250,250,2019-02-21 2:53,177.9,187.9,189.4,190.5,194.9,190.4,197.3,194.8,194.7,200,200.2,207.9,207.9,204.9,208,208,200.1,205.1,205,50.7,72.1,39.8,12.602,12.606,28.991,2053,205.1,16.7,229.53,2019-02-21 2:35,22.5,20
2019-02-21 2:33,Extruder 1,19-A-40,90310-000065060004,7050 0% 065T 600W BK N/T,50657,1476,1250,1000,2019-02-21 2:33,178,188,190.5,190.3,195.1,201.1,197.3,194.9,194.9,200.2,200.1,208,208,205,207.9,208,200,205.1,205.1,50.6,72.2,39.6,12.602,12.588,28.998,2054,205.6,15.2,227.443,2019-02-21 1:17,22.6,19.7
2019-02-21 1:54,Extruder 1,19-A-40,90310-000065060004,7050 0% 065T 600W BK N/T,50657,1476,1250,500,2019-02-21 1:54,178,188.2,190.2,190.3,194.8,191.4,197.5,195,195,199.9,200.2,208,208,204.9,208.2,208,200,205,204.8,50.9,72.1,39.8,12.588,12.598,29.043,2075,205.2,15.6,230.123,2019-02-21 1:17,22.5,19.8
2019-02-21 1:34,Extruder 1,19-A-40,90310-000065060004,7050 0% 065T 600W BK N/T,50657,1476,1250,250,2019-02-21 1:34,178,188.1,190.2,189.5,194.7,188.3,197.5,195,195.1,200,199.9,208,208.1,205,208,208,200.2,205.1,204.9,51.1,72.2,39.7,12.602,12.613,28.975,2079,205.2,17.4,228.771,2019-02-21 1:17,22.3,19.8
2019-02-21 1:14,Extruder 1,19-A-39,90310-000065060004,7050 0% 065T 600W BK N/T,50657,1476,1250,1000,2019-02-21 1:14,178,188,189,190,195.2,198.2,197.5,195,195.1,200.1,200,208,207.9,205,208,208,200,205,205,50.4,72.1,39.6,12.602,12.588,29.041,2063,205.8,15.8,230.408,2019-02-20 23:57,22.4,19.6
2019-02-21 0:35,Extruder 1,19-A-39,90310-000065060004,7050 0% 065T 600W BK N/T,50657,1476,1250,500,2019-02-21 0:35,177.9,188,189.7,190.7,195.1,193.3,197.3,195,194.9,200.1,199.9,208,208,205,208.1,208,199.9,205,204.8,50.4,72.1,39.7,12.595,12.618,29.002,2077,205.2,15.7,230.337,2019-02-20 23:57,22.4,19.9
2019-02-21 0:16,Extruder 1,19-A-39,90310-000065060004,7050 0% 065T 600W BK N/T,50657,1476,1250,250,2019-02-21 0:16,177.9,187.9,189.8,189.3,194.6,188.8,197.3,194.8,194.9,199.9,200.2,207.8,208,204.7,208,208,200.1,205,204.9,50.6,72.1,39.7,12.604,12.658,29.027,2080,205,16.6,230.669,2019-02-20 23:57,22.4,19.7
2019-02-20 23:56,Extruder 1,19-A-38,90310-000065060004,7050 0% 065T 600W BK N/T,50657,1476,1250,1000,2019-02-20 23:56,178,188.1,189.8,189.9,194.9,196.6,197.3,195.1,195.2,200,200,208,208,205,208,208,200.1,205.1,205,50.9,72.1,39.6,12.602,12.578,29.075,2051,205.6,16.7,230.218,2019-02-20 22:36,22.6,19.8
2019-02-20 23:17,Extruder 1,19-A-38,90310-000065060004,7050 0% 065T 600W BK N/T,50657,1476,1250,500,2019-02-20 23:17,177.8,188,189.3,190.3,195.2,193.4,196.7,195.4,195,200,199.7,208.1,208.1,205.4,208.2,208,199.8,205,205,50.6,72.1,39.7,12.5,12.469,28.993,2067,204.8,16.6,227.277,2019-02-20 22:36,22.6,20
2019-02-20 22:57,Extruder 1,19-A-38,90310-000065060004,7050 0% 065T 600W BK N/T,50657,1476,1250,250,2019-02-20 22:57,177.9,187.5,190.7,191,194.2,187.9,196.2,195.1,195,200.1,200.2,208,208.2,205.4,208,208,200.1,204.8,205,50.6,72.2,39.6,12.502,12.484,29.041,2090,204,15.4,228.439,2019-02-20 22:36,22.4,19.8
2019-02-20 22:09,Extruder 1,19-A-37,90310-000065060004,7050 0% 065T 600W BK N/T,50657,1476,1250,1000,2019-02-20 22:09,177.8,188,189.5,189.4,194.6,191.7,197.3,194.9,195.1,200.1,199.9,207.9,208.1,205,208,208,200,205,205,51,72.1,39.5,12.595,12.568,29.046,2051,205.1,15.9,225.617,2019-02-20 20:54,22.3,19.6
2019-02-20 21:30,Extruder 1,19-A-37,90310-000065060004,7050 0% 065T 600W BK N/T,50657,1476,1250,500,2019-02-20 21:30,177.9,188,190.5,190.2,195.2,198.2,196.9,195.2,194.8,200,200.2,208,207.9,205,208,208.1,200.1,205,205.1,50.4,72,39.5,12.597,12.633,28.923,2022,205.4,16,231.048,2019-02-20 20:54,21.9,19.7
2019-02-20 21:10,Extruder 1,19-A-37,90310-000065060004,7050 0% 065T 600W BK N/T,50657,1476,1250,250,2019-02-20 21:10,178.1,188.2,189.8,190.3,195.2,200.8,197.2,194.9,195.1,200,200.2,208,208,204.9,208.1,208.1,200.1,205,204.8,49.9,71.9,39.7,12.604,12.595,29.036,2012,205.3,14.7,225.759,2019-02-20 20:54,22.2,19.4
2019-02-20 20:50,Extruder 1,19-A-36,90310-000065060004,7050 0% 065T 600W BK N/T,50657,1476,1250,1000,2019-02-20 20:50,178,187.9,190.4,190.6,195.3,194.4,197.1,195,195.1,200,199.9,208,208,205.1,208.1,208,199.9,204.8,204.9,50.9,72,39.7,12.593,12.588,29.032,2028,204.7,17,227.443,2019-02-20 19:35,22.4,19.6
2019-02-20 20:11,Extruder 1,19-A-36,90310-000065060004,7050 0% 065T 600W BK N/T,50657,1476,1250,500,2019-02-20 20:11,178.2,187.9,189.9,189.4,195,193,197.2,195.3,195.2,200.1,200.1,208,207.9,204.9,207.9,208,200.2,205.1,205,50.6,71.8,39.5,12.597,12.548,29.027,2013,205,16.4,225.166,2019-02-20 19:35,22.1,19.5
2019-02-20 19:52,Extruder 1,19-A-36,90310-000065060004,7050 0% 065T 600W BK N/T,50657,1476,1250,250,2019-02-20 19:52,178.2,188.1,189.5,190.1,194.8,200,196.7,195.3,194.9,200.1,200.1,208.1,208.1,205.1,208,208.1,200,205,205.1,50.1,72,39.5,12.593,12.582,29.025,2017,205.2,14.9,226.613,2019-02-20 19:35,21.9,19.4
2019-02-20 19:32,Extruder 1,19-A-35,90310-000065060004,7050 0% 065T 600W BK N/T,50657,1476,1250,1000,2019-02-20 19:32,178,187.8,190.1,189,195,196.8,196.6,195,195,200,200.2,208,208.1,205.1,208,208.2,199.9,205.1,205,50.9,71.9,39.4,12.606,12.585,28.986,2020,204.5,16.7,224.099,2019-02-20 17:42,22.1,19.4
2019-02-20 18:53,Extruder 1,19-A-35,90310-000065060004,7050 0% 065T 600W BK N/T,50657,2262,1250,500,2019-02-20 18:53,177.8,187.8,189.7,190.4,194.7,191.4,196.3,195,195.1,200,200.1,208,208.1,205.1,208.2,207.9,200.1,205.1,204.9,50.4,71.9,39.5,12.595,12.578,29.048,2021,203.9,15.7,219.545,2019-02-20 17:42,22.1,19.6
2019-02-20 18:34,Extruder 1,19-A-35,90310-000065060004,7050 0% 065T 600W BK N/T,50657,2262,1250,250,2019-02-20 18:34,177.8,187.7,189.8,190.4,194,193.2,196,194.8,195,200,199.9,208.1,208.3,205.4,208.3,208.2,200,205,205,50.6,72.1,39.5,12.59,12.554,29.025,2034,203.5,15.4,219.758,2019-02-20 17:42,22,19.6
2019-02-20 17:36,Extruder 1,19-A-34,90310-000065060004,7050 0% 065T 600W BK N/T,50657,2262,1250,1000,2019-02-20 17:36,177.6,188.3,189.1,189.5,194.6,189.4,197.3,194.8,195.1,199.9,199.9,208,208,205.1,207.9,207.9,200,205,205,50.3,72,39.7,17.998,18.007,29.03,2033,204.7,16.8,217.6,2019-02-20 16:20,22.5,19.7
2019-02-20 16:57,Extruder 1,19-A-34,90310-000065060004,7050 0% 065T 600W BK N/T,50657,2262,1250,500,2019-02-20 16:57,178,188,189.9,189.8,195.4,200.9,197.3,195.1,195.1,200,200.3,207.9,207.9,205,208,208,199.9,204.8,205.1,50.5,72.1,39.6,12.507,12.492,29.009,1986,205.7,15.4,219.307,2019-02-20 16:20,22.1,19.5
2019-02-20 16:37,Extruder 1,19-A-34,90310-000065060004,7050 0% 065T 600W BK N/T,50657,2262,1250,250,2019-02-20 16:37,178.2,187.9,189.8,189.8,195,198.8,197.1,194.9,194.9,200,199.9,208.1,208,204.9,207.9,208,199.9,205,205,50.1,72.1,39.6,12.5,12.469,28.979,1997,205.3,16.1,217.979,2019-02-20 16:20,22.1,19.6
2019-02-20 16:17,Extruder 1,19-A-33,90310-000065060004,7050 0% 065T 600W BK N/T,50657,2262,1250,1000,2019-02-20 16:17,177.9,188.1,190,189.6,195,191.3,197.1,195,195,200,199.9,208,207.9,205.1,207.9,207.9,199.9,204.9,205,50.2,71.9,39.6,12.498,12.456,29.005,2005,204.8,16.5,216.983,2019-02-20 15:02,22.2,19.7
2019-02-20 15:38,Extruder 1,19-A-33,90310-000065060004,7050 0% 065T 600W BK N/T,50657,2262,1250,500,2019-02-20 15:38,178,188.1,189.8,189.4,195,198.2,197.3,195.2,195,199.9,200,208,208,205.1,208,207.8,200.1,205.1,205,50.6,72,39.5,12.708,12.686,29.043,2009,205.4,17,218.501,2019-02-20 15:02,22.4,19.8
2019-02-20 15:19,Extruder 1,19-A-33,90310-000065060004,7050 0% 065T 600W BK N/T,50657,2262,1250,250,2019-02-20 15:19,178,188.1,189.7,190.2,195.2,200.9,197.3,195.1,195,200,200.2,207.8,207.8,205.1,207.9,208,200,205,205.1,50.3,71.8,39.5,12.706,12.686,29.043,1990,205.6,16.2,219.758,2019-02-20 15:02,22.4,19.7
2019-02-20 14:59,Extruder 1,19-A-32,90310-000065060004,7050 0% 065T 600W BK N/T,50657,2262,1250,1000,2019-02-20 14:59,177.4,187.7,190.2,189.8,194.7,195.3,197.3,195.5,194.9,200,200,208,208,204.8,207.8,208.1,200,204.8,205,50.4,71.8,39.5,12.694,12.673,29,2025,205.3,15.8,215.299,2019-02-20 13:45,22,19.5
2019-02-20 14:21,Extruder 1,19-A-32,90310-000065060004,7050 0% 065T 600W BK N/T,50657,2262,1250,500,2019-02-20 14:21,178,187.8,189.8,190.3,195,191,197.6,195.1,195,200,199.9,208,208,205,208.1,208.2,200.1,204.8,205,50.5,72.1,39.5,12.703,12.697,29.018,2073,205.7,16.4,223.34,2019-02-20 13:45,22,19.6
2019-02-20 14:01,Extruder 1,19-A-32,90310-000065060004,7050 0% 065T 600W BK N/T,50657,2262,1250,250,2019-02-20 14:01,178.1,188,189.6,189.9,195.2,200.8,197.6,195.1,195.2,200.1,199.9,208,208,204.9,208,208,200.2,205.1,205,49.8,71.9,39.5,12.694,12.686,28.959,2065,206.3,15.3,227.301,2019-02-20 13:45,21.9,19.3
2019-02-20 13:41,Extruder 1,19-A-31,90310-000065060004,7050 0% 065T 600W BK N/T,50657,2262,1250,1000,2019-02-20 13:41,178,188,189.6,190.5,195,197.7,197.3,195,194.9,200,200,208,208.1,204.9,208,208,199.9,205,205.1,50.2,71.8,39.6,12.694,12.703,28.97,2071,205.8,16.7,224.383,2019-02-20 12:22,21.9,19.5
2019-02-20 13:03,Extruder 1,19-A-31,90310-000065060004,7050 0% 065T 600W BK N/T,50657,2262,1250,500,2019-02-20 13:03,178,188,189.8,190.7,194.9,189.6,197.4,195,195.1,199.9,200.3,208.1,208,205,207.9,208.1,200.1,205,205,50.3,71.9,39.5,12.701,12.707,28.995,2079,205.4,15.8,223.245,2019-02-20 12:22,21.8,19.5
2019-02-20 12:43,Extruder 1,19-A-31,90310-000065060004,7050 0% 065T 600W BK N/T,50657,2262,1250,250,2019-02-20 12:43,178,188.1,190.6,190.6,195.2,199.3,197.5,195.1,195.1,200.1,200.1,208,208,204.8,208,208.1,200,205.1,204.9,49.9,71.9,39.4,12.697,12.663,28.986,2049,205.9,14.5,217.979,2019-02-20 12:22,21.7,19.3
2019-02-20 12:24,Extruder 1,19-A-30,90310-000065060004,7050 0% 065T 600W BK N/T,50657,2262,1250,1000,2019-02-20 12:24,178,187.9,190.4,190.1,195,198.5,197.3,195.2,195,200,199.7,208,208.1,205.2,208.2,208,199.8,205,204.9,50.6,71.7,39.4,12.703,12.661,29.018,2061,205.7,16.7,220.304,2019-02-20 11:06,21.7,19.4
2019-02-20 11:45,Extruder 1,19-A-30,90310-000065060004,7050 0% 065T 600W BK N/T,50657,2262,1250,500,2019-02-20 11:45,177.5,188,189.9,189.8,195,189,196.8,195.3,195.3,200,199.9,208.1,208.2,205.1,208,208,200.2,205,205,50.3,71.8,39.2,12.803,12.792,28.95,2063,204.8,15.9,223.269,2019-02-20 11:06,21.8,19.5
2019-02-20 11:25,Extruder 1,19-A-30,90310-000065060004,7050 0% 065T 600W BK N/T,50657,2262,1250,250,2019-02-20 11:25,177.8,187.6,190.1,190.8,194.7,198.6,196.1,195.1,195.1,200,199.9,208,208.1,205.2,208.1,208,200.1,205.1,204.9,49.4,71.8,39.5,12.599,12.595,28.993,2026,204.7,14.9,220.47,2019-02-20 11:06,21.6,19.4
2019-02-20 10:50,Extruder 1,19-A-29,90310-000065060004,7050 0% 065T 600W BK N/T,50657,2262,1250,1000,2019-02-20 10:50,178.3,188,189.5,190.1,195.1,201.2,197.2,194.7,195,200.1,200,208,208,204.9,208,208,199.9,205.1,205,49.8,71.9,39.3,18.002,17.96,28.952,2006,205.8,15.6,221.063,2019-02-20 9:26,21.5,19.6
2019-02-20 10:11,Extruder 1,19-A-29,90310-000065060004,7050 0% 065T 600W BK N/T,50657,2262,1250,500,2019-02-20 10:11,177.9,187.9,190,189.1,194.8,189,197.2,195,195.2,200,200,208,208,205.1,208,208.1,200.1,205.1,204.9,49,71.7,39.2,12.4,12.399,29.036,1988,204.7,16.6,217.315,2019-02-20 9:26,21.2,19.4
2019-02-20 9:51,Extruder 1,19-A-29,90310-000065060004,7050 0% 065T 600W BK N/T,50657,2262,1250,250,2019-02-20 9:51,178,188,189.3,189.8,195.1,193.3,197.2,195.5,195.1,200.1,199.9,208,207.8,205.2,208,208.1,200.2,205.1,205,49.2,71.7,39.2,12.405,12.454,29.055,1990,205.2,15.8,215.821,2019-02-20 9:26,20.8,19.2
2019-02-20 9:31,Extruder 1,19-A-28,90310-000065060004,7050 0% 065T 600W BK N/T,50657,2262,1250,1000,2019-02-20 9:31,178.2,188,189.8,189.7,195,201.2,196.9,195.1,194.9,200.1,200,208.1,208.2,204.9,207.9,207.8,199.8,205,205.1,48.9,71.5,39.1,12.4,12.381,29,1972,205.4,16.9,217.623,2019-02-20 8:21,21.3,19.3
2019-02-20 8:51,Extruder 1,19-A-28,90310-000065060004,7050 0% 065T 600W BK N/T,50657,2262,1250,500,2019-02-20 8:51,177.9,187.8,189.4,189.8,195,188.6,197,195.1,195.3,200,200,208,208,205.1,208.1,208.2,200,205.1,205,48.6,71.6,39.1,12.4,12.431,28.977,1981,204.4,16.4,215.323,2019-02-20 8:21,21.1,19.3
2019-02-20 8:31,Extruder 1,19-A-28,90310-000065060004,7050 0% 065T 600W BK N/T,50657,2262,1250,250,2019-02-20 8:31,177.8,187.9,189.6,189.4,194.9,191.9,196.8,194.7,195,200.1,200.2,208.2,208.2,205.1,208,208,200.2,205.1,205.1,49.3,71.6,39.2,12.4,12.434,29.023,1967,204.6,15.6,214.682,2019-02-20 8:21,21.1,19.2
2019-02-20 8:11,Extruder 1,19-A-27,90310-000065060004,7050 0% 065T 600W BK N/T,50657,2262,1250,1000,2019-02-20 8:11,178.2,188,190.2,189.4,195,201.5,196.9,195.4,195.1,200,200,207.9,208,205.1,208,208,200,205,204.9,49.3,71.5,39.3,12.403,12.411,28.984,1936,205,16.7,215.868,2019-02-20 6:53,21,19.3
2019-02-20 7:31,Extruder 1,19-A-27,90310-000065060004,7050 0% 065T 600W BK N/T,50657,2262,1250,500,2019-02-20 7:31,177.9,188,189.7,190.8,195.1,190.9,196.9,194.9,195,200,200,208,208.2,205,208,208,200,205,204.7,49.2,71.5,39.1,12.398,12.421,29.043,1959,204.4,16.4,212.5,2019-02-20 6:53,20.9,19.1
2019-02-20 7:11,Extruder 1,19-A-27,90310-000065060004,7050 0% 065T 600W BK N/T,50657,2262,1250,250,2019-02-20 7:11,178,188,190,189.4,195,189.3,196.9,194.5,195,200,200.1,208,208.1,205,207.9,207.9,200.2,205.1,205.2,48.9,71.5,39.2,12.398,12.386,28.986,1947,204.6,15.8,213.71,2019-02-20 6:53,21,19
2019-02-20 6:51,Extruder 1,19-A-26,90310-000065060004,7050 0% 065T 600W BK N/T,50657,2275,1250,1000,2019-02-20 6:51,178.2,188.2,190.1,190.8,195,200.9,196.9,195,195.1,200,200,208,207.8,205.1,208.2,208.2,199.9,205.1,205.1,49.1,71.6,39.1,12.403,12.359,28.984,1946,205.1,17.1,214.137,2019-02-20 5:33,21.6,19.3
2019-02-20 6:11,Extruder 1,19-A-26,90310-000065060004,7050 0% 065T 600W BK N/T,50657,2275,1250,500,2019-02-20 6:11,178.1,188,189.8,189.1,195.1,191.6,196.9,195,194.9,200,200,208,208.2,205,207.9,208,199.9,205,205,48.6,71.5,39.2,12.398,12.401,29.039,1957,204.4,16.8,211.765,2019-02-20 5:33,20.9,19.3
2019-02-20 5:52,Extruder 1,19-A-26,90310-000065060004,7050 0% 065T 600W BK N/T,50657,2275,1250,250,2019-02-20 5:52,177.8,187.8,190.2,190.5,194.6,189.1,196.9,194.8,195.1,200,199.9,207.9,207.8,205.1,208,208,200,204.8,204.7,48.8,71.5,39.2,12.396,12.424,29.011,1951,204.4,15.9,211.646,2019-02-20 5:33,20.9,19.2
2019-02-20 5:31,Extruder 1,19-A-25,90310-000065060004,7050 0% 065T 600W BK N/T,50657,2275,1250,1000,2019-02-20 5:31,177.9,187.9,189.7,191,195.1,199.4,196.8,195.1,194.9,200,200,208,208,205,208,207.8,200,205,204.8,49,71.4,39.1,12.4,12.441,29.016,1955,205,16.9,212.974,2019-02-20 4:11,20.9,19.2
2019-02-20 4:52,Extruder 1,19-A-25,90310-000065060004,7050 0% 065T 600W BK N/T,50657,2275,1250,500,2019-02-20 4:52,177.8,187.8,190.3,190.8,194.6,192.4,196.5,195,195,199.9,199.6,208,207.9,205.1,208.1,208.1,199.9,205.1,204.7,49.6,71.6,39.2,12.396,12.396,28.977,1988,204.2,16.7,211.907,2019-02-20 4:11,21.7,19.3
2019-02-20 4:32,Extruder 1,19-A-25,90310-000065060004,7050 0% 065T 600W BK N/T,50657,2275,1250,250,2019-02-20 4:32,177.4,187.7,190.2,190.8,194.5,187.3,196.1,195.2,195.1,200,200.1,208,208,205.1,208.2,208.1,199.9,205,205,49.6,71.5,39.1,12.4,12.409,29.021,1999,203.9,15.7,212.12,2019-02-20 4:11,20.8,19.2
2019-02-20 3:50,Extruder 1,19-A-24,90310-000065060004,7050 0% 065T 600W BK N/T,50657,2275,1250,1000,2019-02-20 3:50,177.6,188.1,190.2,189.7,195,201.3,197.3,195.3,195,200,200.1,208,207.8,205,208,208,199.9,205.1,205.1,49.5,71.7,39.1,12.602,12.626,28.975,1945,205.9,15.6,209.108,2019-02-20 2:36,21.4,19.2
2019-02-20 3:12,Extruder 1,19-A-24,90310-000065060004,7050 0% 065T 600W BK N/T,50657,2275,1250,500,2019-02-20 3:12,169.3,187.6,189.1,189.3,195.7,190.5,197.4,194.6,194.9,200,199.9,208,208.3,205,207.9,207.9,200.2,205.1,205,48.2,71.4,39.2,13.507,13.529,29.025,1987,206,15.4,211.931,2019-02-20 2:36,21.4,19.4
2019-02-20 2:52,Extruder 1,19-A-24,90310-000065060004,7050 0% 065T 600W BK N/T,50657,2275,1250,250,2019-02-20 2:52,177.6,188,189.8,190,194.8,191.6,197.6,194.1,194.9,200,200.2,208,208.1,204.7,207.8,207.9,200.1,205.1,205.2,50.2,71.7,39.2,12.507,12.512,29.039,2036,205.4,17.5,210.84,2019-02-20 2:36,21.4,19.5
2019-02-20 2:32,Extruder 1,19-A-23,90310-000065060004,7050 0% 065T 600W BK N/T,50657,2275,1250,1000,2019-02-20 2:32,178.1,188,190.4,190.1,195.1,201.8,197.6,195.1,195,200,199.9,208,207.9,205.3,208.1,208.1,199.8,205,204.9,49,71.7,39.3,12.504,12.469,29.034,2020,206.3,15.9,216.864,2019-02-20 1:18,21.4,19.2
2019-02-20 1:53,Extruder 1,19-A-23,90310-000065060004,7050 0% 065T 600W BK N/T,50657,2275,1250,500,2019-02-20 1:53,178,188,190,190.8,195,189.8,197.3,194.8,195,200.1,199.9,208,208.3,204.9,208,208,200.2,204.9,205,49,71.6,39.2,12.5,12.484,29.041,1988,205.3,15.9,215.797,2019-02-20 1:18,21.2,19.2
2019-02-20 1:33,Extruder 1,19-A-23,90310-000065060004,7050 0% 065T 600W BK N/T,50657,2275,1250,250,2019-02-20 1:33,178.2,188.1,189.9,188.8,194.9,191.3,197.3,195.1,195.1,200,199.9,208,208,205.1,208,207.9,200.2,205.1,204.9,49.5,71.7,39.2,12.5,12.504,28.995,1991,205.4,17.1,211.717,2019-02-20 1:18,21.4,19.5
2019-02-20 1:13,Extruder 1,19-A-22,90310-000065060004,7050 0% 065T 600W BK N/T,50657,2275,1250,1000,2019-02-20 1:13,178.4,188,189.9,189.7,195.2,201.3,197.3,194.8,195.1,200.1,200.3,208,207.9,205.1,208,208,200,205.1,205.1,49.1,71.7,39.3,12.493,12.462,29.023,1973,205.9,15.8,214.326,2019-02-19 23:59,21.2,19.3
2019-02-20 0:34,Extruder 1,19-A-22,90310-000065060004,7050 0% 065T 600W BK N/T,50657,2275,1250,500,2019-02-20 0:34,178.1,188.1,190.3,190.4,195,190.9,197.3,194.6,195,200,200.3,207.9,208.1,205.1,208.2,208,200,205.1,205,49,71.5,39.2,12.394,12.426,29.112,1940,205,15.7,203.131,2019-02-19 23:59,21.8,19.6
2019-02-20 0:14,Extruder 1,19-A-22,90310-000065060004,7050 0% 065T 600W BK N/T,50657,2275,1250,250,2019-02-20 0:14,177.8,188.1,190.1,190.5,195,190.7,197.3,195.5,195.2,199.9,200,208.1,208,205.3,208.1,208,200.2,205,205,48.9,62.7,39.3,12.391,12.421,28.968,1962,205.1,14.8,208.397,2019-02-19 23:59,21.4,19.2
2019-02-19 23:54,Extruder 1,19-A-21,90310-000065060004,7050 0% 065T 600W BK N/T,50657,2275,1250,1000,2019-02-19 23:54,177.9,188,189.5,190.3,194.9,201.1,197.2,194.8,195.1,200,200,207.9,207.8,205,208,207.9,199.9,205,204.9,49.3,71.7,39.5,12.498,12.477,29.007,1960,205.7,17.5,208.729,2019-02-19 22:13,21.9,19.7
2019-02-19 23:15,Extruder 1,19-A-21,90310-000065060004,7050 0% 065T 600W BK N/T,50657,2275,1250,500,2019-02-19 23:15,177.7,187.8,190.3,190.2,194.7,190.6,196.7,194.9,195,200,199.9,208,208.2,205.3,208.1,208,200,204.8,204.8,50.1,71.8,39.4,12.495,12.534,29.002,1975,204.4,17.6,215.085,2019-02-19 22:13,22.4,19.5
2019-02-19 22:55,Extruder 1,19-A-21,90310-000065060004,7050 0% 065T 600W BK N/T,50657,2275,1250,250,2019-02-19 22:55,177.5,187.8,189.4,190.5,194.8,188.6,196.3,195,195,200,200,208.3,208.4,205.5,208.5,208.3,200,205,204.8,49.4,71.9,39.6,12.498,12.469,29.046,1994,203.9,15.9,216.414,2019-02-19 22:13,21.9,19.5
2019-02-19 22:04,Extruder 1,19-A-20,90310-000065060004,7050 0% 065T 600W BK N/T,50657,2275,1250,1000,2019-02-19 22:04,177,187.8,189.2,190.1,194.8,189.1,197.2,195,195,200,199.9,208.1,208,205.1,208.1,207.9,200.2,205.1,205,49.3,72,39.7,12.398,12.419,29.036,1969,204.8,16.9,210.318,2019-02-19 18:32,22,19.7
2019-02-19 21:25,Extruder 1,19-A-20,90310-000065060004,7050 0% 065T 600W BK N/T,50657,2275,1250,500,2019-02-19 21:25,176.9,187.9,190.1,189.3,194.7,198.7,196.7,195.1,195.2,200,200.2,208.1,208.1,205.2,208,207.9,199.9,204.9,204.9,50.1,72.1,39.8,12.391,12.416,29.039,1970,205.1,16.6,217.908,2019-02-19 18:32,22.7,19.8
2019-02-19 21:05,Extruder 1,19-A-20,90310-000065060004,7050 0% 065T 600W BK N/T,50657,2275,1250,250,2019-02-19 21:05,177.8,187.9,189.4,190.6,194.9,190.8,196.1,195.3,195.2,200.1,199.9,208.2,208.4,205.7,208.4,208.3,200.2,205,205,50.1,72.3,39.9,12.4,12.391,29.073,1995,204,15.4,226.803,2019-02-19 18:32,22.8,19.9
2019-02-19 20:44,Extruder 1,19-A-20,90310-000065060004,7050 0% 065T 600W BK N/T,50657,2275,1250,250,2019-02-19 20:44,180.6,187.9,190.2,190.5,194,189.6,195.8,195.4,195.2,200,199.9,208.5,208.7,205.9,208.4,208.3,200.2,205,205.1,49.5,72.2,39.8,12.396,12.429,29,2009,203.1,16.9,232.614,2019-02-19 18:32,24.2,20.5
2019-02-19 17:23,Extruder 1,19-A-19,90310-000065060004,7050 0% 065T 600W BK N/T,50657,1791,1250,1000,2019-02-19 17:23,183.2,187.9,191.2,190.9,192.8,194.6,201.8,195.6,195.3,200.1,199.7,208,208.2,205.4,208.2,208.1,200.3,205.1,204.7,50.4,72.4,40.1,14.635,14.631,41.638,2143,211,16.8,159.986,2019-02-18 4:09,22.4,19.7
2019-02-19 16:49,Extruder 1,19-A-19,90310-000065060004,7050 0% 065T 600W BK N/T,50657,1791,1250,500,2019-02-19 16:49,186.2,187.8,190.8,191,197.7,200.5,201.1,195,195.1,200.1,200.2,208.1,208.4,205.9,208.1,207.9,200.6,205.1,204.8,50.5,72.3,40.1,14.64,14.643,41.487,2145,211,16.6,239.326,2019-02-18 4:09,22.4,19.5
2019-02-19 16:33,Extruder 1,19-A-19,90310-000065060004,7050 0% 065T 600W BK N/T,50657,1791,1250,250,2019-02-19 16:33,186.8,188.4,190.1,189.8,192.9,198.4,200.6,195.2,195,200.1,200.5,208.3,208.7,206.1,208.4,208,200.9,205.1,204.7,50.1,72.1,40,14.649,14.635,41.472,2155,210.1,16.2,247.936,2019-02-18 4:09,22.3,19.6
2019-02-19 15:57,Extruder 1,19-A-19,90310-000065060004,7050 0% 065T 600W BK N/T,50657,1791,1250,1000,2019-02-19 15:57,182.7,188.5,190.5,190.6,195.5,188.3,199.5,194,189,199.5,207.6,209.3,208.1,206.7,206.9,206.1,210,206.3,204,41.8,69.2,39.6,14.649,14.681,38.046,2088,206.8,14.3,247.32,2019-02-18 4:09,21.8,19.8
2019-02-19 13:30,Extruder 1,19-A-19,90310-000065060004,7050 0% 065T 600W BK N/T,50657,1791,1250,500,2019-02-19 13:30,176.1,186.4,182.1,183.3,191.3,191,180.6,180.3,180,180,180,200.5,200.2,200,199.9,199.9,180.2,180,180,29.8,28.2,29.8,8.014,7.998,18.025,1668,186.8,17,212.69,2019-02-18 4:09,20.7,19.7
2018-12-15 0:44,Extruder 1,18-A-798,90310-000065065004,7050 0% 065T 650W BK N/T,49567,1580,1250,1000,2018-12-15 0:44,178.1,188.4,190,185.1,193.3,196.9,185.1,189.9,184.9,190,189.6,208,205.4,205,205.1,208.3,187.1,189.9,189.9,35.3,81.6,51.6,7.551,7.524,27.417,1149,200.9,15.4,173.363,2018-12-14 22:43,29.2,27.2
2018-12-14 23:39,Extruder 1,18-A-798,90310-000065065004,7050 0% 065T 650W BK N/T,49567,1580,1250,500,2018-12-14 23:39,178.3,187.6,190,185.5,192.8,198.2,184.8,189.9,185.1,190,189.8,208,204.8,205,205.1,208,193.9,190.1,190,34.6,81.5,51.5,7.549,7.518,27.369,1145,200.6,14.1,173.102,2018-12-14 22:43,26.5,27.3
2018-12-14 23:07,Extruder 1,18-A-798,90310-000065065004,7050 0% 065T 650W BK N/T,49567,1580,1250,250,2018-12-14 23:07,178.3,188,190.1,184.7,192.8,198.1,184.8,190.1,184.9,190,190.5,208,205.3,205,204.9,208.2,188.4,190.1,190.1,34.8,81.6,51.6,7.549,7.534,27.374,1146,200.7,15.3,173.743,2018-12-14 22:43,25.8,27.1
2018-12-14 22:34,Extruder 1,18-A-797,90310-000065065004,7050 0% 065T 650W BK N/T,49567,1580,1250,1000,2018-12-14 22:34,178,188.1,189.9,184.4,193.1,197.9,184.7,190.1,184.9,189.9,190.2,208,205.1,204.8,205.1,208.3,186,190.1,190,35.3,81.6,51.6,7.549,7.558,27.415,1152,200.6,16.2,167.22,2018-12-14 20:35,25.6,27.2
2018-12-14 21:29,Extruder 1,18-A-797,90310-000065065004,7050 0% 065T 650W BK N/T,49567,1580,1250,500,2018-12-14 21:29,178.3,188.1,190,185.1,192.9,198.2,185,189.9,185,190,190.6,207.9,205,205,204.8,208.1,194.3,190.1,190.1,35,81.6,51.6,7.553,7.548,27.401,1146,200.9,15.1,167.647,2018-12-14 20:35,28.4,27.4
2018-12-14 20:56,Extruder 1,18-A-797,90310-000065065004,7050 0% 065T 650W BK N/T,49567,1580,1250,250,2018-12-14 20:56,177.6,187.8,190,184.2,193.1,197.7,185,190.1,185.1,190,190.4,208,204.7,204.9,205.1,207.9,190.1,190.1,190.1,35.1,81.5,51.6,7.549,7.528,27.442,1149,200.9,14.1,165.631,2018-12-14 20:35,27.4,27.2
2018-12-14 20:24,Extruder 1,18-A-796,90310-000065065004,7050 0% 065T 650W BK N/T,49567,1580,1250,1000,2018-12-14 20:24,177.7,188.2,190,184.5,192.9,197,184.7,189.7,184.9,190,189.9,208,205.4,205,205,208.2,186.2,190,190,34.6,81.6,51.7,7.551,7.558,27.408,1149,201,14.1,166.295,2018-12-14 18:21,26.5,27.2
2018-12-14 19:19,Extruder 1,18-A-796,90310-000065065004,7050 0% 065T 650W BK N/T,49567,1580,1250,500,2018-12-14 19:19,177.9,188.4,190,184.5,193.2,195.5,184.5,190.1,185.1,190,190,208,205,205,205.1,208.1,194.7,190.1,190,35.3,81.7,51.8,7.553,7.562,27.369,1149,200.8,17.6,166.603,2018-12-14 18:21,27.3,27.3
2018-12-14 18:46,Extruder 1,18-A-796,90310-000065065004,7050 0% 065T 650W BK N/T,49567,1476,1250,250,2018-12-14 18:46,178,188.3,189.9,184.8,193,193.8,184.7,190.1,184.9,190,190,207.9,205.4,205.2,205.1,208.3,191.5,190.1,190,35,81.6,51.7,7.547,7.541,27.392,1149,201.3,15.6,169.236,2018-12-14 18:21,27.4,27.4
2018-12-14 18:14,Extruder 1,18-A-795,90310-000065065004,7050 0% 065T 650W BK N/T,49567,1476,1250,1000,2018-12-14 18:14,177.9,187.7,190,185.6,192.7,192.4,185,189.8,185.1,190.1,190.1,208,204.9,205,205,207.9,186.1,189.9,190,35,81.6,51.6,7.551,7.564,27.385,1145,201.2,14.8,170.138,2018-12-14 16:08,27.6,27.6
2018-12-14 17:08,Extruder 1,18-A-795,90310-000065065004,7050 0% 065T 650W BK N/T,49567,1476,1250,500,2018-12-14 17:08,178.1,188.5,190.1,185.4,192.7,190.9,184.8,189.9,184.9,190,190.6,208,205,205,204.9,207.8,193.7,190,190,34.9,81.9,51.8,7.547,7.556,27.383,1140,200.9,14.4,165.678,2018-12-14 16:08,26.8,27.1
2018-12-14 16:36,Extruder 1,18-A-795,90310-000065065004,7050 0% 065T 650W BK N/T,49567,1476,1250,250,2018-12-14 16:36,178.1,187.9,190,184.9,193,189.8,184.9,189.9,185,190,190.3,208,205.2,205,205.1,208.3,193.3,190,190.1,35.1,82.1,51.7,7.551,7.531,27.298,1131,200.8,16.4,170.019,2018-12-14 16:08,26.4,27.4
2018-12-14 16:03,Extruder 1,18-A-794,90310-000065065004,7050 0% 065T 650W BK N/T,49567,1476,1250,1000,2018-12-14 16:03,178,188.1,189.9,184.4,193.1,189,185.2,190.2,185.1,190,190.4,207.9,205,205.1,205,208,187.5,190.1,190,35.3,82.2,51.8,7.544,7.574,27.28,1134,200.9,16.2,169.972,2018-12-14 13:56,26,27
2018-12-14 14:58,Extruder 1,18-A-794,90310-000065065004,7050 0% 065T 650W BK N/T,49567,1476,1250,500,2018-12-14 14:58,177.5,187.6,190,185.2,193.1,188.3,185,190.1,185.1,190,190.1,208,205.1,205.1,205,208,193.7,190.1,190,35,82.1,51.8,7.553,7.544,27.255,1135,200.5,14.2,170.327,2018-12-14 13:56,25.3,26.8
2018-12-14 14:26,Extruder 1,18-A-794,90310-000065065004,7050 0% 065T 650W BK N/T,49567,1476,1250,250,2018-12-14 14:26,178.2,188,189.6,185,194.5,188,185.3,189.9,185,190,190.2,208,205.3,205.2,205.1,208,196.3,190.1,190,35.4,82.1,51.9,7.549,7.566,27.333,1136,200.3,16.9,167.695,2018-12-14 13:56,26.7,27.2
2018-12-14 13:24,Extruder 1,18-A-793,90310-000065065004,7050 0% 065T 650W BK N/T,49567,1476,1250,1000,2018-12-14 13:24,178.1,188.2,190.1,184.2,193.2,196.8,184.3,189.9,185,190,190.1,208.1,205,205.1,205.1,208.2,186.3,190.1,189.9,35.3,82.3,52,7.547,7.538,27.49,1145,200.2,14.8,170.232,2018-12-14 11:28,27.5,27.2
2018-12-14 12:19,Extruder 1,18-A-793,90310-000065065004,7050 0% 065T 650W BK N/T,49567,1476,1250,500,2018-12-14 12:19,178.3,188.4,189.9,185,193.1,197.5,184.8,190,185,189.9,189.6,208.1,205,204.9,205,208,194,190.1,190,35.2,82.2,51.9,7.549,7.556,27.506,1150,200.5,15.2,170.161,2018-12-14 11:28,26.9,26.8
2018-12-14 11:46,Extruder 1,18-A-793,90310-000065065004,7050 0% 065T 650W BK N/T,49567,1476,1250,250,2018-12-14 11:46,177.7,187.9,190.1,185,193,198.1,184.2,190,185,190.1,190.6,208.1,205,205,205,208,193,190.1,190.1,35.4,82.2,51.9,7.553,7.544,27.271,1136,200.3,14.6,165.75,2018-12-14 11:28,26.6,27
2018-12-14 11:13,Extruder 1,18-A-792,90310-000065065004,7050 0% 065T 650W BK N/T,49567,1476,1250,1000,2018-12-14 11:13,178.3,187.7,189.9,184.9,192.9,197.8,185,190,185,190,190.2,207.9,205.1,205.1,205,208,187.1,190,190,35.4,82.3,52,7.551,7.548,27.062,1144,200.6,14.1,168.62,2018-12-14 9:07,26.4,27.2
2018-12-14 10:08,Extruder 1,18-A-792,90310-000065065004,7050 0% 065T 650W BK N/T,49567,1476,1250,500,2018-12-14 10:08,177.5,187.9,189.8,184.8,193.1,197.2,184.9,190,185.1,190,189.8,207.9,205,205,204.9,208,194.1,190.1,190.1,35.3,82.4,52.1,7.544,7.566,27.093,1146,200.7,15.3,170.707,2018-12-14 9:07,25.5,26.9
2018-12-14 9:35,Extruder 1,18-A-792,90310-000065065004,7050 0% 065T 650W BK N/T,49567,1476,1250,250,2018-12-14 9:35,174.4,187.5,189.7,184.7,192.8,195.7,184.8,190.1,185,190,190.5,208,205.2,205.2,205.2,208.1,195.5,190.1,190.1,35.4,82.3,52,7.558,7.544,27.13,1147,200.3,15,173.814,2018-12-14 9:07,24.8,27.2
2018-12-14 8:37,Extruder 1,18-A-791,90310-000065065004,7050 0% 065T 650W BK N/T,49567,1476,1250,1000,2018-12-14 8:37,178.1,187.7,190.1,184.6,193.3,192,185.2,190,185,190,190.6,208.2,205.1,205.1,205.1,208.1,185.8,190,190.1,35,82.2,51.8,7.5,7.488,27.296,1151,199.2,13.6,174.62,2018-12-14 6:32,29.4,27.2
2018-12-14 7:32,Extruder 1,18-A-791,90310-000065065004,7050 0% 065T 650W BK N/T,49567,1476,1250,500,2018-12-14 7:32,178.1,188.4,189.9,184.6,192.9,193.2,184.6,190.1,185,190.1,189.5,208.1,205,205.1,205.1,208.1,194,190,190,35.3,82.3,52.1,7.5,7.483,27.351,1150,199,15.7,174.881,2018-12-14 6:32,26.8,27.3
2018-12-14 6:59,Extruder 1,18-A-791,90310-000065065004,7050 0% 065T 650W BK N/T,49567,0,1250,250,2018-12-14 6:59,177.7,188.2,190.1,184.3,193.1,194.8,184.3,190,185,190,190.1,207.9,205,205,205,207.9,192.3,190,190,35.1,82.4,52.1,7.507,7.506,27.26,1139,198.8,14.6,174.81,2018-12-14 6:32,26.1,27.2
2018-12-14 6:25,Extruder 1,18-A-790,90310-000065065004,7050 0% 065T 650W BK N/T,49567,2262,1250,1000,2018-12-14 6:25,178.1,188.1,190.1,185.2,193.1,194.5,185.3,189.9,184.8,190,190,208.1,205.1,205,205,208,186.7,190,190,35.2,82.3,52.2,7.502,7.493,27.292,1148,199.3,14.2,170.944,2018-12-14 4:17,25.4,27.2
2018-12-14 5:20,Extruder 1,18-A-790,90310-000065065004,7050 0% 065T 650W BK N/T,49567,2262,1250,500,2018-12-14 5:20,178,188.1,189.9,185.5,192.8,196.9,185.6,190.1,185,190,190,207.9,205.2,205.1,205.1,208,194.6,189.9,189.9,35.8,82.5,52.1,7.505,7.496,27.344,1150,199.5,16.4,174.905,2018-12-14 4:17,27.8,27.6
2018-12-14 4:47,Extruder 1,18-A-790,90310-000065065004,7050 0% 065T 650W BK N/T,49567,2262,1250,250,2018-12-14 4:47,178.8,187.8,189.8,185,191.4,198.1,185.1,190,185,190,190.4,207.9,205.6,205.3,205.4,208.1,194.3,190,189.9,35.3,82.4,52.2,7.502,7.518,27.317,1153,198.8,14.9,174.597,2018-12-14 4:17,27.7,27.5
2018-12-14 3:40,Extruder 1,18-A-789,90310-000065065004,7050 0% 065T 650W BK N/T,49567,2262,1250,1000,2018-12-14 3:40,177.8,187.5,190,184.5,193.1,190.5,185,190.2,185,190,189.9,208.1,205,205,204.9,208,186.5,190,190.1,35.6,82.5,52.2,10.002,9.985,27.371,1148,199.9,14.9,179.317,2018-12-14 1:36,27.8,27.2
2018-12-14 2:35,Extruder 1,18-A-789,90310-000065065004,7050 0% 065T 650W BK N/T,49567,2262,1250,500,2018-12-14 2:35,178.3,188,190,184.2,193.3,188.7,185.4,190.1,185,190,190,208,204.9,205.1,204.9,207.9,194.2,190.1,190,35.5,82.5,52.1,7.5,7.544,27.333,1148,200.1,17,168.454,2018-12-14 1:36,26.9,27.6
2018-12-14 2:02,Extruder 1,18-A-789,90310-000065065004,7050 0% 065T 650W BK N/T,49567,2262,1250,250,2018-12-14 2:02,178,187.9,190,184.9,192.7,188.8,184.7,190.2,184.8,190.1,190,208.2,204.8,205,204.9,207.9,189.3,190.1,190,35.5,82.5,52.1,7.498,7.511,27.292,1136,199.7,15.8,176.921,2018-12-14 1:36,26.3,27.5
2018-12-14 1:32,Extruder 1,18-A-788,90310-000065065004,7050 0% 065T 650W BK N/T,49567,2262,1250,1000,2018-12-14 1:32,178.3,187.8,190,185.1,193.2,188.9,184.5,190.1,185,189.9,190.3,208.3,204.8,205,205.1,208,186.1,190.1,190.1,35.6,82.5,52.1,7.5,7.485,27.289,1146,199.4,14.9,176.399,2018-12-13 23:21,26,27.6
2018-12-14 0:26,Extruder 1,18-A-788,90310-000065065004,7050 0% 065T 650W BK N/T,49567,2262,1250,500,2018-12-14 0:26,178.1,187.8,190.1,185,193,189.6,185.2,190,185,190.1,190.1,208.1,205,205,205.1,208.1,194.8,190.1,190,35.6,82.6,52.2,7.5,7.524,27.282,1150,199.3,16.2,176.66,2018-12-13 23:21,29,27.7
2018-12-13 23:53,Extruder 1,18-A-788,90310-000065065004,7050 0% 065T 650W BK N/T,49567,2262,1250,250,2018-12-13 23:53,177.9,187.9,190.1,184.9,193.1,190.4,185.1,190.1,185.1,190,190.3,208.2,205.1,205.1,205.1,208,191.3,190,190,35.6,82.6,52.3,7.489,7.491,27.296,1149,199.3,16.1,168.88,2018-12-13 23:21,27.8,27.3
2018-12-13 23:15,Extruder 1,18-A-787,90310-000065065004,7050 0% 065T 650W BK N/T,49567,2262,1250,1000,2018-12-13 23:15,178.2,188.1,189.9,184.5,193.2,189.9,185.1,190,185.1,190,189.8,208.2,204.9,205.1,205.1,208.1,186,190,190,35.5,82.5,52.2,7.505,7.493,27.294,1142,199.8,16.1,174.431,2018-12-13 21:07,27.6,27.7
2018-12-13 22:09,Extruder 1,18-A-787,90310-000065065004,7050 0% 065T 650W BK N/T,49567,2262,1250,500,2018-12-13 22:09,177.9,188.2,189.8,185.1,193.1,188.7,185.2,190.1,184.9,189.9,190.3,207.9,205.1,205.1,205.1,208,195.7,190.1,190,35.8,82.2,52.2,7.5,7.491,27.326,1141,199.6,14.9,175.166,2018-12-13 21:07,27.4,27.8
2018-12-13 21:37,Extruder 1,18-A-787,90310-000065065004,7050 0% 065T 650W BK N/T,49567,2262,1250,250,2018-12-13 21:37,177.7,187.8,189.8,184.9,193.7,188.2,185.2,190,184.9,189.9,190.3,207.7,205.3,205.3,205.3,208.1,191.4,190,190,35.9,82.2,52.1,7.502,7.501,27.294,1145,199.4,15.3,175.783,2018-12-13 21:07,26.6,27.9
2018-12-13 20:36,Extruder 1,18-A-786,90310-000065065004,7050 0% 065T 650W BK N/T,49567,2262,1250,1000,2018-12-13 20:36,178.4,187.8,190,185.2,193,198.2,185.1,190,184.9,190,190,208.1,205,204.8,205.1,207.9,188.3,190.1,190.1,35.6,82.3,52.2,9.999,10.005,27.285,1145,199.3,17.3,174.834,2018-12-13 18:30,28.4,27.7
2018-12-13 19:31,Extruder 1,18-A-786,90310-000065065004,7050 0% 065T 650W BK N/T,49567,2262,1250,500,2018-12-13 19:31,177.7,187.8,190.1,185.6,193,197.3,184.5,190.1,185.2,190.1,190.2,208.1,205,205.1,205.1,208.1,192.9,190,190,35.6,82.6,52.2,7.502,7.475,27.289,1129,199.2,15.7,170.517,2018-12-13 18:30,27.7,27.7
2018-12-13 18:58,Extruder 1,18-A-786,90310-000065065004,7050 0% 065T 650W BK N/T,49567,1546,1250,250,2018-12-13 18:58,177.8,188.1,190,184.1,193.5,196.4,185.2,190.1,185,190.1,189.7,208.2,205,205,205,208,186.8,189.9,190,35.7,82.6,52.2,7.502,7.503,27.285,1133,199.5,14.8,170.351,2018-12-13 18:30,27.7,27.6
2018-12-13 18:21,Extruder 1,18-A-785,90310-000065065004,7050 0% 065T 650W BK N/T,49567,1546,1250,1000,2018-12-13 18:21,178,188.1,190,185.1,193.3,196.6,184.9,190,185.1,190,190.2,208,205,205.1,205,208,187.5,189.9,190,36,82.6,52.2,7.498,7.503,27.321,1135,198.9,14.4,169.45,2018-12-13 16:15,27.7,27.7
2018-12-13 17:15,Extruder 1,18-A-785,90310-000065065004,7050 0% 065T 650W BK N/T,49567,1546,1250,500,2018-12-13 17:15,178,188.4,190,185,193,197.6,184.4,189.9,184.9,190,190.5,208.1,205.1,204.9,205.1,208,193.1,189.9,189.9,35.4,82,52,7.498,7.501,27.326,1125,198.8,15.9,171.774,2018-12-13 16:15,27.5,27.4
2018-12-13 16:43,Extruder 1,18-A-785,90310-000065065004,7050 0% 065T 650W BK N/T,49567,1546,1250,250,2018-12-13 16:43,178.1,188.2,190,185.4,193,198.2,184.8,189.9,184.9,190,190.4,208.1,205,205.1,205.1,208.1,187.5,190,190,35.7,82.4,52.2,7.5,7.531,27.326,1133,198.6,16.5,174.146,2018-12-13 16:15,27.7,27.5
2018-12-13 16:05,Extruder 1,18-A-784,90310-000065065004,7050 0% 065T 650W BK N/T,49567,1546,1250,1000,2018-12-13 16:05,178,188.3,190,184.8,193.1,193.4,185.1,190.1,184.9,189.9,189.8,208,205,205,205,208,187.2,190,190,35.7,82.1,52,7.498,7.491,27.328,1136,197.2,16.9,169.592,2018-12-13 13:10,27.3,27.6
2018-12-13 14:59,Extruder 1,18-A-784,90310-000065065004,7050 0% 065T 650W BK N/T,49567,1546,1250,500,2018-12-13 14:59,177.5,187.9,189.9,184.9,193.4,194.5,184.9,189.9,185.1,190,190.4,208.1,205.1,205.1,205.1,208,193.1,190.1,190,35.2,82.1,51.9,7.505,7.508,27.298,1135,195.8,15.7,173.553,2018-12-13 13:10,25.9,27.4
2018-12-13 14:26,Extruder 1,18-A-784,90310-000065065004,7050 0% 065T 650W BK N/T,49567,1546,1250,250,2018-12-13 14:26,178.2,188.2,190,184.6,194,194.7,185.2,190.1,185.1,190,190.7,208,205.3,205.3,205.4,208.2,188.3,190.1,190.1,35.5,82.1,52,7.502,7.483,27.298,1149,195.7,15.3,173.458,2018-12-13 13:10,25.4,28
2018-12-13 12:46,Extruder 1,18-A-783,90310-000065065004,7050 0% 065T 650W BK N/T,49567,1546,1250,2000,2018-12-13 12:46,177.9,188.1,189.9,185.5,193,196.8,185,189.9,185,190,190.1,208.1,205.1,205.1,205.2,208.1,191.4,190,190,35.2,82.1,52,7.498,7.501,27.626,1139,195.7,15.3,172.272,2018-12-13 6:20,24.4,27.4
2018-12-13 10:35,Extruder 1,18-A-783,90310-000065065004,7050 0% 065T 650W BK N/T,49567,1546,1250,1000,2018-12-13 10:35,179.9,188.5,189.5,185.3,198.4,194.3,185.1,190.2,184.9,190,190.2,208.2,204.8,205.3,204.5,207.4,190.9,190,189.8,35,79.5,51.4,7.502,7.506,25.08,1272,192.7,16.1,178.321,2018-12-13 6:20,29.3,27.6
2018-12-13 5:17,Extruder 1,18-A-782,90310-000030100002,7050 0% 030T 1000W BK N/T,49536,2262,1250,1000,2018-12-13 5:17,178,188.2,190.1,185,193.3,198,185.1,190,185,190,190.1,208,205,205,205,208,186.8,190,190,35.9,81.9,52.1,9.155,9.152,24.595,1076,199.4,14,173.861,2018-12-13 3:24,28.1,27.7
2018-12-13 4:24,Extruder 1,18-A-782,90310-000030100002,7050 0% 030T 1000W BK N/T,49536,2262,1250,500,2018-12-13 4:24,177.9,188.5,190,185.6,193.1,197.2,184.9,190,185,189.9,189.5,208,205.1,205.1,205.1,208,196.4,189.9,190,35.8,81.9,52.2,9.293,9.309,24.576,1036,198.5,14.8,167.149,2018-12-13 3:24,28.1,27.6
2018-12-13 3:58,Extruder 1,18-A-782,90310-000030100002,7050 0% 030T 1000W BK N/T,49536,2262,1250,250,2018-12-13 3:58,177,187.6,189.6,185,192.4,188,185.7,190.2,185,190,190.5,208.2,205.4,205.3,205.5,208.4,194.2,190,190.1,35.6,81.8,51.9,9.307,9.281,24.624,1028,198.8,15,165.062,2018-12-13 3:24,27.8,27.7
2018-12-13 2:20,Extruder 1,18-A-781,90310-000030100002,7050 0% 030T 1000W BK N/T,49536,2262,1250,1000,2018-12-13 2:20,178.3,188.1,189.9,184,193.2,188.5,185.2,190,185.1,190,189.9,208.1,205.1,205,205.1,208,191.1,190.1,190.1,35.6,81.6,51.9,9.153,9.15,24.597,1032,198.7,14.5,165.133,2018-12-13 0:41,27.8,27.4
2018-12-13 1:26,Extruder 1,18-A-781,90310-000030100002,7050 0% 030T 1000W BK N/T,49536,2262,1250,500,2018-12-13 1:26,177.9,187.9,190,185,193,189.3,184.8,190.2,184.9,190,189.7,208.1,205.1,205,205.1,208.2,192.4,190,190,35.1,80.7,51.5,9.153,9.15,24.567,1013,198.8,14.4,167.362,2018-12-13 0:41,27.6,26.9
2018-12-13 0:59,Extruder 1,18-A-781,90310-000030100002,7050 0% 030T 1000W BK N/T,49536,2262,1250,250,2018-12-13 0:59,178.2,188.2,190.1,184.5,193.2,193.8,184.6,189.9,185,190,190.7,208.1,205,205.1,205,208,186.9,190,190.1,35.6,81.2,51.6,9.141,9.145,24.478,1026,198.2,15.9,168.999,2018-12-13 0:41,27.6,27.5
2018-12-12 23:39,Extruder 1,18-A-780,90310-000030100002,7050 0% 030T 1000W BK N/T,49536,2262,1250,1000,2018-12-12 23:39,178.2,187.9,190,184.5,193.3,197.9,185.1,189.9,185,190.1,190.1,208,204.9,204.9,204.9,208,194.3,190,190,35.5,81.5,51.8,9.151,9.155,24.549,1032,199.1,16.4,166.082,2018-12-12 21:57,27.1,27.4
2018-12-12 22:46,Extruder 1,18-A-780,90310-000030100002,7050 0% 030T 1000W BK N/T,49536,2262,1250,500,2018-12-12 22:46,178.3,188,190,184.9,193.3,197.2,185.6,190,184.9,190,190.2,208,205,205.1,205.1,208,187.9,190,190.1,35.6,81.3,51.6,9.302,9.319,24.597,1031,198.8,16.1,169.782,2018-12-12 21:57,27.4,27.5
2018-12-12 22:20,Extruder 1,18-A-780,90310-000030100002,7050 0% 030T 1000W BK N/T,49536,2262,1250,250,2018-12-12 22:20,178.2,187.8,189.9,185.4,193.4,188,184.5,189.9,185,190,189.7,208.2,205.2,205.1,205.2,208.2,186.3,189.9,189.9,35.5,81.3,51.8,9.153,9.155,24.597,1027,198.2,14.6,166.841,2018-12-12 21:57,27.5,27.7
2018-12-12 20:43,Extruder 1,18-A-779,90310-000030100002,7050 0% 030T 1000W BK N/T,49536,2262,1250,1000,2018-12-12 20:43,177.6,188,189.9,185,193.1,189.2,185,190.1,185.1,190,190.2,208,205.1,205.1,205.1,208.1,189.3,190.1,190.1,35.4,81.6,52,9.151,9.188,24.604,1026,198.6,15.2,170.47,2018-12-12 18:54,27.8,27.7
2018-12-12 19:50,Extruder 1,18-A-779,90310-000030100002,7050 0% 030T 1000W BK N/T,49536,2262,1250,500,2018-12-12 19:50,178,187.9,189.8,185.1,193.2,188.5,185,190.1,185,190,190,207.9,205,205,205,208,187.8,190.1,189.9,35.7,81.5,51.9,9.167,9.16,24.631,1033,198.9,15.2,170.256,2018-12-12 18:54,27.7,27.7
2018-12-12 19:23,Extruder 1,18-A-779,90310-000030100002,7050 0% 030T 1000W BK N/T,49536,2262,1250,250,2018-12-12 19:23,178.2,188,189.8,185.5,193,196.1,184.8,189.8,185,190,190.4,208,204.9,205,205,208,193,189.9,190,35.5,81.2,51.9,9.151,9.165,24.574,1039,198.5,14.1,169.141,2018-12-12 18:54,27.5,27.4
2018-12-12 18:02,Extruder 1,18-A-778,90310-000030100002,7050 0% 030T 1000W BK N/T,49536,1476,1250,1000,2018-12-12 18:02,178,188.4,189.9,185.4,193,197.3,185,190.1,185,190,190.1,207.9,205,205,204.9,207.9,186.1,190,190,35.8,81.6,51.8,9.151,9.16,24.626,1049,199.2,14.9,167.813,2018-12-12 16:19,27.8,27.4
2018-12-12 17:09,Extruder 1,18-A-778,90310-000030100002,7050 0% 030T 1000W BK N/T,49536,1476,1250,500,2018-12-12 17:09,179.4,188.1,189.9,185.2,192.8,197.1,185.1,189.9,185.1,190,190.5,208,205.1,205.1,205.1,208,192.9,190,190,35.3,81.4,51.9,9.143,9.15,24.549,1063,198.6,15.1,172.699,2018-12-12 16:19,27.8,27
2018-12-12 16:42,Extruder 1,18-A-778,90310-000030100002,7050 0% 030T 1000W BK N/T,49536,1476,1250,250,2018-12-12 16:42,174.8,188.2,190,185.5,193,189.5,185.2,190,185.1,189.8,189.8,208.2,205.3,205.3,205.4,208.3,196,190,190,35.6,81.6,51.9,9.145,9.15,24.221,1051,199.1,16.6,173.316,2018-12-12 16:19,27.3,27.4
2018-12-12 14:52,Extruder 1,18-A-777,90310-000030100002,7050 0% 030T 1000W BK N/T,49536,1476,1250,1000,2018-12-12 14:52,177.9,188.2,190.1,184.7,193,195.7,184.8,190.1,185,189.9,189.7,207.9,205,205,205,208,188.1,190,189.9,35.5,81.4,51.7,9.12,9.138,24.777,1059,199.2,14.3,168.975,2018-12-12 13:10,25.1,27.8
2018-12-12 13:58,Extruder 1,18-A-777,90310-000030100002,7050 0% 030T 1000W BK N/T,49536,1476,1250,500,2018-12-12 13:58,177.9,188,190,185.3,193,197.1,184.9,190.1,185.1,190,190,208,205.1,205,205.1,208,194.6,190,189.9,35.6,81.6,51.9,9.127,9.13,24.786,1061,198.6,15.8,173.458,2018-12-12 13:10,24.6,27.8
2018-12-12 13:31,Extruder 1,18-A-777,90310-000030100002,7050 0% 030T 1000W BK N/T,49536,1476,1250,250,2018-12-12 13:31,178,188,190,185.2,192.6,190.2,185.2,190,185,190,190,208,205,205,205,208,189.6,189.9,190,35.6,81.5,51.7,9.138,9.158,24.845,1055,198.9,15.1,172.486,2018-12-12 13:10,24.1,27.2
2018-12-12 12:10,Extruder 1,18-A-776,90310-000045105004,7050 0% 045T 1050W BK N/T,49536,1476,1250,1000,2018-12-12 12:10,177.6,188.1,190,185.4,192.7,188,184.8,190.2,185.1,190.1,190.4,207.9,205,205,205,207.9,192.5,190,190,35.5,81.6,51.8,9.134,9.134,24.806,1061,197.4,15.7,174.431,2018-12-11 7:10,23.1,27.3
2018-12-12 10:49,Extruder 1,18-A-776,90310-000045105004,7050 0% 045T 1050W BK N/T,49536,1476,1250,500,2018-12-12 10:49,178.2,188.1,189.9,185.6,193.9,189.8,185.4,190.2,185,190.1,190,208,205.2,205.2,205,207.8,186.5,190,189.9,38.7,76.1,51.8,9.158,9.112,24.624,1082,195.5,15,180.479,2018-12-11 7:10,25.5,27.2
2018-12-12 10:20,Extruder 1,18-A-776,90310-000045105004,7050 0% 045T 1050W BK N/T,49536,1476,1250,250,2018-12-12 10:20,177.1,187.4,189.6,185.4,193.3,197.3,185.5,190.2,184.9,190.1,189.9,208.5,205.4,205.5,205.6,208.4,187.9,190,189.9,38.5,76.4,51.6,8.244,8.295,22.36,1076,194,16.1,176.589,2018-12-11 7:10,27.6,27.3
2018-12-12 2:26,Extruder 1,18-A-776,90310-000045105004,7050 0% 045T 1050W BK N/T,49536,1580,1250,250,2018-12-12 2:26,178.3,187.9,189.8,184.6,191.7,196.5,184.7,190.1,185,190,190.8,208.1,205.1,205.2,205.1,207.9,193.5,190,189.9,44.4,84.6,56.8,8.297,8.328,22.205,1327,196.2,13.9,174.36,2018-12-11 7:10,26.4,27.2
2018-12-12 1:59,Extruder 1,18-A-776,90310-000045105004,7050 0% 045T 1050W BK N/T,49536,1580,1250,500,2018-12-12 1:59,173.6,187.1,189.5,185.1,192.5,189.5,185.1,190.1,185.1,190,189.7,208.6,205.4,205.6,205.5,208.3,187.1,190.1,190.1,44.4,84.7,56.9,8.295,8.346,22.103,1345,196.1,14.1,175.806,2018-12-11 7:10,25.5,27.5
2018-12-12 0:59,Extruder 1,18-A-776,90310-000045105004,7050 0% 045T 1050W BK N/T,49536,1580,1250,250,2018-12-12 0:59,176.1,187.2,189.2,185.6,194.4,196,184.9,189.7,185.1,190,190.4,206.8,203.7,204.3,203.4,207.2,192.3,190.2,189.9,44.5,84.5,56.6,7.8,7.831,22.109,1375,194.2,15.6,174.573,2018-12-11 7:10,23.8,27.3
2018-11-09 6:18,Extruder 1,18-A-726,90310-000045105004,7050 0% 045T 1050W BK N/T,47826,2262,1250,1000,2018-11-09 6:18,178.9,188.3,189.9,184.8,193.1,190.5,184.9,190.2,184.9,190,189.6,208,204.9,204.9,205,207.9,186.5,190,189.9,44.9,85.7,60.8,7.098,7.105,31.226,1478,204.6,17,179.198,2018-11-09 3:54,27.2,27.1
2018-11-09 5:08,Extruder 1,18-A-726,90310-000045105004,7050 0% 045T 1050W BK N/T,47826,2262,1250,500,2018-11-09 5:08,178.5,187.8,189.9,185.8,193,197.6,185.5,190,185,190,190,208,205.1,205.1,205,208,195,190,190,44.7,85.6,60.8,7.009,6.997,31.374,1465,204.4,16.4,175.688,2018-11-09 3:54,26.4,27.3
2018-11-09 4:33,Extruder 1,18-A-726,90310-000045105004,7050 0% 045T 1050W BK N/T,47826,2262,1250,250,2018-11-09 4:33,173.1,188,189.7,184.5,193,196.9,184.9,190.1,185,190,190.4,208.1,205.1,205.1,205.2,208.1,189.9,190,190.1,45.3,86,61,6.998,7.003,31.257,1471,203.7,16.7,173.814,2018-11-09 3:54,26,27.5
2018-11-09 3:19,Extruder 1,18-A-725,90310-000045105004,7050 0% 045T 1050W BK N/T,47826,2262,1250,1000,2018-11-09 3:19,183.3,187.9,189.8,184.9,192.7,196.3,185.1,189.9,185.1,190,190.1,208,205,205,205,208,191.7,190,190,44.8,85.8,60.9,7.087,7.115,31.276,1474,204.3,17.4,180.052,2018-11-09 0:58,28.7,27.5
2018-11-09 2:10,Extruder 1,18-A-725,90310-000045105004,7050 0% 045T 1050W BK N/T,47826,2262,1250,500,2018-11-09 2:10,174.4,187.5,190.1,184.7,192.6,188.8,184.3,190.1,185,190,190.1,208,205.1,205.1,205.1,208.1,188.1,189.9,190,44.3,85.4,60.7,7.1,7.102,31.38,1463,203.8,15.4,184.061,2018-11-09 0:58,27.9,27.5
2018-11-09 1:35,Extruder 1,18-A-725,90310-000045105004,7050 0% 045T 1050W BK N/T,47826,2262,1250,250,2018-11-09 1:35,173.1,188.3,190.1,184.5,192.8,189.8,185.2,190.3,185,190,190.2,208,205,205,205,208,187.2,190.1,190,44.7,86.1,61.1,7.1,7.112,31.333,1467,204.4,16.1,176.589,2018-11-09 0:58,27.2,27.2
2018-11-09 0:32,Extruder 1,18-A-724,90310-000045105004,7050 0% 045T 1050W BK N/T,47826,2262,1250,1000,2018-11-09 0:32,175.4,188.2,190.2,185,192.9,188.9,185.2,190.1,185,190.1,190,208,205,205.1,204.9,208,193.8,190,190.1,44.6,86.1,61.2,7.003,6.997,31.367,1477,204.6,16.6,179.032,2018-11-08 22:10,26.2,27.2
2018-11-08 23:21,Extruder 1,18-A-724,90310-000045105004,7050 0% 045T 1050W BK N/T,47826,2262,1250,500,2018-11-08 23:21,178.6,187.5,189.8,185.6,192.7,195.9,185.1,190,184.9,189.9,189.9,208,205.1,205.1,205,207.8,188.5,190,190,44.7,86.1,61,7.003,7.003,31.182,1505,204.7,16.2,182.4,2018-11-08 22:10,28.8,27.1
2018-11-08 22:46,Extruder 1,18-A-724,90310-000045105004,7050 0% 045T 1050W BK N/T,47826,2262,1250,250,2018-11-08 22:46,172,187.7,189.8,185.1,192.8,197.1,185.3,190.2,185.1,190,189.8,208,205.2,205.3,205.2,208,196.5,190,189.9,44.9,86.1,61.1,7.102,7.082,31.098,1509,204.7,16.7,180.764,2018-11-08 22:10,27.6,27
2018-11-08 20:17,Extruder 1,18-A-723,90310-000045105004,7050 0% 045T 1050W BK N/T,47826,2262,1250,1000,2018-11-08 20:17,177.2,187.9,189.6,185,193.5,191.3,184.9,190.2,185,190,190,208,205.1,205,205.1,208.1,186.8,189.9,190.1,44.5,86.2,61.1,7.8,7.801,38.344,1503,208.6,17.6,191.793,2018-11-08 18:06,28.1,27.2
2018-11-08 19:14,Extruder 1,18-A-723,90310-000045105004,7050 0% 045T 1050W BK N/T,47826,2262,1250,500,2018-11-08 19:14,178.1,187.8,189.8,184.8,192.8,194.5,184.9,190.1,185,189.9,190.1,208,205.1,205,205,208,193.5,190,190.1,44.7,86.3,61.3,7.899,7.909,38.36,1480,208.5,16.4,186.338,2018-11-08 18:06,27.9,27.1
2018-11-08 18:43,Extruder 1,18-A-723,90310-000045105004,7050 0% 045T 1050W BK N/T,47826,1791,1250,250,2018-11-08 18:43,178,187.9,189.8,184.9,193.9,194.5,185.1,190.1,185.1,190,190.3,208,205,204.8,205,208,191.6,190,190.1,44.7,86.4,61.3,8.209,8.212,38.376,1493,208.4,15.9,187.026,2018-11-08 18:06,26.5,27.2
2018-11-08 17:48,Extruder 1,18-A-722,90310-000045105004,7050 0% 045T 1050W BK N/T,47826,1791,1250,1000,2018-11-08 17:48,177.6,187.3,189.9,184.7,191.4,196.1,185.1,190.1,185,190.1,189.8,208,205,204.8,205,208,188.2,190,189.9,44.9,86.3,61.3,8.195,8.187,38.374,1500,208.5,16.4,184.725,2018-11-08 15:33,27.8,27.2
2018-11-08 16:48,Extruder 1,18-A-722,90310-000045105004,7050 0% 045T 1050W BK N/T,47826,1791,1250,500,2018-11-08 16:48,178.3,188,189.7,185.2,193,192.3,185,190.1,185.1,190.1,190.3,208.2,205.2,205.4,205.3,208,196.3,190,189.9,44.8,86.4,61.2,8.195,8.185,38.246,1483,208.2,16.6,184.393,2018-11-08 15:33,27.6,26.9
2018-11-08 16:18,Extruder 1,18-A-722,90310-000045105004,7050 0% 045T 1050W BK N/T,47826,1791,1250,250,2018-11-08 16:18,177.1,188.6,189.5,185.1,191.5,192.9,185.2,190.4,185.2,189.9,190,208.3,205.7,205.6,206,208.5,190.5,190,189.9,44.7,86.4,61.3,8.193,8.191,37.399,1499,207.2,17.1,188.876,2018-11-08 15:33,28.1,27.6
2018-11-08 14:52,Extruder 1,18-A-721,90310-000045105004,7050 0% 045T 1050W BK N/T,47826,1791,1250,1000,2018-11-08 14:52,178,188.4,189.6,184.7,191.7,192.2,185.3,190.1,185.1,190,190.3,208.1,205,205,205,208,193.8,190,190,44.7,86.4,61.3,8.001,8.005,37.369,1471,208.1,16.3,187.476,2018-11-08 12:46,27.6,27.3
2018-11-08 13:51,Extruder 1,18-A-721,90310-000045105004,7050 0% 045T 1050W BK N/T,47826,1791,1250,500,2018-11-08 13:51,178.4,188.4,190.3,185.5,193.1,195.3,184.8,190,185,190,190.8,208,205,204.9,205,207.9,186.8,189.9,189.9,44.8,86.2,61.1,7.992,8.008,37.355,1430,207.4,17.1,181.025,2018-11-08 12:46,27.6,27.1
2018-11-08 13:20,Extruder 1,18-A-721,90310-000045105004,7050 0% 045T 1050W BK N/T,47826,1791,1250,250,2018-11-08 13:20,177.9,188.4,189.8,184.8,191.1,195.9,185.2,190.1,185,190,190.3,207.9,205,205,204.9,207.9,190.5,190,190,44.4,86,61.2,8.007,8.012,37.403,1460,207.4,17.3,183.681,2018-11-08 12:46,27.3,27.1
2018-11-08 12:24,Extruder 1,18-A-720,90310-000045105004,7050 0% 045T 1050W BK N/T,47826,1791,1250,1000,2018-11-08 12:24,178,187.5,189.7,184.8,194.4,195,185,189.9,185,190,190.1,208,204.9,204.7,205,208,192.5,190,190,44.8,86.1,61.1,7.996,8.005,37.362,1431,207.4,16.4,183.871,2018-11-08 9:53,28.1,27.2
2018-11-08 10:36,Extruder 1,18-A-720,90310-000045105004,7050 0% 045T 1050W BK N/T,47826,1791,1250,500,2018-11-08 10:36,177.4,187.5,190.4,185.5,191.4,191.8,186.2,190.1,185.4,190,190,208.1,205.7,205.9,205.7,208,198.3,190,189.9,44.5,86.6,61.1,8.202,8.197,36.829,1439,207.2,17.3,183.824,2018-11-08 9:53,27.6,27
2018-11-08 10:07,Extruder 1,18-A-720,90310-000045105004,7050 0% 045T 1050W BK N/T,47826,1791,1250,250,2018-11-08 10:07,176.5,186.3,189.6,185.8,194.6,192.4,185.3,190.5,185.2,190.1,190.7,208.6,205.9,206.1,205.7,207.7,199,190.2,190,43.5,61.2,46.7,8.405,8.398,36.866,1487,204.7,15.3,190.346,2018-11-08 9:53,27.5,27.7
2018-11-08 6:57,Extruder 1,18-A-719,90310-000045105004,7050 0% 045T 1050W BK N/T,47826,1476,1250,1000,2018-11-08 6:57,181.7,188.3,190.1,184.6,194.6,198,184.9,190.2,185,190.1,190.6,208,205,205,205,208,190.7,190,190,44.7,86.1,56.7,7.595,7.61,35.05,1399,206.7,16.4,181.689,2018-11-08 4:40,27.4,27.1
2018-11-08 5:52,Extruder 1,18-A-719,90310-000045105004,7050 0% 045T 1050W BK N/T,47826,1476,1250,500,2018-11-08 5:52,178.2,187.5,189.8,184.9,191.5,197.3,185.1,190.2,185,190,190.1,208,205,205.1,205,207.9,189.3,190,189.9,44.4,86.1,56.5,7.595,7.594,34.818,1395,206.7,16.2,177.301,2018-11-08 4:40,27.4,27.1
2018-11-08 5:20,Extruder 1,18-A-719,90310-000045105004,7050 0% 045T 1050W BK N/T,47826,1476,1250,250,2018-11-08 5:20,174,188.1,189.8,185,193,196,184.9,190.1,185,190.1,190.1,208.1,205.4,205.2,205.4,208.3,193.5,190,190.1,44.4,86.1,56.8,7.594,7.6,34.624,1407,206.3,17.7,175.237,2018-11-08 4:40,27.4,27.3
2018-11-08 4:02,Extruder 1,18-A-718,90310-000045105004,7050 0% 045T 1050W BK N/T,47826,1476,1250,1000,2018-11-08 4:02,177.4,188.1,190,184.8,191.7,190.7,184.9,190.1,185,190,190.1,208,205,205.1,205.1,208,186.9,190,190,44.7,86.1,56.8,7.6,7.604,34.226,1429,206.1,17.2,185.484,2018-11-08 1:48,27.1,27.2
2018-11-08 2:57,Extruder 1,18-A-718,90310-000045105004,7050 0% 045T 1050W BK N/T,47826,1476,1250,500,2018-11-08 2:57,177,188.3,190.1,184.9,193.7,192.2,185.3,190.1,185,189.9,190.1,208,205,204.7,204.9,208,193.1,190,190,44.4,85.7,56.7,7.505,7.491,34.239,1427,206.3,16.3,180.859,2018-11-08 1:48,25.7,27
2018-11-08 2:24,Extruder 1,18-A-718,90310-000045105004,7050 0% 045T 1050W BK N/T,47826,1476,1250,250,2018-11-08 2:24,179.5,187.1,189.9,184.8,191.5,192.4,184.9,190.1,184.9,189.9,190.2,208,205,205.1,205,208.2,191.8,189.9,189.9,44.4,86.1,56.9,7.493,7.493,34.273,1426,206.5,18,186.67,2018-11-08 1:48,26,26.6
2018-11-08 1:24,Extruder 1,18-A-717,90310-000045105004,7050 0% 045T 1050W BK N/T,47826,1476,1250,1000,2018-11-08 1:24,175.8,188.4,190,185.5,193.8,197.4,185.1,190,185.1,190.1,190,208,205,204.8,205,208,188,189.9,190,44.5,86.1,56.8,7.5,7.513,34.633,1405,207.2,18.6,179.839,2018-11-07 23:13,24.7,27.1
2018-11-08 0:19,Extruder 1,18-A-717,90310-000045105004,7050 0% 045T 1050W BK N/T,47826,1476,1250,500,2018-11-08 0:19,176.3,187.5,189.8,185,191,197.1,184.5,189.9,185,190,190,208.1,205.2,205.1,205.1,207.9,193.4,190,190.1,44.7,86,56.8,7.511,7.518,34.847,1388,206.2,15.4,179.696,2018-11-07 23:13,24.6,27.1
2018-11-07 23:46,Extruder 1,18-A-717,90310-000045105004,7050 0% 045T 1050W BK N/T,47826,1476,1250,250,2018-11-07 23:46,172.7,188.3,189.8,185.4,194.7,197.4,185,190.1,185.1,190,190.3,208.1,205.3,205.1,205.4,208.3,187.6,190.1,190,44.7,86.2,56.8,7.505,7.491,34.779,1385,205.7,17.5,171.822,2018-11-07 23:13,28.6,27.2
2018-11-07 22:29,Extruder 1,18-A-716,90310-000045105004,7050 0% 045T 1050W BK N/T,47826,1476,1250,1000,2018-11-07 22:29,173.8,188.2,190.1,184.7,192.4,191.8,185.1,190,185,189.9,190,208,205,205,205,208,193.7,190,190,44.6,86.2,56.9,7.5,7.506,36.137,1360,206.6,16.1,183.515,2018-11-07 20:16,27.6,27
2018-11-07 21:24,Extruder 1,18-A-716,90310-000045105004,7050 0% 045T 1050W BK N/T,47826,1476,1250,500,2018-11-07 21:24,180.6,187.5,190,185.2,195,196,185.2,190,185,190,190,208,205,204.9,205,207.9,186.7,189.9,190,44.9,85.4,56.8,7.505,7.508,36.191,1383,206.2,17.6,180.195,2018-11-07 20:16,26.7,27.1
2018-11-07 20:51,Extruder 1,18-A-716,90310-000045105004,7050 0% 045T 1050W BK N/T,47826,1476,1250,250,2018-11-07 20:51,173.9,188,190.1,184.7,193.2,193,185.2,190,185,189.9,189.8,208.1,205.1,205,205.1,208,189.9,190.1,190,44.7,83.9,56.7,7.509,7.485,35.267,1369,205.9,16.3,181.499,2018-11-07 20:16,26.8,28
2018-11-07 19:51,Extruder 1,18-A-715,90310-000045105004,7050 0% 045T 1050W BK N/T,47826,1476,1250,1000,2018-11-07 19:51,182,187.6,190,185.8,192.5,191.2,184.8,189.8,184.9,189.9,190.3,208,205,205,205.1,208,190.8,189.9,190,44.5,85.3,56.8,7.496,7.496,36.066,1395,205.8,15.7,179.602,2018-11-07 17:46,27.2,31.7
2018-11-07 18:45,Extruder 1,18-A-715,90310-000045105004,7050 0% 045T 1050W BK N/T,47826,2136,1250,500,2018-11-07 18:45,181.8,188,189.8,185.2,191.9,193.2,185.2,190,185.1,190,190.1,208.1,205,205.1,205,208,189.1,190.1,190,44.5,85.3,56.9,7.496,7.496,35.913,1398,206.7,18.2,184.986,2018-11-07 17:46,26.7,31.8
2018-11-07 18:13,Extruder 1,18-A-715,90310-000045105004,7050 0% 045T 1050W BK N/T,47826,2136,1250,250,2018-11-07 18:13,176.2,187.8,190,185.5,193.7,195.8,185.2,190,185,190,189.9,208.1,205.5,205.3,205.4,208.3,192.4,190,190,45,85.3,56.9,7.509,7.516,35.85,1401,206.8,17.7,184.63,2018-11-07 17:46,26.1,31.7
2018-11-07 16:52,Extruder 1,18-A-714,90310-000045105004,7050 0% 045T 1050W BK N/T,47826,2136,1250,1000,2018-11-07 16:52,181.7,187.2,190.1,184.9,193.5,195.4,185.2,190.2,185,189.9,190.2,208,204.9,205,204.8,207.9,187.9,190,190,44.9,85.2,57,7.41,7.393,35.879,1406,206.2,16.2,183.325,2018-11-07 14:37,29.4,31
2018-11-07 15:46,Extruder 1,18-A-714,90310-000045105004,7050 0% 045T 1050W BK N/T,47826,2136,1250,500,2018-11-07 15:46,178.6,188.5,190.2,185.3,193.6,191.7,184.8,190,184.9,190,190.1,208,205,205,204.8,207.8,192.3,189.9,189.9,45.1,85.4,57.1,7.398,7.415,35.957,1401,206.5,17.4,184.82,2018-11-07 14:37,27.4,30.1
2018-11-07 15:13,Extruder 1,18-A-714,90310-000045105004,7050 0% 045T 1050W BK N/T,47826,2136,1250,250,2018-11-07 15:13,179,188.3,190.2,184.7,193.7,196.7,185.2,189.9,185,190,190.4,208,205.1,204.9,205.1,208.1,193,189.9,190,45.2,85.4,57.2,7.407,7.389,35.954,1383,206.7,16.3,188.235,2018-11-07 14:37,26.9,29.7
2018-11-07 14:10,Extruder 1,18-A-713,90310-000045105004,7050 0% 045T 1050W BK N/T,47826,2136,1250,1000,2018-11-07 14:10,180.3,187.5,189.7,184.9,194.2,192.4,184.9,189.8,185.1,190,190.1,208,205.1,205,205,207.9,187.5,190,189.9,45.3,85.4,57,7.403,7.407,35.897,1390,206,17.2,184.345,2018-11-07 11:53,28.2,27.7
2018-11-07 13:03,Extruder 1,18-A-713,90310-000045105004,7050 0% 045T 1050W BK N/T,47826,2136,1250,500,2018-11-07 13:03,173.3,188.4,190.5,184.7,191.7,192.8,185.1,190,185.1,190.1,190,208.1,205,205.2,205.1,208,194.1,190.1,190.1,45.1,85,56.8,7.385,7.393,35.87,1365,205.3,17.5,180.764,2018-11-07 11:53,28,27.5
2018-11-07 12:30,Extruder 1,18-A-713,90310-000045105004,7050 0% 045T 1050W BK N/T,47826,2136,1250,250,2018-11-07 12:30,178.5,188.1,189.6,184.8,195.4,196.9,185.1,190.1,185.1,190.1,189.8,208.1,205.3,205.4,205.6,208.4,188.2,190,190.1,45,84.2,56.6,7.505,7.498,35.895,1352,204.4,17,175.142,2018-11-07 11:53,27.9,28.1
2018-11-07 11:12,Extruder 1,18-A-712,90310-000045105004,7050 0% 045T 1050W BK N/T,47826,2136,1250,1000,2018-11-07 11:12,175.7,188.4,190.1,185,192.6,195.7,184.4,189.9,185.1,190,190.1,208,205,205,205,208,194.2,189.9,189.9,44.7,84.6,56.5,7.407,7.407,35.838,1329,204.5,17.7,175.712,2018-11-07 8:57,27.8,27.6
2018-11-07 10:05,Extruder 1,18-A-712,90310-000045105004,7050 0% 045T 1050W BK N/T,47826,2136,1250,500,2018-11-07 10:05,181.1,188.8,190.2,184.4,194.6,190.2,185.5,190.1,185,190,189.9,208,204.8,205,204.8,207.9,186.4,190,190,44.8,84.3,56.4,7.405,7.375,35.875,1344,204.4,17,176.755,2018-11-07 8:57,27.5,27.6
2018-11-07 9:32,Extruder 1,18-A-712,90310-000045105004,7050 0% 045T 1050W BK N/T,47826,2136,1250,250,2018-11-07 9:32,176.1,188.1,189.8,185.1,191.8,190.8,185.1,189.9,184.9,190.1,189.5,207.9,205,205,205.1,207.8,190.8,190.1,190,44.8,84.3,56.3,7.407,7.405,35.907,1349,204.6,15.7,177.491,2018-11-07 8:57,27.6,27.4
2018-11-07 8:30,Extruder 1,18-A-711,90310-000045105004,7050 0% 045T 1050W BK N/T,47826,2136,1250,1000,2018-11-07 8:30,174.3,187.4,190.1,184.9,194.6,191.9,184.9,190.1,184.9,190,190.2,208.1,205.1,205.1,205.1,208,190.5,190.1,190,44.8,84.8,56.5,7.398,7.399,35.879,1301,204.1,17.5,172.96,2018-11-07 6:11,27.4,27.5
2018-11-07 7:24,Extruder 1,18-A-711,90310-000045105004,7050 0% 045T 1050W BK N/T,47826,2136,1250,500,2018-11-07 7:24,184,187.5,190.2,185.5,191.3,198.4,185.1,190.2,185,190.1,189.5,208.1,205.2,205.2,205.3,208.1,189.7,189.9,189.9,45.1,84.8,56.4,7.505,7.513,35.911,1301,204.1,15.7,175.213,2018-11-07 6:11,26.4,27.4
2018-11-07 6:50,Extruder 1,18-A-711,90310-000045105004,7050 0% 045T 1050W BK N/T,47826,2262,1250,250,2018-11-07 6:50,179.2,188.2,189.6,185.3,195.9,196.8,185,189.9,185,190,190.1,208.1,205.1,205.1,205.2,208.1,194.1,190,190,45.2,84.7,56.3,7.006,6.971,32.444,1317,202.5,17.4,170.114,2018-11-07 6:11,25.9,27.4
2018-11-07 5:27,Extruder 1,18-A-710,90310-000045105004,7050 0% 045T 1050W BK N/T,47826,2262,1250,1000,2018-11-07 5:27,174.8,187.8,189.9,185.1,193.2,190.5,184.7,190,184.9,190.1,190,208,205,205.1,205,208,186.5,190,189.9,44.7,84.7,56.5,6.896,6.903,33.483,1305,203.6,16.6,175.712,2018-11-07 3:13,28.2,28.9
2018-11-07 4:16,Extruder 1,18-A-710,90310-000045105004,7050 0% 045T 1050W BK N/T,47826,2262,1250,500,2018-11-07 4:16,179.4,187.4,189.9,185.7,195.1,192.1,184.8,190.1,185,190,190.1,208,205.1,205.1,205,208,193.7,190,190,44.9,84.8,56.5,6.902,6.916,33.494,1304,203.1,15.9,177.253,2018-11-07 3:13,27.8,27.3
2018-11-07 3:40,Extruder 1,18-A-710,90310-000045105004,7050 0% 045T 1050W BK N/T,47826,2262,1250,250,2018-11-07 3:40,171.9,188.5,189.8,185,190.9,188.1,185.2,190.1,185,189.9,190.2,208,205.2,205.1,205.2,208.2,187.6,190,190.1,44.9,84.8,56.4,6.902,6.906,32.289,1309,202.8,15.4,169.355,2018-11-07 3:13,27.7,26.6
2018-11-07 2:31,Extruder 1,18-A-709,90310-000045105004,7050 0% 045T 1050W BK N/T,47826,2262,1250,1000,2018-11-07 2:31,180.2,187.9,189.9,185.7,191.5,189.4,185,190.1,185.1,190.1,190.2,207.9,205.1,205.1,205,208,192.3,190,189.9,45.4,84.9,56.4,6.894,6.9,33.542,1317,203.1,15.4,175.332,2018-11-07 0:05,27.5,27.2
2018-11-07 1:20,Extruder 1,18-A-709,90310-000045105004,7050 0% 045T 1050W BK N/T,47826,2262,1250,500,2018-11-07 1:20,181.9,187.8,189.9,184.6,191.3,194.2,185.1,190.1,185,190,189.8,207.9,205,205,205.1,208,187.7,190,190,45.1,85,56.5,6.907,6.916,33.355,1320,202.8,18.3,170.256,2018-11-07 0:05,27.5,27.3
2018-11-07 0:44,Extruder 1,18-A-709,90310-000045105004,7050 0% 045T 1050W BK N/T,47826,2262,1250,250,2018-11-07 0:44,173.5,188.5,189.9,185,192.8,189.7,185.1,190,185,190,189.9,208,205.1,205.1,205.2,208,189.1,190,189.9,45,85,56.6,6.892,6.88,33.367,1310,203.1,17.9,173.577,2018-11-07 0:05,27.5,27.4
2018-11-06 23:23,Extruder 1,18-A-708,90310-000045105004,7050 0% 045T 1050W BK N/T,47826,2262,1250,1000,2018-11-06 23:23,175.6,188.7,190.1,184.9,192.1,190.7,185.1,189.8,185,190,190.3,208,205.2,205.1,205.1,208.2,189.3,190,189.9,45.1,84.9,56.5,6.89,6.886,33.399,1314,203.4,17.5,171.158,2018-11-06 20:58,27,27.2
2018-11-06 22:12,Extruder 1,18-A-708,90310-000045105004,7050 0% 045T 1050W BK N/T,47826,2262,1250,500,2018-11-06 22:12,173.1,188.2,190.3,185.6,191,197.1,185.3,190,185.1,190.1,189.7,208.1,205.1,205.1,205.3,208.1,192.4,190.1,190,44.6,84.9,56.4,6.902,6.921,33.349,1296,203.4,15.8,169.307,2018-11-06 20:58,27,26.6
2018-11-06 21:37,Extruder 1,18-A-708,90310-000045105004,7050 0% 045T 1050W BK N/T,47826,2262,1250,250,2018-11-06 21:37,182,188.5,189.8,185.6,195.1,193.8,185.1,189.8,184.9,190,190.1,208,205.1,205.1,205.1,208.1,194.4,189.9,190.1,44.5,85,56.6,6.996,7.001,32.629,1242,201.8,15,168.027,2018-11-06 20:58,27.6,27.4
2018-11-06 20:23,Extruder 1,18-A-707,90310-000045105004,7050 0% 045T 1050W BK N/T,47826,2262,1250,1000,2018-11-06 20:23,174.9,187.6,190.1,185,192.4,196.3,185,189.8,185,190,189.9,208,205,204.8,205.1,208.1,186.6,190,190,44.4,85.1,56.8,7.502,7.506,36.868,1316,204.2,17.5,174.241,2018-11-06 18:22,27.5,27.2
2018-11-06 19:18,Extruder 1,18-A-707,90310-000045105004,7050 0% 045T 1050W BK N/T,47826,2262,1250,500,2018-11-06 19:18,177.7,187.9,190,184.8,192.4,190.6,185.1,190.1,185,190,190,208,205.2,205.2,205.2,208,193.9,190,190,44.9,85.1,56.9,7.489,7.503,36.893,1365,204.6,15.3,180.005,2018-11-06 18:22,27.8,27.2
2018-11-06 18:45,Extruder 1,18-A-707,90310-000045105004,7050 0% 045T 1050W BK N/T,47826,2136,1250,250,2018-11-06 18:45,173.6,187.7,190.1,185.1,193,190.8,184.9,190.1,185.1,189.9,190.4,208.2,205.4,205.2,205.4,208.3,189,190.1,190,44.9,85.2,57.1,7.485,7.491,36.834,1319,204.4,16.7,176.328,2018-11-06 18:22,28.1,28.1
2018-11-06 17:24,Extruder 1,18-A-706,90310-000045105004,7050 0% 045T 1050W BK N/T,47826,2136,1250,1000,2018-11-06 17:24,174.9,188,190.1,184.8,192.4,192.9,185.2,189.9,184.9,190,190.4,208,205,204.9,205,208,192.4,190,190,45.4,84.9,57,7.5,7.496,36.85,1341,204.7,15.4,179.341,2018-11-06 15:17,28,27.8
2018-11-06 16:19,Extruder 1,18-A-706,90310-000045105004,7050 0% 045T 1050W BK N/T,47826,2136,1250,500,2018-11-06 16:19,175.1,187.8,189.9,184.7,192,191.6,184.7,190.1,185,190,190.1,208,205.1,204.9,205,207.9,187.8,190,190,45.8,84.7,56.9,7.5,7.493,36.836,1357,205.4,15.5,182.116,2018-11-06 15:17,28,27.8
2018-11-06 15:46,Extruder 1,18-A-706,90310-000045105004,7050 0% 045T 1050W BK N/T,47826,2136,1250,250,2018-11-06 15:46,178.6,188.3,190.1,185.2,195,195.8,184.9,189.9,184.9,190,189.7,208,205.3,205.2,205.7,208.5,190.1,190,189.9,45.7,84.9,57.1,7.496,7.493,36.861,1353,205.3,18.2,177.823,2018-11-06 15:17,28.2,28.3
2018-11-06 14:31,Extruder 1,18-A-705,90310-000045105004,7050 0% 045T 1050W BK N/T,47826,2136,1250,1000,2018-11-06 14:31,182.1,187.7,190.1,185.2,191.8,196.6,185.1,190.2,185.1,189.9,190,208,205,204.9,205,206,189.8,189.9,189.9,45.9,84.7,56.9,7.493,7.498,36.811,1343,205.3,15.6,179.483,2018-11-06 12:16,28.1,28
2018-11-06 13:25,Extruder 1,18-A-705,90310-000045105004,7050 0% 045T 1050W BK N/T,47826,2136,1250,500,2018-11-06 13:25,178.7,187.8,190,184.7,192.3,191.4,185,190.3,185.1,190,189.8,208.1,205.1,205,205.1,206,192.5,190.1,189.9,45.7,84.7,56.8,7.496,7.511,36.859,1354,205.2,16.9,179.791,2018-11-06 12:16,27.8,27.6
2018-11-06 12:52,Extruder 1,18-A-705,90310-000045105004,7050 0% 045T 1050W BK N/T,47826,2136,1250,250,2018-11-06 12:52,179.5,188,190.1,185.8,193.2,189.8,185.4,189.8,185.1,190,190.4,208.2,205.3,205.6,205.4,205.9,197.4,190,190,45.6,84.5,56.6,7.485,7.513,36.8,1357,205.7,16.1,178.487,2018-11-06 12:16,27.9,27.5
2018-11-06 10:58,Extruder 1,18-A-704,90310-000045105004,7050 0% 045T 1050W BK N/T,47826,2136,1250,1000,2018-11-06 10:58,177.3,189.2,190.3,185.2,191.5,195.8,185.2,190.1,185,190,189.8,208,205,205,205,205,191.6,190.1,190,45.5,84.9,56.5,8.291,8.29,36.813,1438,205.7,16.2,185.033,2018-11-06 8:45,26,27.6
2018-11-06 9:55,Extruder 1,18-A-704,90310-000045105004,7050 0% 045T 1050W BK N/T,47826,2136,1250,500,2018-11-06 9:55,180.9,188.2,189.9,185.6,195.1,196.6,184.9,190,185,190,189.6,208,205.1,205.1,205.1,204.9,189,189.9,190,45.5,84.8,56.4,7.706,7.687,33.499,1394,204.4,16.1,179.127,2018-11-06 8:45,27.6,27.7
2018-11-06 9:23,Extruder 1,18-A-704,90310-000045105004,7050 0% 045T 1050W BK N/T,47826,2136,1250,250,2018-11-06 9:23,182.3,188.8,189.8,185.4,193.9,197.6,185.6,190,185.1,190,190,208,205.3,205.2,205.3,205.2,187.8,190,190.1,45.1,84.7,56.3,7.673,7.69,33.535,1413,204.4,17.4,179.435,2018-11-06 8:45,27.8,27.7
2018-11-06 8:08,Extruder 1,18-A-703,90310-000045105004,7050 0% 045T 1050W BK N/T,47826,2136,1250,1000,2018-11-06 8:08,178.2,187.7,189.8,185.4,192.7,189.1,185.1,189.9,184.9,190.1,189.8,208,204.9,205,204.7,204.7,192.5,189.9,190,44.7,84.4,56.2,7.001,6.997,30.435,1386,203.3,16.8,181.665,2018-11-06 5:44,27.1,26.8
2018-11-06 6:58,Extruder 1,18-A-703,90310-000045105004,7050 0% 045T 1050W BK N/T,47826,2262,1250,500,2018-11-06 6:58,184,188.1,190,185.3,192.6,196.2,184.6,189.9,185.1,190.1,189.8,208.1,205.2,205.1,205.1,205.1,190.5,190.1,189.9,45.4,84.8,56.4,7.004,7.009,30.412,1387,202.9,18.1,180.408,2018-11-06 5:44,27.6,27.4
2018-11-06 6:22,Extruder 1,18-A-703,90310-000045105004,7050 0% 045T 1050W BK N/T,47826,2262,1250,250,2018-11-06 6:22,178.2,188,189.9,184.6,193.1,197.4,185.2,189.8,184.9,190,189.9,207.9,205.3,205.3,204.5,204.2,199.2,190.1,189.8,45,84.6,56.2,6.998,6.987,30.153,1393,202.5,17.2,172.676,2018-11-06 5:44,27.6,27
2018-11-06 3:45,Extruder 1,18-A-702,90310-000045105004,7050 0% 045T 1050W BK N/T,47826,2262,1250,1000,2018-11-06 3:45,181.7,188.2,190,184.9,194,191.6,184.9,190.2,185,190,190,205.1,204.9,205,205,205,188.7,190.1,190,45.1,84.6,56.2,7.087,7.097,31.059,1369,203.4,18,176.732,2018-11-06 0:27,27.7,27.2
2018-11-06 2:36,Extruder 1,18-A-702,90310-000045105004,7050 0% 045T 1050W BK N/T,47826,2262,1250,500,2018-11-06 2:36,174.1,187.3,189.9,184.9,192,196.9,184.9,190.1,185.1,190,190.3,204.8,205.1,205.1,205.1,205.1,194.2,190.1,190,45.4,84.8,56.4,7.093,7.095,30.622,1346,202.9,15.9,178.985,2018-11-06 0:27,28,26.8
2018-11-06 2:01,Extruder 1,18-A-702,90310-000045105004,7050 0% 045T 1050W BK N/T,47826,2262,1250,250,2018-11-06 2:01,173.9,188.1,189.8,184.7,190.5,198,185.1,190.3,185.1,190,190.1,205.2,205.6,205.5,205.7,205.5,196.2,190,189.9,44.6,84.6,56.2,7.003,6.987,30.672,1335,202.3,15.4,171.94,2018-11-06 0:27,27.8,27.4
2018-11-05 23:46,Extruder 1,18-A-701,90310-000045105004,7050 0% 045T 1050W BK N/T,47826,2262,1250,1000,2018-11-05 23:46,177.9,188.1,189.9,185.4,193.6,190.2,184.9,190.1,184.9,189.9,190.1,204.9,205,205,204.8,204.8,191.8,190,190,45,84.4,56.2,6.998,7.001,31.125,1351,203,17.7,175.806,2018-11-05 21:22,25.5,27.3
2018-11-05 22:36,Extruder 1,18-A-701,90310-000045105004,7050 0% 045T 1050W BK N/T,47826,2262,1250,500,2018-11-05 22:36,177.7,187.5,189.8,185.2,191,191.1,185.2,189.7,185.2,190,190.3,204.9,205.1,205,205,205,188.7,189.9,189.9,45.1,84.8,56.6,6.992,7.003,30.938,1361,203.7,16.2,179.412,2018-11-05 21:22,27.7,27.4
2018-11-05 22:01,Extruder 1,18-A-701,90310-000045105004,7050 0% 045T 1050W BK N/T,47826,2262,1250,250,2018-11-05 22:01,175.6,188,189.9,185.5,195,196.8,184.9,190.3,185,190,189.8,205.1,205.3,205.3,205.3,205.2,191.7,189.9,190,46,84.3,56.6,7.006,7.003,30.913,1340,203.1,16.6,179.791,2018-11-05 21:22,27.7,27.8
2018-11-05 20:40,Extruder 1,18-A-700,90310-000045105004,7050 0% 045T 1050W BK N/T,47826,2262,1250,1000,2018-11-05 20:40,173.3,188.5,190,184.7,195,188.9,185,189.6,185.1,189.9,190.1,205,205.1,204.9,205,205.1,188,190,190,45.4,84.8,56.6,7.1,7.112,31.308,1366,203.4,17.4,177.277,2018-11-05 18:18,27.8,27.8
2018-11-05 19:30,Extruder 1,18-A-700,90310-000045105004,7050 0% 045T 1050W BK N/T,47826,2136,1250,500,2018-11-05 19:30,180,187.7,189.9,184.1,191.7,189.6,185,189.9,184.9,190,190.7,204.9,205,205.1,205,204.9,192.2,190.1,190.1,45.4,84.8,56.8,7.102,7.097,31.319,1368,203.6,15.9,178.487,2018-11-05 18:18,27.4,27.3
2018-11-05 18:56,Extruder 1,18-A-700,90310-000045105004,7050 0% 045T 1050W BK N/T,47826,2136,1250,250,2018-11-05 18:56,173.7,188,189.8,185.5,193.9,192.4,184.7,190,185,190,190.3,205,205,205.1,205.1,205,191.8,190,190,45.4,85,56.8,7.093,7.087,31.134,1367,203.3,17.2,176.162,2018-11-05 18:18,26.2,28.3
2018-11-05 17:04,Extruder 1,18-A-699,90310-000045105004,7050 0% 045T 1050W BK N/T,47826,2136,1250,1000,2018-11-05 17:04,174.7,189,190.1,185.1,192.8,196.8,185.2,190.1,185.1,190,190.1,205.1,205.2,205.1,205.2,205.1,190.2,190,190.1,45.4,85.1,57,8.289,8.292,36.462,1421,206.1,16.4,182.092,2018-11-05 14:56,28,27.8
2018-11-05 16:02,Extruder 1,18-A-699,90310-000045105004,7050 0% 045T 1050W BK N/T,47826,2136,1250,500,2018-11-05 16:02,182.9,188.3,189.8,185.3,192.7,196.7,184.9,189.9,185,190,190,205,205.1,205.1,205,205,190.8,190.1,190,45.6,84.9,56.9,7.604,7.588,33.171,1384,204,17.6,178.487,2018-11-05 14:56,27.8,27.7
2018-11-05 15:29,Extruder 1,18-A-699,90310-000045105004,7050 0% 045T 1050W BK N/T,47826,2136,1250,250,2018-11-05 15:29,183.3,188.2,189.6,185.2,193.1,197,184.9,190.1,184.7,190,189.8,205.1,205.1,205.1,205.3,205.3,188.8,190,190.1,45.8,84.5,56.8,7.701,7.7,33.121,1406,203.5,18.3,175.38,2018-11-05 14:56,27.9,27.6
2018-11-05 13:52,Extruder 1,18-A-698,90310-000045105004,7050 0% 045T 1050W BK N/T,47826,2136,1250,1000,2018-11-05 13:52,177.1,187.6,190,185.1,191.2,197,185,190.6,185.1,190,190.2,204.9,205.1,205.2,205.2,205,188.1,190,190,45.7,85.4,57.1,10.103,10.106,42.745,1516,209.9,17.4,195.066,2018-11-04 4:34,27.6,27.6
2018-11-05 13:04,Extruder 1,18-A-698,90310-000045105004,7050 0% 045T 1050W BK N/T,47826,2136,1250,500,2018-11-05 13:04,173,189.3,190.4,185.5,190.7,197.3,185.5,190.1,185.3,190.1,190.3,205.2,205.7,205.6,205.6,205.3,192.3,190.1,190.1,45.1,85.1,56.9,9.999,10,42.661,1535,209.9,16.4,192.315,2018-11-04 4:34,28.1,27.5
2018-11-05 12:37,Extruder 1,18-A-698,90310-000045105004,7050 0% 045T 1050W BK N/T,47826,2136,1250,250,2018-11-05 12:37,177.7,187.5,190.4,184.8,193.3,192.4,185.4,190.1,185.5,190.1,190.4,205.3,205.6,205.7,205.4,205.1,196.2,190.2,189.9,45,84.5,56.5,8.291,8.305,35.834,1483,204.4,17.5,187.263,2018-11-04 4:34,26.8,27.4
2016-11-23 20:34,Extruder 1,16-A-487,90310-000065100004,7050 0% 065T 1000W BK N/T,36551,1731,1250,1000,2016-11-23 20:34,176.4,186.8,183,182.7,190.2,193.1,180.2,180,180,180,179.6,225.2,205.9,200.2,203.2,220.1,180.7,180.1,180.1,38.5,83.9,68.4,6.998,7.013,24.923,1320,206.7,18.8,199.407,2016-11-23 18:14,39.8,41.3
2016-11-23 19:24,Extruder 1,16-A-487,90310-000065100004,7050 0% 065T 1000W BK N/T,36551,1731,1250,500,2016-11-23 19:24,178,187.9,181.1,186.3,191.2,192.5,180,180,180.2,180,180,225.2,205,200,202.1,220.1,180.2,180.1,180.1,38.8,84.2,68.5,6.998,7.037,41.132,1293,210.8,19.2,224.692,2016-11-23 18:14,39.8,41.1
2016-11-23 18:49,Extruder 1,16-A-487,90310-000065100004,7050 0% 065T 1000W BK N/T,36551,1731,1250,250,2016-11-23 18:49,178,188.3,184.2,183.4,195.1,194,180,180,180,180,180.3,225,204.7,200.1,202.1,220.1,180.8,180.2,180,38.7,86.9,68.8,7.001,6.991,40.941,1259,210.4,21.1,226.115,2016-11-23 18:14,39.6,41
2016-11-23 18:14,Extruder 1,16-A-486,90310-000065100004,7050 0% 065T 1000W BK N/T,36551,1731,1250,1000,2016-11-23 18:14,178,188.7,184.2,184.7,191.4,192.2,180,180,180,180,181.1,225,205,200.1,202,219.9,180,180,180.1,38.3,88,68.5,7.009,6.999,40.938,1237,210.3,18.6,224.407,2016-11-23 15:48,39.7,41
2016-11-23 17:04,Extruder 1,16-A-486,90310-000065100004,7050 0% 065T 1000W BK N/T,36551,1731,1250,500,2016-11-23 17:04,178.1,188,182.8,183.1,191.2,191.3,179.9,180,180,180,179.9,225,205.1,200.1,202.2,220.1,180.8,180,180,41,83.5,68.5,6.996,7.001,41,1165,210.1,18.4,223.292,2016-11-23 15:48,39.1,41
2016-11-23 16:29,Extruder 1,16-A-486,90310-000065100004,7050 0% 065T 1000W BK N/T,36551,1476,1250,250,2016-11-23 16:29,178.7,188.1,181.4,184.2,195,195,180.5,180,180.2,180,181.1,225.1,204.7,200.3,202,220.3,179.3,179.8,179.8,42.4,83.8,68.8,7.004,6.997,40.943,1138,210.3,21.4,227.989,2016-11-23 15:48,38.9,41.2
2016-11-23 15:43,Extruder 1,16-A-485,90310-000065100004,7050 0% 065T 1000W BK N/T,36551,1476,1250,1000,2016-11-23 15:43,177.2,186.9,184.2,184.9,194.9,194,180,180,180,179.9,179.7,225,204.7,199.7,201.9,219.7,180.5,180.1,180,41,84.8,68.6,7.001,6.987,30.027,1215,207.7,14.8,201.281,2016-11-23 13:28,42.2,41.1
2016-11-23 14:33,Extruder 1,16-A-485,90310-000065100004,7050 0% 065T 1000W BK N/T,36551,1476,1250,500,2016-11-23 14:33,178,188.4,182.2,185.1,195.1,193.3,180.1,180,180,180,180.2,224.8,204.7,199.9,202.2,220,179.7,180.1,179.8,42.1,88.3,68.6,7.001,7.007,40.574,1265,210,16.4,223.553,2016-11-23 13:28,43.5,40.9
2016-11-23 13:58,Extruder 1,16-A-485,90310-000065100004,7050 0% 065T 1000W BK N/T,36551,1476,1250,250,2016-11-23 13:58,177.8,188.1,181.9,181.9,191.7,192.8,179.7,180,180,180,179.3,225,205,200.1,202.1,220.1,179.8,180,180,42.2,86.1,68.4,6.998,6.999,40.572,1235,210,18.2,225.474,2016-11-23 13:28,43.4,41
2016-11-23 13:13,Extruder 1,16-A-484,90310-000065100004,7050 0% 065T 1000W BK N/T,36551,1476,1250,1000,2016-11-23 13:13,178,187.9,183.7,181,191.8,191.4,180,180.1,180,180.1,180.3,225,205,199.9,202,219.8,179.3,180,180,40.8,84,67.3,7.001,6.999,40.305,1232,210,15,225.664,2016-11-23 10:43,43.3,41
2016-11-23 12:03,Extruder 1,16-A-484,90310-000065100004,7050 0% 065T 1000W BK N/T,36551,1476,1250,500,2016-11-23 12:03,178.2,188.1,181.6,181.1,191.7,191.7,179.7,180,180,180,179.6,224.8,205,199.9,202.5,220,180.1,180,179.9,41.8,83.9,64.6,6.998,7.001,40.189,1170,209.6,18.8,224.312,2016-11-23 10:43,43.4,40.9
2016-11-23 11:28,Extruder 1,16-A-484,90310-000065100004,7050 0% 065T 1000W BK N/T,36551,1476,1250,250,2016-11-23 11:28,178.8,188.7,183.1,184.4,193.7,195,180.8,180.2,180.5,180,180.1,225.6,204.8,201.5,203.3,221,180.1,179.9,180,39.3,82.6,62.2,6.998,6.981,40.166,1118,210,14.5,220.873,2016-11-23 10:43,42.3,39.6
2016-11-23 10:52,Extruder 1,16-A-484,90310-000065100004,7050 0% 065T 1000W BK N/T,36551,1476,1250,1000,2016-11-23 10:52,182.1,189.1,188.1,182.7,199,191.9,178.8,180.7,179.4,180,180.5,223.9,200.5,197.8,198.2,218.1,180.6,180.1,180,40.6,84.6,62.3,7.003,6.997,40.925,853,204.8,13.6,220.232,2016-11-23 10:43,42.1,39
2016-11-23 9:29,Extruder 1,16-A-483,90310-000065100004,7050 0% 065T 1000W BK N/T,36551,1476,1250,500,2016-11-23 9:29,178,187.6,182.2,183,192.5,195,180.3,179.8,180,180,180.4,224.8,205.2,200,202.4,219.9,179.8,180,180,41,87.7,65.6,6.994,6.981,40.255,1197,211,14.5,226.969,2016-11-23 8:20,42.7,40.7
2016-11-23 8:54,Extruder 1,16-A-483,90310-000065100004,7050 0% 065T 1000W BK N/T,36551,1476,1250,250,2016-11-23 8:54,178.2,187.9,182,181.5,192.8,191.1,180,180,180,180,179,224.8,205.1,199.9,202.4,219.8,179.3,180,179.9,40.6,88.5,68,7.004,7.003,40.492,1175,210.8,13.5,222.913,2016-11-23 8:20,42.5,40.7
2016-11-23 8:19,Extruder 1,16-A-482,90310-000065100004,7050 0% 065T 1000W BK N/T,36551,1476,1250,1000,2016-11-23 8:19,178,187.8,183.4,182.9,193.4,194.8,180,180,180.1,180,180.1,225,205,200,202.2,220.4,180.2,180,180,40.6,86.6,67.8,7.001,7.007,40.403,1111,210.3,16.2,221.063,2016-11-23 5:22,42.6,40.7
2016-11-23 7:09,Extruder 1,16-A-482,90310-000065100004,7050 0% 065T 1000W BK N/T,36551,1476,1250,500,2016-11-23 7:09,178.1,187.9,183.8,183.3,194.3,194.3,180,179.9,180,180,180.4,225.1,204.5,200.3,202.2,219.4,180.8,180.2,180,41.1,85,68.6,7.001,6.989,40.472,1050,210.4,13.2,225.19,2016-11-23 5:22,42.5,40.6
2016-11-23 6:34,Extruder 1,16-A-482,90310-000065100004,7050 0% 065T 1000W BK N/T,36551,1791,1250,250,2016-11-23 6:34,178.7,188.5,183.8,182.3,191.7,191.6,180.7,180.1,180.6,179.9,179.7,225.6,204.7,201.2,203.8,220.9,180.6,180,179.9,41.5,86.3,68.8,7.001,7.003,40.715,955,210.5,13.5,219.711,2016-11-23 5:22,42.8,40.8
2016-11-23 5:21,Extruder 1,16-A-481,90310-000065100004,7050 0% 065T 1000W BK N/T,36551,1791,1250,1000,2016-11-23 5:21,178,187.4,182.6,182.8,191.1,191.4,180,179.8,180,180,181.3,225.1,204.1,199.9,201.8,220.2,179.2,180,180,43.1,87.6,67.6,7.001,7.025,41.068,1014,210.2,14.4,224.715,2016-11-23 3:08,42.8,40.7
2016-11-23 4:11,Extruder 1,16-A-481,90310-000065100004,7050 0% 065T 1000W BK N/T,36551,1791,1250,500,2016-11-23 4:11,178.1,188.5,184.2,181.7,191.4,192.1,180.2,180.1,180.1,180,181.4,225,204,200.1,201.5,220,180.3,180,180.1,41,85.3,68.3,6.998,6.999,41.064,1095,210.7,15.4,222.462,2016-11-23 3:08,43.1,40.6
2016-11-23 3:36,Extruder 1,16-A-481,90310-000065100004,7050 0% 065T 1000W BK N/T,36551,1791,1250,250,2016-11-23 3:36,178,187.8,183.1,181.7,194.5,192.6,180,180,180,180,180.5,225.1,203.9,199.9,201.3,220,180,180,180,41.5,85.3,68.2,6.996,6.991,41.068,1075,210.2,14.8,221.418,2016-11-23 3:08,43.2,40.5
2016-11-23 3:00,Extruder 1,16-A-480,90310-000065100004,7050 0% 065T 1000W BK N/T,36551,1791,1250,1000,2016-11-23 3:00,178,188.4,182.3,181,191.2,192.7,180,180,179.8,180,179.8,224.8,204,200,201.6,220,179.7,180,180,42.4,86.9,66,6.998,7.007,41.064,1115,210.1,15.4,224.905,2016-11-23 1:02,43.1,40.9
2016-11-23 1:51,Extruder 1,16-A-480,90310-000065100004,7050 0% 065T 1000W BK N/T,36551,1791,1250,500,2016-11-23 1:51,178.1,187.5,182.9,181.6,191.1,193.6,180,180.1,180,180.1,180.6,224.9,204.7,199.6,202.4,219.7,179.6,180.1,180,42.9,89.2,61.3,7.004,6.993,41.057,1215,210.3,14.7,222.747,2016-11-23 1:02,43.6,41.1
2016-11-23 1:16,Extruder 1,16-A-480,90310-000065100004,7050 0% 065T 1000W BK N/T,36551,1791,1250,250,2016-11-23 1:16,178.6,188.7,184.4,182.2,194.8,191.6,180.4,180,180.7,180,179.5,225.6,205.5,201.3,204.1,220.8,180.1,180,180,41.8,89,61.2,6.994,7.031,41.296,1185,211.1,14.6,224.122,2016-11-23 1:02,43.7,41
2016-11-22 23:56,Extruder 1,16-A-479,90310-000065100004,7050 0% 065T 1000W BK N/T,36551,1791,1250,1000,2016-11-22 23:56,178,187.6,182.3,184,193.7,194.9,180.1,179.8,180,180,180.4,225.1,204.6,199.9,201.9,220,180,180,180,41.4,87.6,61.2,6.996,7.037,41.8,1177,211.4,15.6,225.64,2016-11-22 21:37,43.3,41.2
2016-11-22 22:46,Extruder 1,16-A-479,90310-000065100004,7050 0% 065T 1000W BK N/T,36551,1731,1250,500,2016-11-22 22:46,178,188.1,184.2,180.2,192.2,195,180,179.8,180,180,180.1,224.9,204.5,199.9,201.9,219.9,180.3,180,179.7,42.2,85.3,61.1,7.001,7.039,41.697,1196,211.2,17.4,229.198,2016-11-22 21:37,43.5,40.9
2016-11-22 22:11,Extruder 1,16-A-479,90310-000065100004,7050 0% 065T 1000W BK N/T,36551,1731,1250,250,2016-11-22 22:11,177.9,189,182,181.3,193.5,191.3,180.1,180,180,180,180.6,224.8,204.4,200.1,202,219.8,180.1,180,180,41.7,84.6,61.4,7.003,7.011,41.781,1229,211,17.5,223.933,2016-11-22 21:37,43.4,41.3
2016-11-22 21:36,Extruder 1,16-A-478,90310-000065100004,7050 0% 065T 1000W BK N/T,36551,1731,1250,1000,2016-11-22 21:36,177.9,188.1,184.5,180.1,191.5,194.6,179.9,180,180.1,180,179.8,225,204.6,200.1,202.2,220.1,180,180,180,42.6,87.9,61.2,7.001,7.017,41.745,1210,211.1,21.1,219.236,2016-11-22 14:37,43.3,41.3
2016-11-22 20:26,Extruder 1,16-A-478,90310-000065100004,7050 0% 065T 1000W BK N/T,36551,1731,1250,500,2016-11-22 20:26,178,188.3,181.6,184.3,191.3,194.4,180.1,180,180,180,180.3,225,204.7,199.9,202.4,219.9,180,180,179.9,41.9,85.6,61.4,7.003,6.983,41.736,1229,211.6,16.1,223.624,2016-11-22 14:37,44,41.4
2016-11-22 19:51,Extruder 1,16-A-478,90310-000065100004,7050 0% 065T 1000W BK N/T,36551,1731,1250,250,2016-11-22 19:51,178,187.6,183.5,184.8,194.9,192.7,180,180,180,180,180.1,225,204.8,200,202.2,220,179.8,179.9,180,41.8,84.4,61.4,6.998,7.021,41.749,1207,211.6,16.2,228.416,2016-11-22 14:37,43.6,41.3
2016-11-22 19:06,Extruder 1,16-A-478,90310-000065100004,7050 0% 065T 1000W BK N/T,36551,1731,1250,250,2016-11-22 19:06,178.1,187.9,181.7,180.7,194.3,193.5,180,180,180,180,181,224.7,205.4,200.5,202.7,219.3,180.1,180,179.9,41.9,87.7,61.4,7.009,7.089,41.351,1186,211.3,19.1,227.206,2016-11-22 14:37,43.7,41.4
2016-11-22 17:48,Extruder 1,16-A-478,90310-000065100004,7050 0% 065T 1000W BK N/T,36551,1731,1250,500,2016-11-22 17:48,183.3,189.9,186.3,187,196.8,202.3,180.5,180.9,179.7,180,180.5,225.6,200.4,200.8,200.5,219.8,180.4,180,179.8,42.1,91.8,70.8,7.003,6.999,40.984,978,203.4,14.4,225.712,2016-11-22 14:37,43.6,41.3
2016-11-22 16:19,Extruder 1,16-A-478,90310-000065100004,7050 0% 065T 1000W BK N/T,36551,1731,1250,250,2016-11-22 16:19,178.2,187.6,184.6,184.9,192.3,191.2,180.1,179.8,180.4,180,180,225.1,205.5,201.3,203.8,219.9,180,180,179.8,42.5,87.5,61.6,7.003,6.991,40.982,1019,210.2,15.7,220.446,2016-11-22 14:37,44.1,41.7
2016-11-22 14:28,Extruder 1,16-A-477,90310-000065100004,7050 0% 065T 1000W BK N/T,36551,1476,1250,1000,2016-11-22 14:28,177.5,187.1,181.4,180.6,194.8,191.9,180,180.1,180,180,179.8,225.2,204.7,200.2,201.6,220.1,180.7,180.1,180.2,43.2,89.1,61.8,7.001,7.007,30.021,1233,208.2,18.8,205.977,2016-11-22 12:12,44.1,41.8
2016-11-22 13:18,Extruder 1,16-A-477,90310-000065100004,7050 0% 065T 1000W BK N/T,36551,1476,1250,500,2016-11-22 13:18,178,187.9,184.4,184.2,194.1,193.1,180,180.1,180.1,180.1,180,225.4,204.7,199.9,201.8,220.4,180,180,180.1,43.6,92.3,61.9,6.996,6.999,40.487,1207,209.4,14.3,219.07,2016-11-22 12:12,44.2,41.8
2016-11-22 12:43,Extruder 1,16-A-477,90310-000065100004,7050 0% 065T 1000W BK N/T,36551,1476,1250,250,2016-11-22 12:43,178,188,183.7,185.7,192.3,192.5,180,179.7,180,180,179.9,224.9,204.5,199.9,201.7,219.9,180,179.8,179.8,43.7,90.9,61.4,7.003,6.999,40.451,1145,209.1,16.3,220.707,2016-11-22 12:12,43.8,41.8
2016-11-22 12:08,Extruder 1,16-A-476,90310-000065100004,7050 0% 065T 1000W BK N/T,36551,1476,1250,1000,2016-11-22 12:08,178,188.2,181.6,185.8,194.1,192.5,180,180.4,179.9,180,179,225.1,204.3,200.1,201.6,219.9,180.2,180.1,180.2,43.2,89.4,61.4,7.001,7.001,40.433,1158,208,16.1,218.05,2016-11-22 4:03,43.8,42.1
2016-11-22 10:58,Extruder 1,16-A-476,90310-000065100004,7050 0% 065T 1000W BK N/T,36551,1476,1250,500,2016-11-22 10:58,178,188,182,180.2,192.1,193.8,180,180.2,180,180,179.6,224.9,204.1,199.9,201.6,219.6,180,180,180,43.5,88,61.7,7.001,6.999,40.367,1207,206.3,14.4,214.611,2016-11-22 4:03,43.8,41.9
2016-11-22 10:23,Extruder 1,16-A-476,90310-000065100004,7050 0% 065T 1000W BK N/T,36551,1476,1250,250,2016-11-22 10:23,178.1,187.8,183,181.4,193.7,192.1,179.7,180,180.3,180,181.1,225.1,204.7,200.5,203,220,180.8,180.1,180,42.8,87.5,61.4,7.003,6.999,40.415,1163,206,14.4,224.099,2016-11-22 4:03,43.8,41.5
2016-11-22 9:41,Extruder 1,16-A-476,90310-000065100004,7050 0% 065T 1000W BK N/T,36551,1476,1250,250,2016-11-22 9:41,180.5,189.1,181.6,185.7,194.3,191.4,181.4,180.9,181,180.2,181,225.7,202.3,202.3,202.2,220.3,181.5,180,180,43.2,87.8,61,6.998,7.017,41.645,1089,205.7,12.8,218.904,2016-11-22 4:03,43.7,41.4
2016-11-22 3:48,Extruder 1,16-A-475,90310-000045100004,7050 0% 045T 1000W BK N/T,36550,1791,1250,1000,2016-11-22 3:48,177.8,187.7,182.8,184.4,195.3,197.5,180,180,179.8,179.8,179.9,225,202.2,199.9,200.1,219.9,180,180,180,43.6,87.9,60.7,7.001,6.987,27.984,992,203.2,12.5,199.146,2016-11-22 1:35,43.5,41.7
2016-11-22 2:39,Extruder 1,16-A-475,90310-000045100004,7050 0% 045T 1000W BK N/T,36550,1791,1250,500,2016-11-22 2:39,177.8,187.1,184.3,183.7,190.2,194.7,180,180,180,180,180.6,225,202.4,199.9,200.2,219.7,180.1,180,180,41.3,91.5,61.1,7.003,7.003,28.062,988,202.9,12.7,200.949,2016-11-22 1:35,43.6,41.8
2016-11-22 2:04,Extruder 1,16-A-475,90310-000045100004,7050 0% 045T 1000W BK N/T,36550,1791,1250,250,2016-11-22 2:04,178.2,188,183.6,183.2,196.8,193.6,180,180,180.3,180,180.3,225.2,202.9,200.8,202,220.2,179.7,180,179.9,42.4,87.6,61,7.004,6.987,27.97,964,202.5,12.4,202.775,2016-11-22 1:35,43.6,41.8
2016-11-22 0:37,Extruder 1,16-A-474,90310-000045100004,7050 0% 045T 1000W BK N/T,36550,1791,1250,1000,2016-11-22 0:37,177.9,188.2,182.8,182.3,196.2,195.2,180,180,180,180,180,224.9,202,199.9,200,219.9,179.8,180,180,42.2,89.3,60.7,7.001,7.001,28.378,1044,203.4,11.9,203.676,2016-11-21 22:01,43.4,42.1
2016-11-21 23:27,Extruder 1,16-A-474,90310-000045100004,7050 0% 045T 1000W BK N/T,36550,1791,1250,500,2016-11-21 23:27,178.3,188.3,182.3,184.2,190.9,197.6,180,180.3,180,180.1,180.4,225,202.1,200.1,200.3,219.8,180.2,180,180,43.4,87.9,60.8,6.998,6.997,28.412,998,203.3,11.9,202.348,2016-11-21 22:01,43.4,41.3
2016-11-21 22:52,Extruder 1,16-A-474,90310-000045100004,7050 0% 045T 1000W BK N/T,36550,1731,1250,250,2016-11-21 22:52,178,188.4,183.7,184.7,196.2,197.9,180.5,180,180.3,180,179.4,225.2,202,200.7,201.2,220.6,180.3,179.9,180,42.7,89.8,61.3,6.998,7.007,28.371,1025,202.9,11.9,201.02,2016-11-21 22:01,43.4,41.7
2016-11-21 22:01,Extruder 1,16-A-473,90310-000045100004,7050 0% 045T 1000W BK N/T,36550,1731,1250,1000,2016-11-21 22:01,178.4,187.9,182.9,184.4,195.4,192.3,180,180,180,180,180.5,225,202,199.9,199.9,219.9,181,180.1,180,42.5,91.8,61.3,6.998,7.001,28.358,1104,203.2,12.8,197.343,2016-11-21 19:42,43.4,41.5
2016-11-21 20:51,Extruder 1,16-A-473,90310-000045100004,7050 0% 045T 1000W BK N/T,36550,1731,1250,500,2016-11-21 20:51,178,187.4,184.2,183.5,193.5,194,180,179.9,180,180,180.6,225.1,202,200,200,220,180.1,180,180.1,41.5,88.7,61.2,7.003,7.001,28.392,1060,202.9,12.2,202.775,2016-11-21 19:42,43.4,41.7
2016-11-21 20:16,Extruder 1,16-A-473,90310-000045100004,7050 0% 045T 1000W BK N/T,36550,1731,1250,250,2016-11-21 20:16,177.7,187.2,183.2,182.6,195,196.3,179.9,180,180,180,181.3,225,202.1,199.9,200,219.9,179.7,180,180,40.6,90.1,61.1,7.001,6.991,28.415,1059,202.8,12,198.221,2016-11-21 19:42,43.3,41.8
2016-11-21 19:41,Extruder 1,16-A-472,90310-000045100004,7050 0% 045T 1000W BK N/T,36550,1731,1250,1000,2016-11-21 19:41,178.7,188,182.2,181.3,190,197.7,180.2,180,180,180,180.1,225,202.1,200,200,220,180.1,180,180,41.9,91.8,61.2,6.998,7.011,28.412,1070,202.9,11.5,197.96,2016-11-21 16:26,43.3,41
2016-11-21 18:31,Extruder 1,16-A-472,90310-000045100004,7050 0% 045T 1000W BK N/T,36550,1731,1250,500,2016-11-21 18:31,178,188.4,182.6,184.1,193.2,197.3,179.9,180,180,180,179.3,224.8,202.3,199.8,199.9,219.7,180.2,180,180,42.8,89.2,61,6.998,7.001,28.364,996,202.4,11.4,201.589,2016-11-21 16:26,43.4,41.5
2016-11-21 17:56,Extruder 1,16-A-472,90310-000045100004,7050 0% 045T 1000W BK N/T,36550,1731,1250,250,2016-11-21 17:56,177.7,188.9,183.2,182.5,189.7,195.5,180.2,180,180.3,180.1,179.7,225.6,203.1,200.1,201.2,220.6,180.4,180,180,42.3,90,61.2,6.998,7.007,28.344,1067,202.3,13,195.043,2016-11-21 16:26,43.4,41.8
2016-11-21 15:14,Extruder 1,16-A-471,90310-000045100004,7050 0% 045T 1000W BK N/T,36550,1731,1250,1000,2016-11-21 15:14,177.9,187.8,183.1,184.4,195.4,189.1,180,180,180,180.1,179.3,215.1,200,200,200,215,180.2,180.1,180,42.8,91,61.4,7.001,6.999,28.387,1042,201.8,11,200.332,2016-11-21 12:59,43.4,41.5
2016-11-21 14:04,Extruder 1,16-A-471,90310-000045100004,7050 0% 045T 1000W BK N/T,36550,1476,1250,500,2016-11-21 14:04,177.8,188.7,182.7,181.3,192.4,189.7,180.2,180,180,180,180.5,215.1,199.9,200.1,200,215,179.7,180,180,41.2,90.2,61.4,6.994,6.991,28.442,1019,202,12.5,195.754,2016-11-21 12:59,43.6,41.7
2016-11-21 13:30,Extruder 1,16-A-471,90310-000045100004,7050 0% 045T 1000W BK N/T,36550,1476,1250,250,2016-11-21 13:30,178,188,183.3,181.7,195.2,191.7,179.9,179.8,180,180,179.4,214.8,199.9,199.9,199.9,214.8,180,180,180.1,43.3,92.4,61.1,7.001,6.997,28.203,933,201.5,12.6,199.858,2016-11-21 12:59,43.5,41.7
2016-11-21 12:54,Extruder 1,16-A-470,90310-000045100004,7050 0% 045T 1000W BK N/T,36550,1476,1250,1000,2016-11-21 12:54,178.1,187.9,182.9,182.8,190.6,194.6,179.7,180,179.8,180,180.6,214.9,199.9,199.8,199.9,214.9,180.1,180,180,42,90,61.1,6.998,6.981,27.977,997,201.2,12.7,197.154,2016-11-17 14:15,43.4,41.8
2016-11-21 11:45,Extruder 1,16-A-470,90310-000045100004,7050 0% 045T 1000W BK N/T,36550,1476,1250,500,2016-11-21 11:45,178.7,188,183.2,183.1,195.1,197.8,180.3,180.1,180.1,180.1,180.5,215,200,199.9,199.7,211.8,180.2,180,180,43.2,90.9,61.1,6.998,6.993,27.829,927,200.7,11.3,196.229,2016-11-17 14:15,43.4,41.6
2016-11-21 11:10,Extruder 1,16-A-470,90310-000045100004,7050 0% 045T 1000W BK N/T,36550,1476,1250,250,2016-11-21 11:10,177.9,188.2,183.4,181.8,189.8,197.2,180.2,180,180.3,179.9,180,215.2,200.3,200.1,200.5,212.6,180.4,180,179.9,43.1,90.8,61.1,7.001,6.999,28.187,935,200.1,13.1,197.438,2016-11-17 14:15,43.5,41.8
2016-11-21 3:07,Extruder 1,16-A-470,90310-000045100004,7050 0% 045T 1000W BK N/T,36550,1251,1250,1000,2016-11-21 3:07,176.7,185.4,178.5,178.7,192.7,183.3,179.7,179.9,180,180.1,180,207.9,199.1,198.6,198.4,207.6,180.9,180.1,179.2,41.9,87.2,77.6,6.998,6.999,23.007,654,193.9,11.3,195.541,2016-11-17 14:15,39.4,40.7
2015-02-26 1:00,Extruder 1,15-A-109,90310-000065060004,7050 0% 065T 600W BK N/T,26260,1476,1250,1000,2015-02-26 1:00,177.8,188.1,183.4,183.8,193,193,180,179.8,179.7,180,179.8,209.8,205,200,200.1,209.8,179.8,179.8,180,49,84.1,69.8,8.501,8.497,19.861,881,192.4,12.8,58.657,2015-02-25 23:06,35.4,35.9
2015-02-26 0:02,Extruder 1,15-A-109,90310-000065060004,7050 0% 065T 600W BK N/T,26260,1476,1250,500,2015-02-26 0:02,177.7,188,183.3,183.9,193,193,180,179.8,180,180.2,178.7,209.8,205,200.3,200.2,210.1,179.7,180.1,180,48.9,84.3,69,8.497,8.517,30.021,1208,192.4,13.1,196.395,2015-02-25 23:06,35,35.6
2015-02-25 23:33,Extruder 1,15-A-109,90310-000065060004,7050 0% 065T 600W BK N/T,26260,1476,1250,250,2015-02-25 23:33,177.5,187.9,182.3,183.9,193.1,192.6,180.2,180.1,180.1,180,180,210.3,205.4,199.9,199.9,209.7,180.3,180,180.1,48.9,84.2,69,8.499,8.515,30.073,1208,192.5,12.1,192.742,2015-02-25 23:06,35.1,36.1
2015-02-25 23:04,Extruder 1,15-A-108,90310-000065060004,7050 0% 065T 600W BK N/T,26260,1476,1250,1000,2015-02-25 23:04,178.5,188,182.3,183.7,193.2,193,179.8,180.2,180,180,180.2,209.8,204.8,200.1,200.2,210.1,180.5,180,180,49,84.2,69.5,8.497,8.499,30.091,1195,192.3,13.1,191.817,2015-02-25 21:09,35,33.2
2015-02-25 22:06,Extruder 1,15-A-108,90310-000065060004,7050 0% 065T 600W BK N/T,26260,1476,1250,500,2015-02-25 22:06,178.3,188.1,183.2,184,193,193.2,180.1,180,180.1,180,180,210.3,205.9,200.5,200.5,210,179.8,180,179.9,49.1,84.3,69.2,8.499,8.499,30.05,1199,192.4,14.1,194.45,2015-02-25 21:09,35.1,35.8
2015-02-25 21:37,Extruder 1,15-A-108,90310-000065060004,7050 0% 065T 600W BK N/T,26260,1476,1250,250,2015-02-25 21:37,177.8,188.1,182.9,183.3,192.7,193.1,180.3,180.5,180.3,180.2,180,210,205.2,200.6,200.4,210.5,180.6,180.1,180.2,48.7,83.9,69.1,8.499,8.509,30.059,1203,192.4,13.5,194.023,2015-02-25 21:09,35.1,35.7
2015-02-25 20:54,Extruder 1,15-A-107,90310-000065060004,7050 0% 065T 600W BK N/T,26260,1476,1250,1000,2015-02-25 20:54,178.7,188,182.7,183.7,193,192.8,180,180,180,180,179.3,210.2,205.1,200.2,199.9,209.9,180,180,180,49,84.2,69.2,8.501,8.495,19.893,982,192,13.4,172.343,2015-02-25 19:04,35.2,35.9
2015-02-25 19:56,Extruder 1,15-A-107,90310-000065060004,7050 0% 065T 600W BK N/T,26260,1476,1250,500,2015-02-25 19:56,178.3,187.9,184.1,182.6,193,193,179.6,180.1,180.1,180.1,179.4,210.2,205,199.9,199.6,210,179.8,180,180.1,48.5,83.9,68.9,8.501,8.533,30.212,1192,192,12.5,192.268,2015-02-25 19:04,34.9,35.5
2015-02-25 19:27,Extruder 1,15-A-107,90310-000065060004,7050 0% 065T 600W BK N/T,26260,1476,1250,250,2015-02-25 19:27,177.9,187.9,182.1,183.8,193.1,192.9,180.3,180.2,180,179.7,178.7,210,205.1,199.9,200.3,210.6,180.4,180.1,180.1,48.3,83.9,68.9,8.497,8.515,30.164,1183,192.7,12.3,195.588,2015-02-25 19:04,35,35.6
2015-02-25 18:59,Extruder 1,15-A-106,90310-000065060004,7050 0% 065T 600W BK N/T,26260,1546,1250,1000,2015-02-25 18:59,178,188.1,183.1,181.6,193,193,179.7,180,180,180,180.6,209.7,204.9,199.9,199.8,210,180.2,180,180,48.3,84,68.8,8.499,8.517,30.191,1193,191.9,12.8,189.991,2015-02-25 17:03,35,35.5
2015-02-25 18:01,Extruder 1,15-A-106,90310-000065060004,7050 0% 065T 600W BK N/T,26260,1546,1250,500,2015-02-25 18:01,177.8,188,182.9,183.8,193.1,193,180.2,180,179.8,180,179.7,210.1,205.4,200.3,199.9,209.6,181,180,180.1,48.7,83.8,68.8,8.501,8.505,30.187,1197,192.5,13.4,192.339,2015-02-25 17:03,35.1,35.6
2015-02-25 17:32,Extruder 1,15-A-106,90310-000065060004,7050 0% 065T 600W BK N/T,26260,1546,1250,250,2015-02-25 17:32,178.1,188,182.6,183.9,193,193.2,180.1,179.9,180.3,180.1,178.8,210,204.7,200.2,200,210,179.5,179.9,180,48.6,83.8,69.2,8.499,8.517,30.342,1194,192.4,13.5,194.829,2015-02-25 17:03,35.2,35.6
2015-02-25 16:05,Extruder 1,15-A-105,90310-000065060004,7050 0% 065T 600W BK N/T,26260,1546,1250,500,2015-02-25 16:05,178.2,188,182.9,182.9,192.8,193,179.8,180,179.9,179.7,180.5,210.1,205.5,200.2,200.1,209.7,179.7,180,180,48.6,83.8,69.3,8.506,8.509,30.257,1170,192.1,14,193.335,2015-02-25 15:02,35.2,35.5
2015-02-25 15:37,Extruder 1,15-A-105,90310-000065060004,7050 0% 065T 600W BK N/T,26260,1546,1250,250,2015-02-25 15:37,178.3,187.8,182.5,182.2,192.6,193,180.3,180.3,180.3,180.3,179.8,209.6,204.6,200.3,200.5,210.2,180.8,180.1,180,48.7,83.9,69.3,8.507,8.523,30.314,1172,192.4,12.3,193.074,2015-02-25 15:02,35.2,35.5
2015-02-25 14:57,Extruder 1,15-A-104,90310-000065060004,7050 0% 065T 600W BK N/T,26260,1546,1250,1000,2015-02-25 14:57,178.1,188,183.4,182.8,193,192.8,179.9,180.1,180.2,179.9,180,210.1,205.1,200,200.1,210.2,179.6,180.1,180.1,49,84.2,69.5,8.499,8.529,30.146,1175,192.2,14.2,191.675,2015-02-25 13:02,35.2,35.7
2015-02-25 13:59,Extruder 1,15-A-104,90310-000065060004,7050 0% 065T 600W BK N/T,26260,1546,1250,500,2015-02-25 13:59,178.8,188,183.5,183.5,193.1,193,179.9,180,180,180,178.6,210,204.9,200,199.8,210,180.2,180,180,48.6,83.9,69.2,8.497,8.517,30.166,1173,192.3,12.7,195.043,2015-02-25 13:02,35.2,35.6
2015-02-25 13:30,Extruder 1,15-A-104,90310-000065060004,7050 0% 065T 600W BK N/T,26260,1546,1250,250,2015-02-25 13:30,178,187.9,182.3,181.4,193.1,193,180,179.8,179.8,180,179.9,210.1,205.2,200.3,200,210,180.6,180,180.2,48.9,84.3,69.4,8.494,8.529,30.137,1180,192.1,13.2,190.963,2015-02-25 13:02,35.3,35.5
2015-02-25 12:04,Extruder 1,15-A-103,90310-000065060004,7050 0% 065T 600W BK N/T,26260,1546,1250,500,2015-02-25 12:04,178.5,187.9,183.2,183.7,192.9,193,180,180,180.1,180,179.8,210.1,205.5,200.3,200.2,210,179.7,179.9,180,48.9,83.9,69.5,8.501,8.527,30.175,1179,192.2,12.4,190.512,2015-02-25 11:03,35.2,35.5
2015-02-25 11:35,Extruder 1,15-A-103,90310-000065060004,7050 0% 065T 600W BK N/T,26260,1546,1250,250,2015-02-25 11:35,178.4,187.8,183.5,182.6,192.7,193,180.2,180.2,180.1,180,180.2,210.3,205.1,200.3,200.4,210.3,180,180,180,48.7,83.8,69.5,8.497,8.543,30.185,1174,192.4,13.1,192.078,2015-02-25 11:03,35.1,35.5
2015-02-25 10:57,Extruder 1,15-A-102,90310-000065060004,7050 0% 065T 600W BK N/T,26260,1546,1250,1000,2015-02-25 10:57,178.2,188,183.6,183.7,193,193.1,180,180,179.8,180.1,180.1,210,204.8,199.9,199.9,209.8,180.7,180.1,180,49,84.2,69.8,8.499,8.515,7.79,1162,192.3,13.9,0,2015-02-25 9:04,35,35.4
2015-02-25 9:59,Extruder 1,15-A-102,90310-000065060004,7050 0% 065T 600W BK N/T,26260,1546,1250,500,2015-02-25 9:59,177.4,188.1,183.2,183.2,193,193.2,179.7,180.1,180.1,180,180.1,209.9,205.1,199.8,200,210.1,179.6,180,180,48.5,84.3,69.4,8.497,8.535,30.185,1195,192.3,12.3,191.603,2015-02-25 9:04,35.1,35.4
2015-02-25 9:30,Extruder 1,15-A-102,90310-000065060004,7050 0% 065T 600W BK N/T,26260,1546,1250,250,2015-02-25 9:30,177.8,188,183.4,183.7,193,193,180,180,180,180,181.1,210.1,205.2,200.1,200.1,210.1,180.5,180.1,180.2,48.6,84.3,69.5,8.501,8.512,30.1,1205,192.3,13.1,194.023,2015-02-25 9:04,35.3,35.5
2015-02-25 9:01,Extruder 1,15-A-101,90310-000065060004,7050 0% 065T 600W BK N/T,26260,1546,1250,1000,2015-02-25 9:01,178.3,188,183,183.8,192.9,193,180.1,180,180,180,180,210,205.2,199.6,199.7,209.6,180.3,180,179.9,48.8,84.5,69.9,8.499,8.529,30.125,1204,192.4,13.5,191.603,2015-02-25 6:59,35.1,35.4
2015-02-25 8:04,Extruder 1,15-A-101,90310-000065060004,7050 0% 065T 600W BK N/T,26260,1546,1250,500,2015-02-25 8:04,178.5,188,181.7,183.8,192.9,193.1,180,180.3,180,179.7,179.8,210.1,205.4,200.2,200.6,210.2,180,180.1,180,48.7,84.2,69.8,8.497,8.527,30.264,1215,192.3,13.4,198.102,2015-02-25 6:59,35.4,35.6
2015-02-25 7:35,Extruder 1,15-A-101,90310-000065060004,7050 0% 065T 600W BK N/T,26260,1546,1250,250,2015-02-25 7:35,178.2,187.8,183.3,181.9,192.6,193.1,180.6,180.3,179.9,179.6,180,210.1,205.7,201.2,201.2,210.3,180,179.8,180,49,84.2,69.9,8.499,8.533,30.287,1198,192.7,11.5,197.913,2015-02-25 6:59,35.2,35.5
2015-02-25 6:51,Extruder 1,15-A-100,90310-000065060004,7050 0% 065T 600W BK N/T,26260,1731,1250,1000,2015-02-25 6:51,178.6,188,182.6,183.5,193.1,192.8,180.1,180.2,180.3,180,179.7,210,205,199.8,199.9,210,180,180,180,48.9,84.3,69.3,8.499,8.505,30.262,1200,192.4,14.3,196.822,2015-02-25 4:58,35.3,35.7
2015-02-25 5:53,Extruder 1,15-A-100,90310-000065060004,7050 0% 065T 600W BK N/T,26260,1731,1250,500,2015-02-25 5:53,178.3,188,183.3,183.3,193.1,193.1,180,180,179.9,180,179.9,209.9,204.9,200,199.8,209.7,179.4,179.8,179.9,48.7,84.3,69.1,8.501,8.533,30.257,1154,192.2,11.8,190.441,2015-02-25 4:58,35.4,35.7
2015-02-25 5:24,Extruder 1,15-A-100,90310-000065060004,7050 0% 065T 600W BK N/T,26260,1731,1250,250,2015-02-25 5:24,176.3,188.1,182,183.9,193,193.1,179.8,179.8,179.7,179.7,180.9,210.1,205.1,199.7,200.1,210.1,180.8,180,180,48.8,84.4,69.2,8.506,8.507,30.264,1159,191.9,12.8,190.797,2015-02-25 4:58,35.6,35.9
2015-02-25 4:55,Extruder 1,15-A-99,90310-000065060004,7050 0% 065T 600W BK N/T,26260,1731,1250,1000,2015-02-25 4:55,178.1,187.9,182.9,182.7,192.9,193,180.1,180,180.3,180.1,179.1,209.9,204.7,199.9,199.9,210,180.5,180,180,49.2,84.7,69.6,8.506,8.509,30.26,1152,192.1,13.6,187.832,2015-02-25 3:00,35.3,35.8
2015-02-25 3:57,Extruder 1,15-A-99,90310-000065060004,7050 0% 065T 600W BK N/T,26260,1731,1250,500,2015-02-25 3:57,176.5,187.8,182.5,184.2,193,192.9,180,180.1,180,180,179.5,210,205.2,200.6,200.2,210,180.3,180,180,49,84.7,69.4,8.501,8.515,30.255,1164,192.3,11.7,194.331,2015-02-25 3:00,35.4,35.8
2015-02-25 3:29,Extruder 1,15-A-99,90310-000065060004,7050 0% 065T 600W BK N/T,26260,1731,1250,250,2015-02-25 3:29,176.8,187.9,183.2,181.3,192.7,193.1,180.1,180.1,180,180.1,180.8,210.4,205.4,200.3,200.4,210.3,181.1,180.1,180,48.7,84.4,69.3,8.501,8.523,30.264,1172,192.2,11.9,191.105,2015-02-25 3:00,35.4,35.6
2015-02-25 2:48,Extruder 1,15-A-98,90310-000065060004,7050 0% 065T 600W BK N/T,26260,1731,1250,1000,2015-02-25 2:48,177.1,188,183,183.6,192.9,193,180.1,180.1,180.3,180.2,180,210,205,199.9,200.1,210.1,180.8,180.1,180,48.7,84.4,68.9,8.503,8.527,30.246,1182,192.4,13.1,196.039,2015-02-25 0:56,35.2,35.6
2015-02-25 1:50,Extruder 1,15-A-98,90310-000065060004,7050 0% 065T 600W BK N/T,26260,1731,1250,500,2015-02-25 1:50,178.3,188.1,182.8,183.9,193,193,180.1,180.1,180,179.8,179.4,209.9,205.1,200.2,200,210,180,180,180,49,84.6,69.2,8.501,8.535,30.273,1170,192.3,11.5,190.56,2015-02-25 0:56,35.3,35.6
2015-02-25 1:21,Extruder 1,15-A-98,90310-000065060004,7050 0% 065T 600W BK N/T,26260,1731,1250,250,2015-02-25 1:21,178.2,188.1,183.7,183.2,193,193.2,180,179.7,180,180,179.8,209.5,204.3,199.8,199.9,210.3,180.8,180.1,180,49,84.4,69.2,8.499,8.539,30.301,1174,192,12.8,187.737,2015-02-25 0:56,35.4,35.6
2015-02-25 0:52,Extruder 1,15-A-97,90310-000065060004,7050 0% 065T 600W BK N/T,26260,1731,1250,1000,2015-02-25 0:52,179.2,187.9,183.3,183.8,193,193,179.9,180,179.9,180,181.1,210,205,200.1,200.1,210.2,179.7,180,180,48.9,84.4,54.9,8.503,8.523,30.296,1172,191.9,11.7,196.466,2015-02-24 22:58,35.2,35.6
2015-02-24 23:54,Extruder 1,15-A-97,90310-000065060004,7050 0% 065T 600W BK N/T,26260,1731,1250,500,2015-02-24 23:54,178.4,187.9,183,183.7,193,193.2,180,180,180,180,180.3,210.3,205.5,200.3,200,209.9,180.5,180,180,48.7,83.9,57.4,8.503,8.499,30.262,1173,192.1,11.9,192.434,2015-02-24 22:58,35.2,35.8
2015-02-24 23:25,Extruder 1,15-A-97,90310-000065060004,7050 0% 065T 600W BK N/T,26260,1731,1250,250,2015-02-24 23:25,178.3,188,183.2,183.7,192.7,193.2,180,180,180,180,180.2,210.2,205.6,200.8,200.7,210.2,179.7,180.1,180.1,48.6,84.1,57.6,8.499,8.533,30.262,1174,192,12.1,192.41,2015-02-24 22:58,35.3,35.8
2015-02-24 22:44,Extruder 1,15-A-96,90310-000065060004,7050 0% 065T 600W BK N/T,26260,1731,1250,1000,2015-02-24 22:44,178,188,181.7,184.1,193,193,180.1,180.3,180.5,180.1,180.7,209.4,205,200.1,200.4,210.3,180.2,180.1,180,49.1,84.6,58.3,8.501,8.492,30.289,1193,192.4,12.8,195.327,2015-02-24 20:59,35.4,35.9
2015-02-24 21:46,Extruder 1,15-A-96,90310-000065060004,7050 0% 065T 600W BK N/T,26260,1731,1250,500,2015-02-24 21:46,178.2,188,183.5,182.6,193,193,180.1,180,180.2,180.1,179.5,210.3,204.8,199.7,199.8,210.1,179.7,180,180,49.2,84.7,58.1,8.501,8.517,30.312,1186,192.4,11.9,195.873,2015-02-24 20:59,35.4,35.9
2015-02-24 21:18,Extruder 1,15-A-96,90310-000065060004,7050 0% 065T 600W BK N/T,26260,1731,1250,250,2015-02-24 21:18,178.7,188,183,183.7,193.1,193,180,180,179.8,180,180.5,209.8,205,200.4,200,210.1,180,180,180,49.1,84.7,58.1,8.499,8.509,30.228,1181,192.7,12.6,193.786,2015-02-24 20:59,35.4,35.8
2015-02-24 20:49,Extruder 1,15-A-95,90310-000065060004,7050 0% 065T 600W BK N/T,26260,1731,1250,1000,2015-02-24 20:49,176.5,188,183.1,182.4,192.9,193,180.3,180,180,180,180.1,210.1,205.1,199.7,199.9,210,180,179.8,179.8,49,84.5,57.9,8.499,8.527,30.312,1168,192.7,12.9,192.457,2015-02-24 18:56,35.3,35.8
2015-02-24 19:51,Extruder 1,15-A-95,90310-000065060004,7050 0% 065T 600W BK N/T,26260,1731,1250,500,2015-02-24 19:51,178.5,188.1,182.3,183,192.9,193,179.9,180.1,180,180,180.8,210.3,205.1,199.9,199.7,210,179.4,180,180,48.7,84.2,57.7,8.501,8.519,30.271,1179,192.1,14.1,189.516,2015-02-24 18:56,35.4,35.8
2015-02-24 19:22,Extruder 1,15-A-95,90310-000065060004,7050 0% 065T 600W BK N/T,26260,1731,1250,250,2015-02-24 19:22,178.1,188,181.6,182.7,193,193.3,180,180,180,180.1,181,210.2,205.1,200.2,200.2,210.2,180.3,180,180,48.9,84,58.4,8.507,8.502,30.296,1178,192.4,12.2,191.793,2015-02-24 18:56,35.2,35.8
2015-02-24 18:53,Extruder 1,15-A-94,90310-000065060004,7050 0% 065T 600W BK N/T,26260,1251,1250,1000,2015-02-24 18:53,178.2,188.1,183.2,182,192.8,192.8,179.7,179.8,179.9,179.8,179.6,209.9,204.7,199.5,200,210.1,180.1,180,180,48.8,84.5,58,8.503,8.523,30.246,1174,192.1,12.1,193.667,2015-02-24 17:10,35.2,35.5
2015-02-24 17:56,Extruder 1,15-A-94,90310-000065060004,7050 0% 065T 600W BK N/T,26260,1251,1250,500,2015-02-24 17:56,178.2,188,183.5,184.1,193,193,179.7,180,180,180,178.7,210.3,205.1,200.3,200,210.2,179.7,180,180,49,84.5,58,8.503,8.515,30.239,1173,192.3,13.1,193.928,2015-02-24 17:10,35.4,35.8
2015-02-24 17:27,Extruder 1,15-A-94,90310-000065060004,7050 0% 065T 600W BK N/T,26260,1251,1250,250,2015-02-24 17:27,177.7,187.9,183.3,183.8,193.1,193,180.4,180.3,180.6,180.3,179.5,209.3,204.7,200,200,210.1,180,180,180,48.9,84.3,58.1,8.501,8.525,30.276,1185,192.6,13.3,196.49,2015-02-24 17:10,35.4,35.8
2015-02-24 16:58,Extruder 1,15-A-93,90310-000065060004,7050 0% 065T 600W BK N/T,26260,1251,1250,1000,2015-02-24 16:58,178.1,188.2,182.6,183.5,193.1,193,180,179.7,179.5,179.9,181.1,210.4,205.3,200,200.1,209.8,180,180,180,49,84.3,58.1,8.499,8.515,30.483,1174,192.3,14,194.924,2015-02-24 15:16,35.5,35.8
2015-02-24 16:00,Extruder 1,15-A-93,90310-000065060004,7050 0% 065T 600W BK N/T,26260,1251,1250,500,2015-02-24 16:00,176.3,187.9,183.3,183.9,192.9,193,180,179.9,180.3,179.9,178.9,209.6,205,199.8,200.1,210.2,180.1,180,180,48.9,84.3,57.6,8.503,8.527,30.508,1171,192.6,11.7,193.311,2015-02-24 15:16,35.6,36
2015-02-24 15:31,Extruder 1,15-A-93,90310-000065060004,7050 0% 065T 600W BK N/T,26260,1251,1250,250,2015-02-24 15:31,178.4,187.9,183.6,181.6,193.1,193.1,180,180.1,180,180.2,180.9,210,204.9,200,199.9,210,180,179.8,180,48.8,84.2,58.1,8.499,8.512,30.453,1191,192.4,12.2,190.797,2015-02-24 15:16,35.4,35.8
2015-02-24 15:03,Extruder 1,15-A-92,90310-000065060004,7050 0% 065T 600W BK N/T,26260,1251,1250,1000,2015-02-24 15:03,178.3,188,183.2,183.2,192.9,192.8,179.9,180,180,180,181.4,210,205.1,199.8,199.9,209.8,180.2,180.2,180,48.9,84.4,57.7,8.503,8.543,30.442,1186,192.4,12.8,197.723,2015-02-24 13:08,35.2,35.7
2015-02-24 14:05,Extruder 1,15-A-92,90310-000065060004,7050 0% 065T 600W BK N/T,26260,1251,1250,500,2015-02-24 14:05,178.1,188,183.7,183.9,193,193,179.8,180.2,179.9,180,179.9,210.3,205.5,200.1,200.2,210.2,180.4,180.1,180,48.6,84.4,57.8,8.497,8.519,30.478,1181,192.3,14.2,195.493,2015-02-24 13:08,35.2,35.8
2015-02-24 13:36,Extruder 1,15-A-92,90310-000065060004,7050 0% 065T 600W BK N/T,26260,1251,1250,250,2015-02-24 13:36,177.8,188,182.9,183.8,192.7,193.2,180.4,180.2,180.4,180.2,180.2,210,205.3,200.4,200.2,210,180.9,180,180,48.7,84.5,57.9,8.501,8.525,30.474,1172,192.7,11.5,191.532,2015-02-24 13:08,35.4,35.7
2015-02-24 13:04,Extruder 1,15-A-91,90310-000065060004,7050 0% 065T 600W BK N/T,26260,1251,1250,1000,2015-02-24 13:04,176.5,186.2,181.5,181.6,191.4,192.5,179.7,179.1,179.5,179.8,179.6,210.1,204.7,199.5,199.7,209.8,180,180,180,48.7,83.4,57.7,8.506,8.527,27.911,1258,191.5,11.3,192.955,2015-02-24 11:16,35.2,35.7
2015-02-24 12:02,Extruder 1,15-A-91,90310-000065060004,7050 0% 065T 600W BK N/T,26260,1251,1250,500,2015-02-24 12:02,178.1,188.1,183.7,184.1,193,193.1,179.9,179.7,179.7,180,179.6,210.3,205.1,200.1,199.8,209.7,180.3,180,180,48.7,84.6,58.2,8.497,8.529,30.444,1167,192.4,11.7,193.145,2015-02-24 11:16,35.2,35.7
2015-02-24 11:33,Extruder 1,15-A-91,90310-000065060004,7050 0% 065T 600W BK N/T,26260,1251,1250,250,2015-02-24 11:33,178.1,188.1,183.8,183.7,193,192.7,180.2,179.8,180.2,179.9,178.9,210,205.4,200.3,200.4,210.1,179.8,180.1,180,48.7,84.2,58.1,8.49,8.497,30.929,1174,192.5,12.3,193.169,2015-02-24 11:16,35.2,35.7
2015-02-24 11:04,Extruder 1,15-A-90,90310-000065060004,7050 0% 065T 600W BK N/T,26260,1251,1250,1000,2015-02-24 11:04,178.1,188.3,183.2,183.2,193.2,193.3,180,179.9,179.7,180,180.7,210,205.3,200.2,200,210,180.3,180,179.9,48.7,84.6,57.9,8.492,8.507,30.465,1168,192.3,12.9,187.334,2015-02-24 9:19,35.2,35.6
2015-02-24 10:06,Extruder 1,15-A-90,90310-000065060004,7050 0% 065T 600W BK N/T,26260,1251,1250,500,2015-02-24 10:06,178,187.9,182.6,182.6,193.1,193,180.1,180.1,179.8,180.1,180,210.1,205,199.9,200.2,210.3,179.7,180,180.1,48.5,84.3,57.4,8.492,8.519,28.46,1193,192.2,14.1,186.48,2015-02-24 9:19,35.3,35.5
2015-02-24 9:37,Extruder 1,15-A-90,90310-000065060004,7050 0% 065T 600W BK N/T,26260,1251,1250,250,2015-02-24 9:37,178.1,187.9,183.4,182.4,193,193,179.9,180.1,180.3,180.1,181.3,209.9,204.7,199.9,200,210.1,180,180.1,180,48.5,84.3,57.7,8.497,8.512,28.41,1193,191.8,12.9,188.852,2015-02-24 9:19,35.3,35.7
2015-02-24 9:08,Extruder 1,15-A-89,90310-000065060004,7050 0% 065T 600W BK N/T,26260,1251,1250,1000,2015-02-24 9:08,178,188.1,183.1,183.4,192.8,192.9,180.1,180,180,180.2,180.9,209.9,204.8,200,199.8,209.7,180.4,180,180,48.6,84.5,57.5,8.492,8.525,28.419,1190,192.2,11.8,187.097,2015-02-24 7:23,35.3,35.8
2015-02-24 8:10,Extruder 1,15-A-89,90310-000065060004,7050 0% 065T 600W BK N/T,26260,1251,1250,500,2015-02-24 8:10,178.1,188.1,183.1,182.9,193.1,192.7,180,180.3,180.1,179.8,179.7,210,205.3,200.1,200,210,181,180,180,48.5,84.5,57.6,8.49,8.512,28.581,1189,192,12.5,187.5,2015-02-24 7:23,35.3,35.8
2015-02-24 7:41,Extruder 1,15-A-89,90310-000065060004,7050 0% 065T 600W BK N/T,26260,1251,1250,250,2015-02-24 7:41,178,187.9,183.2,183.2,193,192.8,180,180.3,180,179.8,179.6,209.5,204.8,200.1,200.1,210,179.4,179.9,180,48.6,84.6,57.8,8.49,8.529,28.615,1186,192.2,12.5,193.24,2015-02-24 7:23,35.4,35.8
2015-02-24 7:13,Extruder 1,15-A-88,90310-000065060004,7050 0% 065T 600W BK N/T,26260,1251,1250,1000,2015-02-24 7:13,178,188.1,183.1,183.2,193,193,180.2,179.9,179.9,180,179.3,210,205.1,200,200.2,210.1,179.8,180,180,48.8,84.8,58,8.49,8.515,28.563,1191,192.3,13,190.014,2015-02-24 5:20,35.1,35.7
2015-02-24 6:15,Extruder 1,15-A-88,90310-000065060004,7050 0% 065T 600W BK N/T,26260,1731,1250,500,2015-02-24 6:15,178,188,183.4,183.4,192.9,192.9,180.1,180,179.9,180,180,210,204.8,200,200.1,209.9,179.8,179.8,180,48.5,84.6,57.8,8.49,8.507,28.574,1195,192.3,12.9,185.911,2015-02-24 5:20,35.1,35.8
2015-02-24 5:46,Extruder 1,15-A-88,90310-000065060004,7050 0% 065T 600W BK N/T,26260,1731,1250,250,2015-02-24 5:46,178,188,182.9,182.3,192.8,192.5,180.3,179.8,180,180,179.6,209.8,205.1,200,199.9,209.7,179.7,180,180,48.5,84.3,58,8.485,8.509,28.54,1195,192.4,13,185.65,2015-02-24 5:20,35.1,35.7
2015-02-24 5:16,Extruder 1,15-A-87,90310-000065060004,7050 0% 065T 600W BK N/T,26260,1731,1250,1000,2015-02-24 5:16,178.1,188,183.8,183,192.9,193.2,179.7,179.7,179.7,179.8,180.4,210.8,205.7,200.4,200.1,210.3,179.4,180,180,48.4,84.2,57.7,8.494,8.505,28.629,1200,192,13.3,182.97,2015-02-23 18:01,35.3,35.5
2015-02-24 4:19,Extruder 1,15-A-87,90310-000065060004,7050 0% 065T 600W BK N/T,26260,1731,1250,500,2015-02-24 4:19,178.3,188.1,183.3,183.2,193.2,193.5,180.6,180,180.5,180,180.1,210.1,200.2,200.2,200.4,210,179.8,180,180,48.5,79.9,58.1,8.49,8.512,28.547,1194,192.7,13.1,182.4,2015-02-23 18:01,35.4,35.7
2015-02-24 3:50,Extruder 1,15-A-87,90310-000065060004,7050 0% 065T 600W BK N/T,26260,1731,1250,250,2015-02-24 3:50,178.3,188.5,183.5,183.6,193,193.3,180,180,180,180.1,180,209.5,199.8,199.9,199.6,209.5,180.7,180.1,180.1,48,79.8,57.8,8.497,8.517,28.592,1202,191.4,13.1,187.192,2015-02-23 18:01,35.2,35.5
2015-02-24 2:43,Extruder 1,15-A-87,90310-000065060004,7050 0% 065T 600W BK N/T,26260,1731,1250,500,2015-02-24 2:43,177.8,187.8,182.8,182.9,192.3,192.8,179.8,180.1,180,180.3,180.7,205,200.6,201.1,201.1,203.8,180.4,180.1,180,43.4,61,53.5,5.501,5.533,19.241,1148,189.1,12.7,173.956,2015-02-23 18:01,27.6,27.6
2015-02-13 14:43,Extruder 1,15-A-76,90310-000065060004,7050 0% 065T 600W BK N/T,26082,1731,1250,1000,2015-02-13 14:43,178.4,188,183.6,182.8,193,193,179.9,180,179.8,180,181.4,210.3,200,199.7,200.2,200,179.9,180,180.1,48,82.7,66.6,8.2,8.191,19.923,1020,192.3,13,165.085,2015-02-13 12:48,63.1,65.2
2015-02-13 13:44,Extruder 1,15-A-76,90310-000065060004,7050 0% 065T 600W BK N/T,26082,1731,1250,500,2015-02-13 13:44,178,187.8,182.5,183.3,192.8,193.1,180.3,180.2,180,179.9,179.7,210.1,200.5,200.1,200,200.2,179.7,180,180,48.1,83.1,60.8,8.197,8.195,30.155,1210,192.8,13.3,186.86,2015-02-13 12:48,63.4,65.3
2015-02-13 13:15,Extruder 1,15-A-76,90310-000065060004,7050 0% 065T 600W BK N/T,26082,1731,1250,250,2015-02-13 13:15,177.9,187.8,183.2,182.5,192.7,193.2,180.3,180.3,179.7,180.1,180,209.8,200.2,200.6,200.7,200.2,180.2,180,180,47.9,83.2,60.2,8.202,8.212,30.162,1207,192.6,12.8,184.701,2015-02-13 12:48,63.4,65.3
2015-02-13 12:32,Extruder 1,15-A-75,90310-000065060004,7050 0% 065T 600W BK N/T,26082,1731,1250,1000,2015-02-13 12:32,178.4,187.9,183.6,183.4,192.9,193.1,180,180.3,180.4,180,180,209.9,200,200.1,200.5,200.1,180.3,180,180,47.9,83.3,60.6,8.2,8.191,30.162,1230,192.6,12,186.124,2015-02-13 10:42,63.3,66.1
2015-02-13 11:32,Extruder 1,15-A-75,90310-000065060004,7050 0% 065T 600W BK N/T,26082,1731,1250,500,2015-02-13 11:32,177.7,187.9,183.2,183.6,193,193.2,180,180,179.9,180,180,210,200,200.5,200,199.6,180.1,180,179.9,47.7,82.9,60.2,8.197,8.191,30.189,1249,192.7,13.5,186.029,2015-02-13 10:42,63,64.7
2015-02-13 11:03,Extruder 1,15-A-75,90310-000065060004,7050 0% 065T 600W BK N/T,26082,1731,1250,250,2015-02-13 11:03,178.3,188.1,182.6,183.5,193,193.2,180,180,180,179.9,178.7,209.8,199.6,199.9,200.2,200,180.7,180,180,47.7,83,60.2,8.204,8.175,30.333,1251,192.7,12.9,190.323,2015-02-13 10:42,63,64.5
2015-02-13 10:33,Extruder 1,15-A-74,90310-000065060004,7050 0% 065T 600W BK N/T,26082,1731,1250,1000,2015-02-13 10:33,177.8,188.1,183,181.8,193,193.2,180,180.1,180,180.1,180.2,209.9,199.9,199.9,200.1,200.2,180,180,180.1,47.9,82.6,60.7,8.202,8.207,30.362,1239,192.8,11.7,187.998,2015-02-13 8:41,63,65.7
2015-02-13 9:34,Extruder 1,15-A-74,90310-000065060004,7050 0% 065T 600W BK N/T,26082,1731,1250,500,2015-02-13 9:34,177.8,188,184,181.1,192.9,192.9,180.3,180,180.2,180,180.3,210.1,200.5,200.3,200.3,200.2,180.1,180,179.9,47.9,82.9,60.8,8.204,8.201,30.378,1233,192.9,13.1,184.322,2015-02-13 8:41,63.2,64.9
2015-02-13 9:04,Extruder 1,15-A-74,90310-000065060004,7050 0% 065T 600W BK N/T,26082,1731,1250,250,2015-02-13 9:04,178.2,188,182.1,181.6,192.6,193.1,180.3,180,179.7,180,181.1,210.6,201.3,201,201.1,200.2,179.8,179.9,180,48,83,60.8,8.197,8.215,30.481,1225,192.7,13.5,185.863,2015-02-13 8:41,63.2,65.2
2015-02-13 8:16,Extruder 1,15-A-73,90310-000065060004,7050 0% 065T 600W BK N/T,26082,1731,1250,1000,2015-02-13 8:16,178,188,182.4,181.2,193,193.1,180.3,180.1,179.8,179.9,179.8,210,200.1,200.8,200.3,199.9,180.6,180,180.1,48.1,82.7,61.2,8.2,8.201,30.492,1229,192.8,13.5,176.399,2015-02-13 6:17,63.5,65.8
2015-02-13 7:16,Extruder 1,15-A-73,90310-000065060004,7050 0% 065T 600W BK N/T,26082,1731,1250,500,2015-02-13 7:16,178,187.9,182.9,183.7,192.9,193,180,180.1,180,179.9,180.5,209.5,199.9,199.9,200.1,200.1,180.8,180.1,180,48.2,83.3,60.9,8.195,8.195,30.456,1228,192.7,13.5,185.674,2015-02-13 6:17,63.6,65.4
2015-02-13 6:47,Extruder 1,15-A-73,90310-000065060004,7050 0% 065T 600W BK N/T,26082,1546,1250,250,2015-02-13 6:47,178,187.8,182,183.4,192.5,192.8,180,180.1,180,180,179.6,210.3,200.6,200.3,200.6,199.8,179.6,180,180,47.8,82.9,60.7,8.202,8.201,30.538,1235,192.6,13.7,181.879,2015-02-13 6:17,62.8,64.8
2015-02-13 6:06,Extruder 1,15-A-72,90310-000065060004,7050 0% 065T 600W BK N/T,26082,1546,1250,1000,2015-02-13 6:06,178,188.1,180.3,182.3,193,193.1,180.3,180,180,180.1,179.5,210.2,200.2,199.8,199.9,200,180.1,180.1,180.1,47.9,82.7,61,6.586,5.095,-0.064,1121,193,13.5,0,2015-02-13 4:15,63.2,65.3
2015-02-13 5:07,Extruder 1,15-A-72,90310-000065060004,7050 0% 065T 600W BK N/T,26082,1546,1250,500,2015-02-13 5:07,178.1,188.2,183.2,181.9,193,193.1,180,180.1,180.2,180.3,180.7,210.2,199.9,199.9,199.9,200.1,180.6,180,180.1,47.9,83.2,60.7,8.195,8.195,30.497,1237,192.6,13.8,183.8,2015-02-13 4:15,63.4,65.3
2015-02-13 4:37,Extruder 1,15-A-72,90310-000065060004,7050 0% 065T 600W BK N/T,26082,1546,1250,250,2015-02-13 4:37,178,187.8,183.1,183.3,192.8,192.8,180.1,179.8,180.3,180.1,179.3,209.7,199.6,199.9,200.1,200.4,180.6,180,180,48.1,83.5,60.8,8.204,8.189,30.686,1245,192.8,14.2,184.25,2015-02-13 4:15,63.5,65.3
2015-02-13 4:07,Extruder 1,15-A-71,90310-000065060004,7050 0% 065T 600W BK N/T,26082,1546,1250,1000,2015-02-13 4:07,178.1,188,182.1,182.1,193,193.1,179.9,180,180,180.1,180.3,210.2,200,199.9,199.8,199.9,180.1,180,179.9,48.2,83.3,61.1,8.2,8.197,30.661,1228,192.6,11.6,183.61,2015-02-13 2:06,63.6,64.7
2015-02-13 3:08,Extruder 1,15-A-71,90310-000065060004,7050 0% 065T 600W BK N/T,26082,1546,1250,500,2015-02-13 3:08,178.3,188.1,183.6,183.4,192.9,193,179.8,180,180.2,180.2,180.2,210,200,199.8,199.9,199.9,180.6,179.9,180,48.1,83.5,61.1,8.202,8.195,30.481,1239,192.4,13.1,183.325,2015-02-13 2:06,63.6,65.3
2015-02-13 2:38,Extruder 1,15-A-71,90310-000065060004,7050 0% 065T 600W BK N/T,26082,1546,1250,250,2015-02-13 2:38,178.1,188,182.9,183.2,192.5,193.1,180.3,180.2,180.2,180,178.7,209.9,200.3,200.4,200.4,200.3,180,180,180,48.2,82.8,61.3,7.899,7.892,28.961,1231,192.6,14.4,183.61,2015-02-13 2:06,63.9,65.3
2015-02-13 1:58,Extruder 1,15-A-70,90310-000065060004,7050 0% 065T 600W BK N/T,26082,1546,1250,1000,2015-02-13 1:58,178,188.2,183.2,182.9,192.9,193,179.7,180,180,180,178.8,210.2,200,200.1,200.1,199.8,179.7,180,180,48.1,83.3,61,8.204,8.201,28.342,1270,192.2,13,178.653,2015-02-13 0:08,63.3,65.1
2015-02-13 0:58,Extruder 1,15-A-70,90310-000065060004,7050 0% 065T 600W BK N/T,26082,1546,1250,500,2015-02-13 0:58,177.9,187.8,183.2,182.7,192.8,193,180,179.8,179.9,180,180,209.9,200.1,199.9,200.1,199.9,180.4,180,180,48.3,82.8,61.3,8.2,8.195,28.308,1271,192.4,12.8,180.74,2015-02-13 0:08,63.2,65.2
2015-02-13 0:29,Extruder 1,15-A-70,90310-000065060004,7050 0% 065T 600W BK N/T,26082,1546,1250,250,2015-02-13 0:29,178.1,188.1,182.9,183.5,193.1,193.1,180,180,180.1,180.2,180,210,199.9,200,200,200,180.1,180,180.1,48.3,83.1,60.9,8.202,8.195,28.314,1275,192.4,13.1,181.95,2015-02-13 0:08,63.5,65.5
2015-02-12 23:59,Extruder 1,15-A-69,90310-000065060004,7050 0% 065T 600W BK N/T,26082,1546,1250,1000,2015-02-12 23:59,178,188,182.9,182.7,193.2,193,179.9,180,180.3,180,179.5,209.7,199.9,200.1,200,200.3,179.7,180,180.1,48.3,82.7,60.6,8.202,8.181,28.28,1284,192.5,13.7,183.586,2015-02-12 21:55,63.6,65.2
2015-02-12 23:00,Extruder 1,15-A-69,90310-000065060004,7050 0% 065T 600W BK N/T,26082,1546,1250,500,2015-02-12 23:00,177.9,187.9,182.9,182.6,193,193.3,180.2,180.1,180,180,180.2,210,200.5,200.2,200.3,200,179.1,180,180,48.5,83.2,61.2,8.2,8.199,28.323,1280,192.7,13.8,179.72,2015-02-12 21:55,63.6,65.2
2015-02-12 22:30,Extruder 1,15-A-69,90310-000065060004,7050 0% 065T 600W BK N/T,26082,1546,1250,250,2015-02-12 22:30,177.7,187.8,182.9,182.9,192.6,192.7,180.2,180.2,180.2,180,180,210.1,200.3,200.4,200.4,200.4,179.8,180,180,48.3,83.8,61.1,8.2,8.205,28.31,1286,192.5,13,185.579,2015-02-12 21:55,63.7,65.5
2015-02-12 21:46,Extruder 1,15-A-68,90310-000065060004,7050 0% 065T 600W BK N/T,26082,1546,1250,1000,2015-02-12 21:46,177.8,188,182.9,182.7,193.2,193.1,180.1,180,180,179.8,179,209.8,199.9,199.7,200.2,200.2,179.8,180,180,48.4,83.1,61.4,8.197,8.197,28.355,1313,192.7,13.1,183.942,2015-02-12 19:54,63.8,66.6
2015-02-12 20:46,Extruder 1,15-A-68,90310-000065060004,7050 0% 065T 600W BK N/T,26082,1546,1250,500,2015-02-12 20:46,178.1,188,182.8,182.7,193,193.2,179.8,179.7,180,180,180.2,210.4,200.2,199.9,199.9,200,180.4,180,180.2,48.1,83.3,60.5,8.197,8.201,28.367,1312,192.5,12.1,186.575,2015-02-12 19:54,63.4,66.4
2015-02-12 20:17,Extruder 1,15-A-68,90310-000065060004,7050 0% 065T 600W BK N/T,26082,1546,1250,250,2015-02-12 20:17,178,188.1,183.2,183.2,193,192.9,179.9,180.3,179.8,179.8,179.6,206.4,201.6,200.4,200.1,199.7,180.2,180,180,48.2,83.2,60.7,8.2,8.189,28.349,1297,192.5,11.8,181.262,2015-02-12 19:54,63.6,66.3
2015-02-12 19:47,Extruder 1,15-A-67,90310-000065060004,7050 0% 065T 600W BK N/T,26082,1546,1250,1000,2015-02-12 19:47,177.8,188.1,183.6,183.1,192.9,193,180,180,179.9,179.9,179.7,201.7,199.8,199.8,200.2,200.3,179.4,180,180,47.8,83,60.6,8.197,8.201,27.763,1252,192.3,11.8,180.479,2015-02-12 17:56,63.8,66.4
2015-02-12 18:48,Extruder 1,15-A-67,90310-000065060004,7050 0% 065T 600W BK N/T,26082,1476,1250,500,2015-02-12 18:48,177.8,187.8,182.8,182.8,192.7,192.5,180.1,179.8,180,180,181,199.7,200.3,200.1,200.3,200,179.4,179.9,180,48,83.1,60.6,8.25,8.252,27.756,1246,192.2,12.7,185.958,2015-02-12 17:56,63.4,66.2
2015-02-12 18:18,Extruder 1,15-A-67,90310-000065060004,7050 0% 065T 600W BK N/T,26082,1476,1250,250,2015-02-12 18:18,177.8,188,182.5,183.7,192.7,193.2,180.4,180.5,180.6,180.2,180.1,200.8,201,200.9,200.8,200.6,180,180,180.1,48.3,83.5,61.1,8.248,8.262,27.797,1254,192.4,12.4,186.195,2015-02-12 17:56,63.8,66.6
2015-02-12 17:22,Extruder 1,15-A-66,90310-000065060004,7050 0% 065T 600W BK N/T,26082,1476,1250,1000,2015-02-12 17:22,178.6,188,183.4,183.6,193,193,179.8,179.9,179.8,180,180,200.1,200.1,199.9,200,199.9,179.2,180,180,48.4,82.9,61.6,8.204,8.207,24.916,1176,192.2,12.5,177.396,2015-02-12 15:30,63.8,66.4
2015-02-12 16:23,Extruder 1,15-A-66,90310-000065060004,7050 0% 065T 600W BK N/T,26082,1476,1250,500,2015-02-12 16:23,177.9,187.9,183,183.2,193,193.1,180,180,180,179.8,179.7,200.1,200,200.3,200,199.8,179.9,179.9,180,48.3,82.7,61.7,8.2,8.209,29.246,1286,192.4,12.2,188.639,2015-02-12 15:30,63.9,66.4
2015-02-12 15:53,Extruder 1,15-A-66,90310-000065060004,7050 0% 065T 600W BK N/T,26082,1476,1250,250,2015-02-12 15:53,178.2,188.2,183.7,183.2,193,193.1,180,180,180.1,180,180,199.9,199.9,200.6,200.1,200.1,180.5,180,180.1,48.4,83.8,61.6,8.246,8.25,28.95,1260,192.2,12.1,187.263,2015-02-12 15:30,64.4,66.6
2015-02-12 13:45,Extruder 1,15-A-65,90310-000065060004,7050 0% 065T 600W BK N/T,26082,1476,1250,1000,2015-02-12 13:45,178,188,182.9,182.9,193,193.3,180,180.2,180,180,180,200.2,200.2,200.2,200.2,200.2,179.3,180,180,48.3,83.2,61,6.801,6.797,23.923,1192,191.4,12.3,177.135,2015-02-11 16:48,50.3,53.8
2015-02-12 12:33,Extruder 1,15-A-65,90310-000065060004,7050 0% 065T 600W BK N/T,26082,1476,1250,500,2015-02-12 12:33,176.1,185.8,181.1,181.5,191.3,192.6,180.3,180,180.2,180,180,201.4,202.8,201.6,202.1,201.8,180,180,179.6,43.7,74,61.2,6.803,6.808,21.431,1171,190.1,11.9,170.446,2015-02-11 16:48,37.1,42.7
2014-06-25 8:55,Extruder 1,14-A-406,90310-000117080004,7050 0% 117T 800W BK N/T,21436,1251,1250,1000,2014-06-25 8:55,174.6,194.7,204.9,204.5,199.6,195.9,190.3,190.2,190.3,185.2,185.4,209.4,202.4,201.5,201.9,208.9,185.4,185,184.8,34.9,64.3,54.7,5.404,5.392,55.103,771,204,12.6,170.161,2014-06-25 0:10,,
2014-06-25 4:00,Extruder 1,14-A-406,90310-000117080004,7050 0% 117T 800W BK N/T,21436,1324,1250,500,2014-06-25 4:00,174.1,194.4,204.4,204.3,198.9,195,190.4,190.9,191.6,185.2,184.5,210,203.8,201.9,202.9,209.8,185.6,185,184.8,45.7,81.1,71.1,4.599,4.596,48.082,754,201.6,12.9,166.769,2014-06-25 0:10,,
2014-06-25 1:12,Extruder 1,14-A-406,90310-000117080004,7050 0% 117T 800W BK N/T,21436,1324,1250,250,2014-06-25 1:12,159.5,189.3,199.4,199.7,194.9,195,190.8,190.1,190.6,185,184.8,194.5,191.1,192.9,191.4,194.5,185.1,185.1,185.1,46,81.2,71.1,4.599,4.592,50.1,830,203.5,13.2,165.868,2014-06-25 0:10,,
2014-06-24 22:10,Extruder 1,14-A-405,90310-000117080004,7050 0% 117T 800W BK N/T,21436,1324,1250,500,2014-06-24 22:10,149.9,194.5,205.1,204.8,199.9,195,190,189.9,190,185,185.4,210.1,200,199.8,201.6,209.8,185.2,185,185,50.3,81.6,73.1,4.194,4.18,47.301,745,202.5,12.7,164.706,2014-06-24 16:44,,
2014-06-24 21:16,Extruder 1,14-A-405,90310-000117080004,7050 0% 117T 800W BK N/T,21436,1324,1250,250,2014-06-24 21:16,149.9,195.9,205,205.3,200,195.1,189.8,190.1,190.1,185,184.2,209.8,201.2,201,202.7,210.1,185.1,185,185,50.3,85.9,71.6,4.501,4.56,46.92,757,202.8,13.8,186.599,2014-06-24 16:44,,
2014-06-24 15:07,Extruder 1,14-A-404,90310-000117080004,7050 0% 117T 800W BK N/T,21436,1476,1250,500,2014-06-24 15:07,150.1,195.4,205,204.6,200.1,195,190,190.1,190.3,185.2,185.2,209.9,200.1,200.1,200.6,210.1,184.9,185,185.1,50.9,91,72.1,4.799,4.817,48.804,756,203,13.5,180.859,2014-06-23 19:29,,
2014-06-24 14:16,Extruder 1,14-A-404,90310-000117080004,7050 0% 117T 800W BK N/T,21436,1476,1250,250,2014-06-24 14:16,149.9,195.5,204.8,204.8,199.7,195,189.4,189.9,190.1,185,184.3,209.9,200.4,200.2,201.3,210,185,185.1,184.9,50.6,91,71.9,4.801,4.832,48.353,762,202.1,12.8,186.338,2014-06-23 19:29,,
2014-06-24 13:19,Extruder 1,14-A-404,90310-000117080004,7050 0% 117T 800W BK N/T,21436,1476,1250,500,2014-06-24 13:19,149.6,195.4,205.1,205.5,199.5,195.6,189.8,190.3,189.8,185.1,185.3,211.6,202.2,201.5,201.9,211.4,189.4,185.2,185,50.6,91.1,71.9,4.794,4.797,48.087,828,202.1,11.7,187.073,2014-06-23 19:29,,
2014-06-24 9:10,Extruder 1,14-A-404,90310-000117080004,7050 0% 117T 800W BK N/T,21436,1476,1250,250,2014-06-24 9:10,149.7,188.2,183.3,184.1,192.9,193.2,180.6,180.2,180.5,179.9,180.2,210.6,201.3,200.5,200.9,210.3,143.6,133.7,179.9,46,84.8,78.4,5,5.006,40.073,986,193.1,12.1,193.287,2014-06-23 19:29,,
2014-06-09 20:25,Extruder 1,14-A-388,90310-000117100004,7050 0% 117T 1000W BK N/T,21116,1324,1250,250,2014-06-09 20:25,179.2,195.5,205.1,205.3,200,196.9,190.7,190.5,190.7,185.1,185.2,195.3,195.3,197.2,195.6,195.5,185.2,185.1,185.1,46.6,81.3,71.5,4.751,4.734,49.264,864,204.3,10.8,203.155,2014-06-09 16:23,,
2014-06-09 18:05,Extruder 1,14-A-388,90310-000117100004,7050 0% 117T 1000W BK N/T,21116,1324,1250,500,2014-06-09 18:05,176.4,195,204.8,204.9,199.9,199.7,189.9,189.8,189.9,185.1,185.1,194.9,196.4,200.3,197.3,195,185,185,184.9,46.3,80.4,71.8,4.801,4.795,49.615,953,204.7,12.7,202.657,2014-06-09 16:23,,
2014-06-09 17:13,Extruder 1,14-A-388,90310-000117100004,7050 0% 117T 1000W BK N/T,21116,1324,1250,250,2014-06-09 17:13,177.1,195.2,204.9,205.6,200,200.2,190.1,189.6,190.1,185,184.6,195,196.7,200.5,197.5,194.9,185.2,185.1,185,46.4,80.1,71.6,4.796,4.785,49.415,945,205,10.5,206.191,2014-06-09 16:23,,
2014-06-09 15:14,Extruder 1,14-A-387,90310-000117100004,7050 0% 117T 1000W BK N/T,21116,1324,1250,500,2014-06-09 15:14,178.8,194.8,205.1,205.3,200,198.8,190,190.1,190.1,185,185.1,195.3,196.9,200.7,198.1,195.1,185.1,184.9,185,47,81.7,72.4,4.796,4.769,48.574,801,204.3,11,201.305,2014-06-09 13:38,,
2014-06-09 14:22,Extruder 1,14-A-387,90310-000117100004,7050 0% 117T 1000W BK N/T,21116,1324,1250,250,2014-06-09 14:22,178,194.8,205.4,204.7,199.9,198,190.1,190.1,190.1,185,185.1,195.1,196.3,200.3,197.7,195.1,185,185,185,45.8,80.3,71.1,4.799,4.777,48.159,803,204.5,11.4,212.239,2014-06-09 13:38,,
2014-06-09 12:28,Extruder 1,14-A-386,90310-000117100004,7050 0% 117T 1000W BK N/T,21116,1324,1250,500,2014-06-09 12:28,179.3,194.8,205,205.1,200.1,196.3,190.2,189.9,190.2,185.1,185.5,195.3,194.9,198.2,195.9,195,185,185,184.9,45,81.6,70.5,4.801,4.805,47.62,771,203.8,10.1,208.444,2014-06-08 22:52,,
2014-06-09 11:37,Extruder 1,14-A-386,90310-000117100004,7050 0% 117T 1000W BK N/T,21116,1324,1250,250,2014-06-09 11:37,177.6,195.2,204.5,202.6,199.3,196.1,190.1,190.1,189.9,184.9,184.4,195,194.3,198.1,195.3,194.9,184.8,185,185,45.7,82.9,70.5,4.804,4.797,45.647,796,203.7,10.2,218.786,2014-06-08 22:52,,
2014-06-02 5:15,Extruder 1,14-A-372,90310-000117100004,7050 0% 117T 1000W BK N/T,20851,1413,1250,3000,2014-06-02 5:15,169.9,180,183,183.1,192.9,193,180.4,179.9,179.7,180,179.8,190.1,179.6,180.1,180,190.1,180.2,180,180,46.2,79.1,73.9,7.505,7.548,-0.125,-15,186.4,11.6,0,2014-05-30 15:45,,
2014-06-02 2:56,Extruder 1,14-A-372,90310-000117100004,7050 0% 117T 1000W BK N/T,20851,1413,1250,2000,2014-06-02 2:56,169.7,179.7,182.7,182.8,192.8,192.6,179.1,179.2,178.8,178.2,176.4,188,178.6,178,178.1,188,178.6,179.1,179.3,46.9,79.8,75.3,7.507,7.551,-0.128,-15,185,10.9,0,2014-05-30 15:45,,
2014-06-02 0:26,Extruder 1,14-A-372,90310-000117100004,7050 0% 117T 1000W BK N/T,20851,1413,1250,1000,2014-06-02 0:26,169.9,180,183.1,182.9,192.9,193,180,179.8,179.7,179.8,179.7,190,180,180.1,180,189.8,180,179.9,180,47.1,80.1,75.2,6.994,7.065,-0.13,-15,186.1,11.4,0,2014-05-30 15:45,,
2014-06-01 23:09,Extruder 1,14-A-372,90310-000117100004,7050 0% 117T 1000W BK N/T,20851,1413,1250,500,2014-06-01 23:09,170.1,179.9,182.9,183.1,193,193,180.5,180.3,179.8,180.1,179.6,190.5,180.2,180.3,180.4,190.4,180.1,180,180.1,45.6,81,77.7,4.995,5.019,-0.128,-15,186.5,10.5,0,2014-05-30 15:45,,
2014-06-01 13:10,Extruder 1,14-A-372,90310-000117100004,7050 0% 117T 1000W BK N/T,20851,1413,1250,250,2014-06-01 13:10,170.9,180.4,181.9,185,193.9,198.2,180.8,181.3,180.8,179.8,181,190.3,195.8,199.6,196.3,190.6,180.8,180.2,180.1,45.1,80.9,71.8,4.803,4.837,50.157,916,195,11.7,197.083,2014-05-30 15:45,,
2014-05-31 19:30,Extruder 1,14-A-372,90310-000117100004,7050 0% 117T 1000W BK N/T,20851,1413,1250,500,2014-05-31 19:30,178,188,182.9,182.9,192.8,192.9,180,180.9,180,180.1,179.8,220.3,204.3,200.5,200.7,220.2,180,180,180.1,44.3,83.6,73.7,7.004,7.029,-0.132,-15,187.7,10.8,0,2014-05-30 15:45,,
2014-05-31 18:55,Extruder 1,14-A-372,90310-000117100004,7050 0% 117T 1000W BK N/T,20851,1546,1250,250,2014-05-31 18:55,177.6,187.8,182.5,182.6,192.4,192.4,180.2,179.6,179.8,180.2,179.5,220.9,203.2,200.1,199.9,220.6,179.8,179.8,180.3,44,82.7,73.5,7.003,7.013,-0.134,-15,189,10.6,0,2014-05-30 15:45,,
2014-05-31 16:42,Extruder 1,14-A-372,90310-000117100004,7050 0% 117T 1000W BK N/T,20851,1546,1250,250,2014-05-31 16:42,179,188.7,182.7,183.5,193.3,193.7,180.2,179.7,180.4,180,180.6,220,203.9,200.5,202.5,220,180,180,180,44.5,82.5,66.9,4.497,4.517,50.21,762,193.5,14.4,191.983,2014-05-30 15:45,,
2014-05-31 14:35,Extruder 1,14-A-372,90310-000117100004,7050 0% 117T 1000W BK N/T,20851,1546,1250,250,2014-05-31 14:35,178,188.5,182.6,184.8,192.9,193.8,180.6,179.2,180.1,180,180.2,220.1,205.7,201.6,205,219.9,180.2,180,179.7,43.9,79.6,64.8,4.896,4.906,50.219,789,193.5,18,193.359,2014-05-30 15:45,,
2014-05-31 4:07,Extruder 1,14-A-372,90310-000117100004,7050 0% 117T 1000W BK N/T,20851,1413,1250,1000,2014-05-31 4:07,177.7,187.8,183.4,182.4,192.2,193.7,181.3,180.6,181.1,180,180,218.3,206.7,202.3,203.5,212.9,180.5,180,180.1,40.5,70.9,64.6,4.402,4.449,48.093,881,194.2,14,197.462,2014-05-30 15:45,,
2014-05-31 1:13,Extruder 1,14-A-372,90310-000117100004,7050 0% 117T 1000W BK N/T,20851,1413,1250,500,2014-05-31 1:13,178,188.4,183.3,182.3,192.9,194.3,181.1,180.6,180.8,180,180.9,210.7,204.1,203,203.8,211.1,180.6,180,179.7,41.4,77.4,71.5,7.276,6.848,48.114,878,194.4,13.2,199.265,2014-05-30 15:45,,
2014-05-24 7:08,Extruder 1,14-A-371,90310-000065080004,7050 0% 065T 800W BK N/T,20598,1580,1250,1000,2014-05-24 7:08,177.1,187.4,182.2,181.9,191.9,191.4,178.3,178.8,179.2,180,180.3,222.7,198.1,196.9,198.3,223.1,178.9,179.8,179.8,42.1,74.7,67.8,7.001,6.981,-0.132,-15,187.8,12.3,0,2014-05-24 3:31,,
2014-05-24 4:43,Extruder 1,14-A-371,90310-000065080004,7050 0% 065T 800W BK N/T,20598,1580,1250,500,2014-05-24 4:43,177.9,188,182.9,182.9,192.7,192.9,180,180,180.6,179.9,179.7,224.8,203.8,200.1,204.6,225.2,179.7,180,180,43.1,76.7,67.9,6.801,6.782,32.21,942,191.9,11.4,167.007,2014-05-24 3:31,,
2014-05-24 4:07,Extruder 1,14-A-371,90310-000065080004,7050 0% 065T 800W BK N/T,20598,1580,1250,250,2014-05-24 4:07,177.4,188,182.9,182.8,192.7,193,179.7,180.3,179.9,180.1,180.7,225.6,203.8,200.4,203.8,225,180.2,180.1,180.1,43.2,76.5,68.4,6.902,6.896,32.191,971,191.6,11.9,176.328,2014-05-24 3:31,,
2014-05-24 3:25,Extruder 1,14-A-370,90310-000065080004,7050 0% 065T 800W BK N/T,20598,1580,1250,1000,2014-05-24 3:25,175,186,181.2,181.1,191.2,191.6,180,179,179.7,179.7,179.9,224.4,204.1,198.9,203.8,225.4,180.2,180,180.1,42.9,75.4,68.2,7.987,7.927,29.986,1110,190.7,11.1,179.269,2014-05-24 0:54,,
2014-05-24 2:08,Extruder 1,14-A-370,90310-000065080004,7050 0% 065T 800W BK N/T,20598,1580,1250,500,2014-05-24 2:08,178,187.9,182.9,182.9,192.8,193.3,180,180,180,180,179.6,225.1,204.3,200.2,205.1,225.2,180,180.1,180,43.6,77.3,68.7,6.896,6.88,31.909,1009,191.9,11.7,171.158,2014-05-24 0:54,,
2014-05-24 1:32,Extruder 1,14-A-370,90310-000065080004,7050 0% 065T 800W BK N/T,20598,1580,1250,250,2014-05-24 1:32,177.6,188,182.8,183.4,192.7,193,180.5,180.2,180.2,180.1,179.1,224.9,204,200.5,204.3,225.4,180.1,180,180,43.7,77.4,68.9,6.898,6.882,32.228,1042,192.4,11.5,180.764,2014-05-24 0:54,,
2014-05-24 0:49,Extruder 1,14-A-369,90310-000065080004,7050 0% 065T 800W BK N/T,20598,1580,1250,1000,2014-05-24 0:49,174.8,185.9,181.2,180.8,191.5,192.5,179.6,179.3,179.5,179.8,178.7,224.6,203.2,198.5,203,224.7,179.6,180,180,42.6,74.7,69.4,0,0,21.888,940,189.4,11.2,150.64,2014-05-23 22:14,,
2014-05-23 23:26,Extruder 1,14-A-369,90310-000065080004,7050 0% 065T 800W BK N/T,20598,1580,1250,500,2014-05-23 23:26,178,188,182.9,183,192.9,193,180,179.7,180,180,178.8,225.1,204.2,200.4,205,224.9,179.7,179.9,180,44.1,77.6,69.6,6.803,6.777,32.077,1030,192.1,12.1,185.009,2014-05-23 22:14,,
2014-05-23 22:50,Extruder 1,14-A-369,90310-000065080004,7050 0% 065T 800W BK N/T,20598,1580,1250,250,2014-05-23 22:50,177.5,188,182.7,183.2,192.8,193.3,180.2,180.2,180,180,179,225.6,204.1,200.4,204.2,225,180.2,180,180.1,43.9,76.7,69.6,6.796,6.774,32.082,1020,192.1,12,174.502,2014-05-23 22:14,,
2014-05-23 22:09,Extruder 1,14-A-368,90310-000065080004,7050 0% 065T 800W BK N/T,20598,1580,1250,1000,2014-05-23 22:09,175.1,186.2,181.2,181.1,192,191.8,180,179.5,180.1,180,179.6,224.8,203.8,199.2,204.1,225.3,179.7,180,180,43.9,76.2,69.5,8.596,8.79,29.959,1046,190.8,11.4,164.184,2014-05-23 19:28,,
2014-05-23 20:52,Extruder 1,14-A-368,90310-000065080004,7050 0% 065T 800W BK N/T,20598,1580,1250,500,2014-05-23 20:52,177.8,188,182.9,182.9,192.9,193.1,179.9,180,180,180.2,180.2,225,203.2,199.6,204.1,225,179.7,180,180,44.1,78,69.8,6.799,6.769,32.456,954,191.6,11.8,165.299,2014-05-23 19:28,,
2014-05-23 20:16,Extruder 1,14-A-368,90310-000065080004,7050 0% 065T 800W BK N/T,20598,1580,1250,250,2014-05-23 20:16,177.5,187.9,182.9,182.9,192.6,192.8,180,180,179.7,179.8,180.4,225,203.4,200.4,204,224.8,180.3,179.8,180,44.1,77.3,70.2,6.801,6.772,32.394,943,191.4,11.6,165.607,2014-05-23 19:28,,
2014-05-23 19:02,Extruder 1,14-A-367,90310-000065080004,7050 0% 065T 800W BK N/T,20598,1580,1250,1000,2014-05-23 19:02,178,188.1,183.1,183,193,193.7,180,180.1,180,180,181.4,224.9,204.6,200.1,204.3,224.6,179.2,180,179.7,44.4,78.3,70.1,6.799,6.78,32.499,936,191.5,11.9,166.366,2014-05-23 15:48,,
2014-05-23 17:50,Extruder 1,14-A-367,90310-000065080004,7050 0% 065T 800W BK N/T,20598,1546,1250,500,2014-05-23 17:50,175.4,187.4,182.4,182.7,191.8,192.7,182.6,181.3,180.6,180.8,179.7,226.2,202.8,201.4,202.6,226,180.2,180.2,178.6,44.1,77.5,70.2,6.808,6.79,32.44,998,192.4,12.2,164.089,2014-05-23 15:48,,
2014-05-23 16:23,Extruder 1,14-A-367,90310-000065080004,7050 0% 065T 800W BK N/T,20598,1546,1250,250,2014-05-23 16:23,177.3,187.9,182.9,183.5,192.7,193.3,180.7,179.9,180.4,180,178.9,224.7,203.4,200.8,203.4,225.6,180.1,180,180,44.4,77.6,70.6,6.801,6.777,31.724,942,192.3,12.4,166.248,2014-05-23 15:48,,
2014-05-23 15:19,Extruder 1,14-A-366,90310-000065080004,7050 0% 065T 800W BK N/T,20598,1546,1250,1000,2014-05-23 15:19,178.2,188.1,182.9,183.4,192.9,192.8,180,180.3,180.4,180.1,179.6,224.9,204.4,200.8,204.6,224.7,179.6,179.9,180,44.1,78,70.2,6.796,6.782,32.096,914,192.2,12,192.528,2014-05-23 11:31,,
2014-05-23 13:57,Extruder 1,14-A-366,90310-000065080004,7050 0% 065T 800W BK N/T,20598,1546,1250,500,2014-05-23 13:57,178,188.1,183,183,192.9,193.3,179.7,180.2,179.7,179.9,179,225,203.8,200.4,204,224.7,179.7,180,180,44,77.8,70.4,6.799,6.769,32.007,913,191.6,11.7,172.106,2014-05-23 11:31,,
2014-05-23 13:21,Extruder 1,14-A-366,90310-000065080004,7050 0% 065T 800W BK N/T,20598,1546,1250,250,2014-05-23 13:21,177.8,188,182.9,182.9,192.7,193,180,180,180,179.6,179.8,225.1,203.4,200.3,204,225.2,180.3,180,180.1,43.9,77.3,70.2,6.803,6.782,31.961,917,191.9,11.7,162.927,2014-05-23 11:31,,
2014-05-23 11:05,Extruder 1,14-A-365,90310-000065080004,7050 0% 065T 800W BK N/T,20598,1546,1250,1000,2014-05-23 11:05,178.1,187.9,183,183,193,193,180.1,179.7,180.3,180.1,178.9,224.9,203.3,199.7,203.8,225.2,180.5,180.1,180,43.3,77.2,69.2,6.794,6.769,31.779,880,192,11.8,162.903,2014-05-23 8:53,,
2014-05-23 9:53,Extruder 1,14-A-365,90310-000065080004,7050 0% 065T 800W BK N/T,20598,1546,1250,500,2014-05-23 9:53,177.9,187.8,183.1,182.9,192.8,192.4,180,180,180.3,180,179.1,224.9,204.2,200.2,204.7,225.1,179.7,180,180,43.1,77.2,69.2,6.801,6.794,31.64,978,191.9,11.5,171.679,2014-05-23 8:53,,
2014-05-23 9:17,Extruder 1,14-A-365,90310-000065080004,7050 0% 065T 800W BK N/T,20598,1546,1250,250,2014-05-23 9:17,177.7,188,182.9,183,192.7,193.1,180.4,180.2,180.6,180.1,179.8,225.1,203.7,200.3,204.3,225.6,179.3,180,180,43.1,76.9,69,6.803,6.774,31.672,1004,192.7,12.8,173.743,2014-05-23 8:53,,
2014-05-23 8:29,Extruder 1,14-A-364,90310-000065080004,7050 0% 065T 800W BK N/T,20598,1546,1250,1000,2014-05-23 8:29,174.9,186.2,181,181.1,191.2,192.2,179.7,179.3,179.8,180,178.9,224.5,202.8,199,203.4,225,179.4,180,179.7,42.5,75.4,67.9,6.998,6.979,30.027,1037,191.1,12.1,169.023,2014-05-23 6:20,,
2014-05-23 7:14,Extruder 1,14-A-364,90310-000065080004,7050 0% 065T 800W BK N/T,20598,1476,1250,500,2014-05-23 7:14,177.8,188.1,182.9,183.1,193,193.5,179.9,180,180,180,179.8,225,203.5,200.1,204.8,225,179.3,180,180,42.1,75.8,68.2,8.003,7.974,36.993,954,192.4,12.5,173.292,2014-05-23 6:20,,
2014-05-23 6:43,Extruder 1,14-A-364,90310-000065080004,7050 0% 065T 800W BK N/T,20598,1476,1250,250,2014-05-23 6:43,177.4,188.1,182.9,182.8,192.5,192.9,180.1,180,180.4,180.1,180.8,224.9,203.2,200.5,204.4,225.3,180,179.9,180,42.4,76.1,68.2,7.998,7.984,36.629,952,192.4,11.2,169.877,2014-05-23 6:20,,
2014-05-23 6:09,Extruder 1,14-A-363,90310-000065080004,7050 0% 065T 800W BK N/T,20598,1476,1250,1000,2014-05-23 6:09,175.3,186.4,181.1,180.8,191.1,191.8,179.8,178.9,179.9,179.8,178.7,224.5,203.3,198.5,203.8,225,179.1,179.7,179.7,42.2,75,67.6,7.996,7.968,33.995,1041,190.8,11.7,169.758,2014-05-23 4:06,,
2014-05-23 4:59,Extruder 1,14-A-363,90310-000065080004,7050 0% 065T 800W BK N/T,20598,1476,1250,500,2014-05-23 4:59,178,188.1,183.1,182.9,192.6,193,180,179.8,180.1,180,181.3,224.8,204.2,200.5,205.7,225.1,180.2,180,180,42.7,76.5,68.2,8.001,7.984,36.289,1017,192.8,13.1,177.799,2014-05-23 4:06,,
2014-05-23 4:29,Extruder 1,14-A-363,90310-000065080004,7050 0% 065T 800W BK N/T,20598,1476,1250,250,2014-05-23 4:29,177.2,188,182.7,183.6,192.6,193.1,180.3,180.1,180.3,180.1,180.4,225.4,203.6,200,204.7,225.3,179.7,180,180.1,42.4,76.4,67.9,7.998,7.97,36.431,1015,192.8,13.1,179.91,2014-05-23 4:06,,
2014-05-23 3:56,Extruder 1,14-A-362,90310-000065080004,7050 0% 065T 800W BK N/T,20598,1476,1250,1000,2014-05-23 3:56,174.7,186.2,181,181,191.1,192.4,179.8,179.2,179.8,179.7,179.3,224.4,204.1,199.2,205.1,225.2,179.9,180,179.8,42.2,75.8,67.6,8.001,7.988,36.064,1065,191.7,12.3,177.064,2014-05-23 1:56,,
2014-05-23 2:50,Extruder 1,14-A-362,90310-000065080004,7050 0% 065T 800W BK N/T,20598,1476,1250,500,2014-05-23 2:50,177.8,188.1,183.1,183.2,193,193.1,179.8,180.2,179.8,180,180.5,225.1,204.3,200.3,205.8,225,180.4,180,180,42.5,76.6,68.1,8.001,7.994,36.36,1076,192.8,13.4,180.384,2014-05-23 1:56,,
2014-05-23 2:20,Extruder 1,14-A-362,90310-000065080004,7050 0% 065T 800W BK N/T,20598,1476,1250,250,2014-05-23 2:20,177.2,187.8,182.6,182.6,192.7,192.9,180.7,180.2,180.3,180,179.4,225,203.7,200.2,205.1,225.2,180.1,180,180,42.6,77.1,68.2,8.003,7.984,36.522,1059,193.3,12.8,173.174,2014-05-23 1:56,,
2014-05-23 1:47,Extruder 1,14-A-361,90310-000065080004,7050 0% 065T 800W BK N/T,20598,1476,1250,1000,2014-05-23 1:47,174.8,186.2,181,180.7,191,192.2,179.5,179.4,179.8,179.6,179.1,225.2,204.1,199.6,204.9,225.1,179.5,179.8,180,42.6,75.6,68.5,8.003,7.99,36.077,1058,191.6,12.5,178.534,2014-05-22 23:48,,
2014-05-23 0:41,Extruder 1,14-A-361,90310-000065080004,7050 0% 065T 800W BK N/T,20598,1476,1250,500,2014-05-23 0:41,177.8,188,182.9,183.2,192.8,193.2,180.1,180,180.1,180.1,181.2,224.8,204.3,199.8,205.4,225,179.6,180.1,180,42.9,76.7,68.9,8.001,7.972,36.278,991,193,13.5,178.961,2014-05-22 23:48,,
2014-05-23 0:11,Extruder 1,14-A-361,90310-000065080004,7050 0% 065T 800W BK N/T,20598,1476,1250,250,2014-05-23 0:11,177.3,187.8,182.9,183,192.5,192.6,180.2,180.1,179.9,179.9,180.6,225.1,204.2,200.2,205.4,224.7,180.4,180,180,42.8,76.7,68.8,7.998,7.974,36.05,1010,192.8,13.4,177.917,2014-05-22 23:48,,
2014-05-22 23:36,Extruder 1,14-A-360,90310-000065080004,7050 0% 065T 800W BK N/T,20598,1476,1250,1000,2014-05-22 23:36,174.9,186.2,180.8,180.9,191,191.8,180,179.3,179.8,179.9,179.2,224.6,204.2,199.2,205.2,225.2,180,180,180,42.5,75.9,68.8,8.003,7.978,32.059,1016,191.9,13.5,172.628,2014-05-22 21:38,,
2014-05-22 22:31,Extruder 1,14-A-360,90310-000065080004,7050 0% 065T 800W BK N/T,20598,1476,1250,500,2014-05-22 22:31,177.7,187.9,183,182.4,192.7,193,180,179.9,180,180,180.4,225.2,205.1,200.3,206.1,224.9,179.8,180,180,43.1,76.6,69.5,7.998,7.982,35.749,1057,193,14.2,175.83,2014-05-22 21:38,,
2014-05-22 22:00,Extruder 1,14-A-360,90310-000065080004,7050 0% 065T 800W BK N/T,20598,1476,1250,250,2014-05-22 22:00,177.4,187.9,182.9,183.1,192.4,192.9,180,180,179.8,180,180.8,225.5,204.4,200.6,205.7,225,180.1,180,180,43.2,76.6,69.6,7.998,7.988,35.759,1097,193.1,14.1,194.545,2014-05-22 21:38,,
2014-05-22 21:27,Extruder 1,14-A-359,90310-000065080004,7050 0% 065T 800W BK N/T,20598,1476,1250,1000,2014-05-22 21:27,175.2,186.3,180.6,180.9,191.1,191.7,179.7,178.8,180,180,179.4,224.5,204.5,199.1,205.3,225.1,179.6,180,179.9,43.3,75.9,69.1,8.001,7.972,36.05,1173,191.9,13.6,185.199,2014-05-22 19:27,,
2014-05-22 20:21,Extruder 1,14-A-359,90310-000065080004,7050 0% 065T 800W BK N/T,20598,1476,1250,500,2014-05-22 20:21,178,187.9,183,183.3,193,193.1,180.3,180.1,180,179.9,180.3,224.9,204.7,200.5,205.7,225.2,180,179.8,180,43.8,77.1,69.9,8.003,7.992,35.995,1109,193.2,12.6,186.195,2014-05-22 19:27,,
2014-05-22 19:50,Extruder 1,14-A-359,90310-000065080004,7050 0% 065T 800W BK N/T,20598,1476,1250,250,2014-05-22 19:50,177.4,188.4,182.7,183.5,192.4,193.2,180,180.2,180,179.8,180,225.2,204.2,199.8,205.1,225.1,180.3,180,180,43.8,77,70,7.998,7.998,36.048,1060,192.7,14.3,181.309,2014-05-22 19:27,,
2014-05-22 19:16,Extruder 1,14-A-358,90310-000065080004,7050 0% 065T 800W BK N/T,20598,1413,1250,1000,2014-05-22 19:16,175.1,186.4,181.1,181.5,191,192.4,180.1,179.2,180,180,180.4,224.6,204.3,199.2,205,225.1,179.4,179.9,179.7,43.7,76.8,69.8,7.996,7.98,36.039,1108,191.8,12.7,183.586,2014-05-22 14:53,,
2014-05-22 18:11,Extruder 1,14-A-358,90310-000065080004,7050 0% 065T 800W BK N/T,20598,1413,1250,500,2014-05-22 18:11,177.9,188,182.9,182.8,193,193.4,180,180,180,179.9,179.3,225.1,205.4,200.2,206,225,179.4,180,179.9,44,77.7,70.4,7.998,7.988,36.364,1073,192.7,13.2,185.46,2014-05-22 14:53,,
2014-05-22 17:40,Extruder 1,14-A-358,90310-000065080004,7050 0% 065T 800W BK N/T,20598,1413,1250,250,2014-05-22 17:40,177.5,188.4,182.9,182.8,192.9,192.7,180.1,180.2,180.5,180.1,180.3,225,205.6,200.8,206.3,225.3,179.3,180,180,44.3,78,70.5,7.996,7.99,36.221,1080,192.4,14.2,185.769,2014-05-22 14:53,,
2014-05-22 14:48,Extruder 1,14-A-357,90310-000065100004,7050 0% 065T 1000W BK N/T,20556,1413,1250,1000,2014-05-22 14:48,178.3,187.6,183,181.9,193,194.7,179.8,180,179.7,179.8,179.7,225.2,207.6,203.1,209.2,224.8,180,180,180,44.4,76.1,69.3,8.996,8.971,47.027,984,193.9,15,178.748,2014-05-22 12:41,,
2014-05-22 13:45,Extruder 1,14-A-357,90310-000065100004,7050 0% 065T 1000W BK N/T,20556,1413,1250,500,2014-05-22 13:45,177.8,188.1,183.1,183.3,193.1,195.2,180,180.4,180.1,180,179.9,225.3,207.5,202.4,208.5,224.8,180.8,180,180,44.3,76.1,68.9,7.8,7.789,47.239,956,194,13.3,192.386,2014-05-22 12:41,,
2014-05-22 13:13,Extruder 1,14-A-357,90310-000065100004,7050 0% 065T 1000W BK N/T,20556,1413,1250,250,2014-05-22 13:13,177.5,188.3,182.9,183.9,192.9,195.5,180.4,180,179.7,180.1,179.8,225.3,206.4,201.8,208.3,225.3,180.2,180,180,43.9,77.4,69.6,7.899,7.876,47.852,984,194.2,11.8,181.665,2014-05-22 12:41,,
2014-05-22 12:37,Extruder 1,14-A-356,90310-000065100004,7050 0% 065T 1000W BK N/T,20556,1413,1250,1000,2014-05-22 12:37,175.5,186.9,181.6,181.7,192.3,193,180,178.7,180.3,180,179.7,224.5,206.9,202.2,208.7,225.2,179.4,179.8,179.7,44,76.2,69.2,7.202,7.183,41.093,1061,192.6,12,190.916,2014-05-22 9:32,,
2014-05-22 11:29,Extruder 1,14-A-356,90310-000065100004,7050 0% 065T 1000W BK N/T,20556,1413,1250,500,2014-05-22 11:29,178.1,187.7,183.4,183.2,193.3,194.6,180.1,179.8,180,179.9,179.8,225.1,206.5,202.1,208.4,225,180.1,180,180.1,44.4,77.3,69.9,7.994,7.984,47.062,973,194,13.2,187.358,2014-05-22 9:32,,
2014-05-22 10:58,Extruder 1,14-A-356,90310-000065100004,7050 0% 065T 1000W BK N/T,20556,1413,1250,250,2014-05-22 10:58,178,187.9,183.7,182.3,193,193.1,180.5,180.3,180.3,180,180.3,225.5,206.4,201.7,207.6,225.6,180.3,180,180,44.3,77.4,70.2,8.001,7.992,44.79,989,194,14,193.169,2014-05-22 9:32,,
2014-05-22 9:24,Extruder 1,14-A-355,90310-000065100004,7050 0% 065T 1000W BK N/T,20556,1413,1250,1000,2014-05-22 9:24,177.7,188.4,182.9,183.2,192.9,192.9,179.8,180.2,179.8,180,179.7,222.2,204.6,200.6,206.3,221.8,180.9,180,180.1,43.6,77.1,68.8,8.996,8.981,42.938,1059,193.2,14.6,185.104,2014-05-22 7:14,,
2014-05-22 8:19,Extruder 1,14-A-355,90310-000065100004,7050 0% 065T 1000W BK N/T,20556,1413,1250,500,2014-05-22 8:19,177.8,186.7,183.2,183.4,193,192.9,180,180,180,180.1,180.3,222.2,205.3,201.5,207,221.9,179.8,180,180,43.4,76.8,68.2,7.5,7.483,43.335,1002,193.2,14.8,187.31,2014-05-22 7:14,,
2014-05-22 7:47,Extruder 1,14-A-355,90310-000065100004,7050 0% 065T 1000W BK N/T,20556,1413,1250,250,2014-05-22 7:47,178,188.1,182.9,183.9,192.9,193.6,180.2,180.2,180,180.1,181.4,222.2,204.6,200.9,206.8,222.3,180.2,180,180,43.4,76.8,69.6,7.505,7.471,43.344,990,193.5,13.6,204.435,2014-05-22 7:14,,
2014-05-22 7:09,Extruder 1,14-A-354,90310-000065100004,7050 0% 065T 1000W BK N/T,20556,1413,1250,1000,2014-05-22 7:09,176.2,186.5,181.8,179.5,191.4,191.4,179.5,178.7,179.7,179.8,179.7,221.5,205.1,201.5,206.9,221.9,179.4,179.7,179.8,43.1,76.1,69,7.1,7.075,41.077,1080,191.8,13.5,207.851,2014-05-22 5:07,,
2014-05-22 6:01,Extruder 1,14-A-354,90310-000065100004,7050 0% 065T 1000W BK N/T,20556,1476,1250,500,2014-05-22 6:01,178.9,187.2,183.1,180.9,193,194,179.7,179.7,180,180,180.1,222.3,206.3,203,208.1,221.8,180,180,180,43.4,77.3,69.3,7.989,7.994,45.096,1050,193.5,12.6,217.481,2014-05-22 5:07,,
2014-05-22 5:31,Extruder 1,14-A-354,90310-000065100004,7050 0% 065T 1000W BK N/T,20556,1476,1250,250,2014-05-22 5:31,177.1,187.8,183.2,182.7,192.9,194,180.6,180.1,180.2,180,179.6,222,205.8,202.6,208.1,222.5,180,180,180,43.7,77.2,69.4,7.996,7.99,45.077,1042,194.3,13.2,214.635,2014-05-22 5:07,,
2014-05-22 4:57,Extruder 1,14-A-353,90310-000065100004,7050 0% 065T 1000W BK N/T,20556,1476,1250,1000,2014-05-22 4:57,176.6,186.9,181.5,182.6,192.3,191.5,179.7,178.9,179.7,180,180,221.9,206,202.7,207.9,221.8,179.8,179.8,180,43.5,76.7,69.3,8.001,7.972,45.362,1123,192.5,11.5,211.646,2014-05-22 2:58,,
2014-05-22 3:52,Extruder 1,14-A-353,90310-000065100004,7050 0% 065T 1000W BK N/T,20556,1476,1250,500,2014-05-22 3:52,178.7,188.4,183,183.7,193.1,194.7,180,180,180,180,180,222.1,206.4,203.4,208.9,222.1,180,180,180,43.4,77.2,69.6,8.003,7.958,45.08,1039,193.8,14.8,214.184,2014-05-22 2:58,,
2014-05-22 3:21,Extruder 1,14-A-353,90310-000065100004,7050 0% 065T 1000W BK N/T,20556,1476,1250,250,2014-05-22 3:21,177.4,188.8,183.5,183.7,193,194.3,180.7,180.6,180.3,180.1,180,222.1,205.7,202.4,207.8,222.5,180.1,180,180,43.3,76.9,69.6,7.998,7.974,45.314,1018,194.6,14.4,211.741,2014-05-22 2:58,,
2014-05-22 2:45,Extruder 1,14-A-352,90310-000065100004,7050 0% 065T 1000W BK N/T,20556,1476,1250,1000,2014-05-22 2:45,175.8,186.8,181.6,181.7,191.7,192.4,179.7,179,180.1,180,180.5,221.3,205.2,201.6,207.4,222.2,179.6,179.8,179.7,43.1,76.2,68.9,7.992,7.994,36.107,967,192.3,13.7,204.222,2014-05-22 0:42,,
2014-05-22 1:39,Extruder 1,14-A-352,90310-000065100004,7050 0% 065T 1000W BK N/T,20556,1476,1250,500,2014-05-22 1:39,176.9,188.5,182.7,181.9,192.9,193.5,180.3,179.9,180,179.8,180.3,222.1,206.2,202.7,208,221.8,180,179.9,179.9,43.8,77.4,69.7,8.005,7.98,45.61,1014,194,13.8,205.574,2014-05-22 0:42,,
2014-05-22 1:08,Extruder 1,14-A-352,90310-000065100004,7050 0% 065T 1000W BK N/T,20556,1476,1250,250,2014-05-22 1:08,179.2,188.1,182.6,183.3,192.8,193.3,180.1,180.3,180.1,179.9,180.1,222.4,205.4,201.8,207.4,222.4,180,180,180,43.8,77.8,69.7,7.996,7.982,45.601,956,193.8,12.2,210.484,2014-05-22 0:42,,
2014-05-22 0:35,Extruder 1,14-A-351,90310-000065100004,7050 0% 065T 1000W BK N/T,20556,1476,1250,1000,2014-05-22 0:35,176.4,186.9,181.9,182.7,192.4,191.6,179.7,178.8,179.7,179.8,179.3,221.4,205.8,201.9,207.4,221.9,179.8,179.8,179.6,43.5,76.7,69.1,7.996,7.978,45.433,1046,192.1,12.1,207.139,2014-05-21 22:36,,
2014-05-21 23:29,Extruder 1,14-A-351,90310-000065100004,7050 0% 065T 1000W BK N/T,20556,1476,1250,500,2014-05-21 23:29,177,188.4,183.6,182.6,192.9,193.6,180,180,180.1,180,179.7,221.7,206.1,203.1,208.4,222,180.5,180.1,180,44.1,77.8,70.1,8.001,7.982,45.26,947,193.3,15.2,206.784,2014-05-21 22:36,,
2014-05-21 22:58,Extruder 1,14-A-351,90310-000065100004,7050 0% 065T 1000W BK N/T,20556,1476,1250,250,2014-05-21 22:58,178.8,188,183.2,183.1,192.8,193.7,180.1,180.2,180,180.1,180.3,222.1,206,202.6,207.7,222.3,180.3,180,180,44,77.7,70.4,7.996,7.99,45.412,966,193.7,15,208.871,2014-05-21 22:36,,
2014-05-21 22:25,Extruder 1,14-A-350,90310-000065100004,7050 0% 065T 1000W BK N/T,20556,1476,1250,1000,2014-05-21 22:25,176.6,186.9,181.9,180.9,192.1,191.9,180,179.1,179.8,180,179.3,221.5,206,202.7,208.3,222.2,179.6,179.8,179.7,44,77,70,8.003,7.978,44.144,1025,192.4,14.4,213.52,2014-05-21 19:53,,
2014-05-21 21:20,Extruder 1,14-A-350,90310-000065100004,7050 0% 065T 1000W BK N/T,20556,1476,1250,500,2014-05-21 21:20,178.4,188.3,183.3,182.1,193,193.9,179.8,180,179.5,179.9,180.1,222,206.7,203.9,208.9,221.9,179.8,180,179.9,44.6,78.2,70.8,7.998,7.96,45.836,990,192.7,14,210.104,2014-05-21 19:53,,
2014-05-21 20:49,Extruder 1,14-A-350,90310-000065100004,7050 0% 065T 1000W BK N/T,20556,1476,1250,250,2014-05-21 20:49,177.7,188.5,183.5,183.4,193.1,193.9,180.6,180.5,180.8,180,180.8,223,207,203.5,208.3,223.1,180.6,180.1,180,44.5,77.9,71.1,8.005,7.992,46.134,1008,193,12.2,215.655,2014-05-21 19:53,,
2014-05-21 18:27,Extruder 1,14-A-349,90310-000065100004,7050 0% 065T 1000W BK N/T,20556,1413,1250,250,2014-05-21 18:27,178.7,188.3,181.8,182.7,193,196.1,180.3,180.2,180.2,180.2,180,222.2,204.6,201.1,206.4,222.3,180.6,180.1,180.1,45,78.4,71.6,7.994,7.978,46.811,1020,194.1,11.9,171.181,2014-05-21 17:55,,
2014-05-21 17:51,Extruder 1,14-A-348,90310-000065100004,7050 0% 065T 1000W BK N/T,20556,1413,1250,1000,2014-05-21 17:51,176,186.5,182.5,182.8,191.7,193,179.7,179,179.8,179.8,179.1,221.4,205.4,201.5,206.9,222,179.2,179.8,179.8,45,77.5,71.4,7.105,7.077,40.636,1117,192.1,12.3,195.327,2014-05-21 15:40,,
2014-05-21 16:43,Extruder 1,14-A-348,90310-000065100004,7050 0% 065T 1000W BK N/T,20556,1413,1250,500,2014-05-21 16:43,178.2,188.6,181.9,183.5,193.2,197.4,180.1,179.8,180.3,180,179.7,222.1,205.7,202.5,207.7,222.3,180.3,180.1,180,44.8,78.3,71.4,7.998,7.974,45.952,1065,194.3,13,210.721,2014-05-21 15:40,,
2014-05-21 16:13,Extruder 1,14-A-348,90310-000065100004,7050 0% 065T 1000W BK N/T,20556,1413,1250,250,2014-05-21 16:13,177.9,188.4,182.9,183.8,193.1,196.5,180.6,180.4,180.3,180.3,181.5,222.6,204.5,201.2,206.4,222.4,180.6,180,180,44.7,78.2,71.2,7.994,7.974,46.36,1057,194.6,12.7,211.361,2014-05-21 15:40,,
2014-05-21 15:35,Extruder 1,14-A-347,90310-000065100004,7050 0% 065T 1000W BK N/T,20556,1413,1250,1000,2014-05-21 15:35,175.9,186.6,181.9,182.2,191.3,192.4,179.6,178.3,179.7,179.9,179.3,221.2,204.9,201,205.9,221.6,179.3,179.7,179.4,44.2,77.3,70.4,7.1,7.069,41.116,1108,192.4,13,202.491,2014-05-21 12:50,,
2014-05-21 14:28,Extruder 1,14-A-347,90310-000065100004,7050 0% 065T 1000W BK N/T,20556,1413,1250,500,2014-05-21 14:28,177.4,188.5,183.4,183.9,193.1,195.7,180.2,180,180.3,180.1,180.4,221.7,205.9,202.6,207.4,222.1,180.2,180,180,44.7,78.4,71.1,8.001,7.96,46.011,1067,194.3,13,212.144,2014-05-21 12:50,,
2014-05-21 13:57,Extruder 1,14-A-347,90310-000065100004,7050 0% 065T 1000W BK N/T,20556,1413,1250,250,2014-05-21 13:57,178.2,187.9,183.1,180.4,192.8,195.3,180.8,180.4,180.7,180,180.7,222.3,205.1,202.3,205.8,222.8,180.6,180,180,44.4,78,71.1,7.802,7.773,45.301,1053,194.1,11.9,210.935,2014-05-21 12:50,,
2014-05-21 12:45,Extruder 1,14-A-346,90310-000065100004,7050 0% 065T 1000W BK N/T,20556,1413,1250,1000,2014-05-21 12:45,176,187,181.9,182.4,191.9,191.4,179.8,178.9,180,180,178.9,221.5,204.4,199.9,205.2,221.6,179.3,179.8,180,43.8,76.7,69.6,9.001,8.979,40.153,1074,191.9,11.7,189.753,2014-05-21 10:35,,
2014-05-21 11:36,Extruder 1,14-A-346,90310-000065100004,7050 0% 065T 1000W BK N/T,20556,1413,1250,500,2014-05-21 11:36,177.2,188.3,183.2,181.8,193.3,197.2,180.3,180.1,180.1,180.1,180.4,222.2,205.9,202.2,207.1,222,180.1,180,180,44.3,77.9,70.4,8.005,7.958,46.123,1006,194.6,11.9,206.973,2014-05-21 10:35,,
2014-05-21 11:06,Extruder 1,14-A-346,90310-000065100004,7050 0% 065T 1000W BK N/T,20556,1413,1250,250,2014-05-21 11:06,178.7,188.8,183.3,180.6,192.8,197,180.5,180,180.3,180.3,180.3,222.5,204.7,201.2,206,222.5,180.4,180,180,44,78.1,70.3,7.996,7.968,46.421,1001,194.6,11.9,212.263,2014-05-21 10:35,,
2014-05-21 10:29,Extruder 1,14-A-345,90310-000065100004,7050 0% 065T 1000W BK N/T,20556,1413,1250,1000,2014-05-21 10:29,176,186.8,182.3,181,191.7,191.1,180,178.7,179.6,180,178.9,221.3,203.8,199.5,205.4,221.9,179.2,179.9,179.6,43.1,76.2,68.9,11.002,10.982,41.107,1145,192.1,12.5,201.945,2014-05-21 8:15,,
2014-05-21 9:19,Extruder 1,14-A-345,90310-000065100004,7050 0% 065T 1000W BK N/T,20556,1413,1250,500,2014-05-21 9:19,177,188.5,183.4,183.2,193,196.8,180.2,180,180,180,179.8,221.9,205,201.8,206.8,222.2,180.3,180,180,43.4,78.3,70.5,8.001,7.968,46.002,1012,194.4,13.2,211.456,2014-05-21 8:15,,
2014-05-21 8:49,Extruder 1,14-A-345,90310-000065100004,7050 0% 065T 1000W BK N/T,20556,1580,1250,250,2014-05-21 8:49,178.1,187.7,182.9,184.1,193,195,180.6,180.4,180.5,180.2,180,221.9,203.3,200.5,205.4,222.7,180.3,179.9,180,43.1,79.6,70.6,7.996,7.968,46.451,1033,194.4,13.3,207.092,2014-05-21 8:15,,
2014-05-21 8:11,Extruder 1,14-A-344,90310-000065100004,7050 0% 065T 1000W BK N/T,20556,1580,1250,1000,2014-05-21 8:11,176.1,186.6,181.5,182,191.5,191.6,179.8,178.7,180,180,179.2,221.3,202.5,198.5,204.4,222,179.3,179.7,179.7,42.8,78.2,70.2,7.098,7.067,40.975,1098,192.1,11.6,209.417,2014-05-21 5:55,,
2014-05-21 6:56,Extruder 1,14-A-344,90310-000065100004,7050 0% 065T 1000W BK N/T,20556,1580,1250,500,2014-05-21 6:56,177.6,188.5,182.9,183.2,193,193,180,180.1,180,179.9,181.1,222.4,204,200.5,205.5,222.1,180.2,180,180,42.8,79,70.8,7.1,7.067,40.897,967,193.2,12.2,213.828,2014-05-21 5:55,,
2014-05-21 6:22,Extruder 1,14-A-344,90310-000065100004,7050 0% 065T 1000W BK N/T,20556,1580,1250,250,2014-05-21 6:22,178,188.1,183.2,184,193,193.3,180.4,180,180.7,180.1,179.4,221.9,203.3,200.5,205.1,222.5,180.2,180,180,42.8,79.2,70.5,7.098,7.049,40.952,975,193.5,13.1,209.013,2014-05-21 5:55,,
2014-05-21 5:41,Extruder 1,14-A-343,90310-000065100004,7050 0% 065T 1000W BK N/T,20556,1580,1250,1000,2014-05-21 5:41,175.7,186.6,181.9,182.4,191.7,191.7,180,178.9,180,179.8,178.6,221.8,202.4,197.8,203.1,221.3,178.8,179.7,179,42.4,78,69.9,6.996,6.971,40.95,1071,192,11.3,213.401,2014-05-21 3:12,,
2014-05-21 4:24,Extruder 1,14-A-343,90310-000065100004,7050 0% 065T 1000W BK N/T,20556,1580,1250,500,2014-05-21 4:24,178.7,187.7,183,182.5,193,193.1,180,180.2,180,180,180.4,221.9,203.8,200.4,205.7,222.3,180.2,180,180,42.9,80,70.3,7.102,7.067,41.082,971,193.5,11.5,211.124,2014-05-21 3:12,,
2014-05-21 3:49,Extruder 1,14-A-343,90310-000065100004,7050 0% 065T 1000W BK N/T,20556,1580,1250,250,2014-05-21 3:49,178.2,187.8,182.6,183.6,192.8,193.1,180.1,180.1,179.9,180,181.2,222.7,203.6,200.3,204.7,222,179.7,180,180,42.9,79.7,70.4,7.1,7.075,40.118,926,193.2,13.1,208.373,2014-05-21 3:12,,
2014-05-21 3:09,Extruder 1,14-A-343,90310-000065100004,7050 0% 065T 1000W BK N/T,20556,1580,1250,1000,2014-05-21 3:09,176.4,187.1,181.6,182.3,191.5,192.1,179.7,179.2,179.8,180,179.7,221.4,202.9,199.1,204.3,222,179.6,179.9,179.9,42.6,78.4,70.2,7.003,6.969,40.116,1024,192.3,11.4,207.495,2014-05-21 3:12,,
2014-05-21 1:56,Extruder 1,14-A-342,90310-000065100004,7050 0% 065T 1000W BK N/T,20556,1580,1250,500,2014-05-21 1:56,178.6,187.9,183.3,183.6,192.9,192.9,180,180.1,179.7,179.8,179.3,222,203.5,200.3,205.4,222.1,180,179.9,180,43.1,79.9,70.9,7.098,7.051,41.207,916,193.3,12.2,208.373,2014-05-21 0:57,,
2014-05-21 1:22,Extruder 1,14-A-342,90310-000065100004,7050 0% 065T 1000W BK N/T,20556,1580,1250,250,2014-05-21 1:22,178,187.7,182.9,183.6,192.8,193.1,180.2,180,180.3,180.1,180.4,221.7,202.8,200.7,204.4,222.1,180.7,180,180,42.6,79.1,70.3,7.1,7.065,41.235,888,193.3,12.8,203.558,2014-05-21 0:57,,
2014-05-21 0:41,Extruder 1,14-A-341,90310-000065100004,7050 0% 065T 1000W BK N/T,20556,1580,1250,1000,2014-05-21 0:41,176.1,186.5,181.9,182.6,191.5,191.8,180,179.3,180,180.2,179.4,221.7,202.2,199.2,204,222.3,180,179.8,179.7,42.8,78.9,70.3,7.001,6.969,41.121,950,191.8,12.1,201.589,2014-05-20 22:23,,
2014-05-20 23:27,Extruder 1,14-A-341,90310-000065100004,7050 0% 065T 1000W BK N/T,20556,1580,1250,500,2014-05-20 23:27,178.5,187.7,183,182.2,193,192.5,179.7,180,179.9,180,179.9,222.1,203.8,200.2,205,222.1,180,180.1,180.1,42.8,79.4,70.3,7.102,7.075,41.203,896,192.8,13.3,206.096,2014-05-20 22:23,,
2014-05-20 22:53,Extruder 1,14-A-341,90310-000065100004,7050 0% 065T 1000W BK N/T,20556,1580,1250,250,2014-05-20 22:53,177.9,188,183,182.8,192.8,194.1,180.7,180,180,179.8,179.5,222.3,203.9,201.1,204.8,222.5,180.6,180,180.1,43.1,79.6,70.2,7.1,7.082,41.187,921,194.1,14.4,205.74,2014-05-20 22:23,,
2014-05-20 22:13,Extruder 1,14-A-340,90310-000065100004,7050 0% 065T 1000W BK N/T,20556,1580,1250,1000,2014-05-20 22:13,175.5,186.4,181.7,182.5,191.4,192.4,179.7,178.7,179.7,180,178.4,221.1,202.5,198,203.3,221.5,179.4,179.7,179.2,43,79,69.8,8.506,8.472,41.162,995,191.6,12.3,206.428,2014-05-20 19:41,,
2014-05-20 20:57,Extruder 1,14-A-340,90310-000065100004,7050 0% 065T 1000W BK N/T,20556,1580,1250,500,2014-05-20 20:57,178,188.3,182.4,182.9,193,193.1,180,179.7,180,179.8,180.3,221.7,204.1,200.4,205.7,222.1,180,180,180,43.4,80,70.7,7.1,7.061,41.387,926,193.1,12,202.23,2014-05-20 19:41,,
2014-05-20 20:22,Extruder 1,14-A-340,90310-000065100004,7050 0% 065T 1000W BK N/T,20556,1580,1250,250,2014-05-20 20:22,178.6,188.6,182.5,183.5,192.9,194.1,180.1,180.2,180.4,180.2,180.5,222.4,203.4,200.5,205,222.2,180.1,180,180,43.2,79.7,70.6,7.098,7.082,41.198,946,193.3,12.7,202.087,2014-05-20 19:41,,
2014-05-20 19:43,Extruder 1,14-A-340,90310-000065100004,7050 0% 065T 1000W BK N/T,20556,1580,1250,1000,2014-05-20 19:43,175.8,186.8,182.4,181.9,191.7,191.7,180.1,178.9,180,180.1,179.4,221.4,202.2,198.2,204.1,221.9,179.1,180,179.3,43.1,78.8,69.6,7.105,7.072,41.098,1044,191.9,11.8,207.97,2014-05-20 19:41,,
2014-05-20 18:27,Extruder 1,14-A-339,90310-000065100004,7050 0% 065T 1000W BK N/T,20556,1413,1250,500,2014-05-20 18:27,178.3,188.1,183.1,183.6,193,193.8,179.7,179.8,180,180,179.5,222.4,204.1,200.2,205.4,221.7,179.8,179.9,179.9,43.6,80,71.1,7.098,7.072,41.269,927,193.3,12.5,205.503,2014-05-20 17:19,,
2014-05-20 17:52,Extruder 1,14-A-339,90310-000065100004,7050 0% 065T 1000W BK N/T,20556,1413,1250,250,2014-05-20 17:52,177.7,187.7,183.2,181.9,192.8,193,180.5,180.3,180.1,180,179,222.3,203.6,200.2,204.7,222.5,179.9,180,180,43.6,80.3,71.3,7.1,7.072,41.435,911,193.5,13,204.625,2014-05-20 17:19,,
2014-05-20 17:13,Extruder 1,14-A-338,90310-000065100004,7050 0% 065T 1000W BK N/T,20556,1413,1250,1000,2014-05-20 17:13,176.3,186.5,181.4,181.4,191.3,191.5,180,179,180,180,178.7,221.4,202.9,199.2,204.3,222.2,179.6,180,179.8,43.2,79.1,70.4,8.957,8.976,41.205,1103,191.5,10.6,194.782,2014-05-20 14:48,,
2014-05-20 15:56,Extruder 1,14-A-338,90310-000065100004,7050 0% 065T 1000W BK N/T,20556,1413,1250,500,2014-05-20 15:56,178,188,183.1,182.6,192.9,193.1,180,180.3,180.2,180,179.7,222.1,203.4,199.8,204.7,221.9,179.8,180,180,44,80.2,71.6,7.001,6.971,41.28,856,192.8,13.3,196.158,2014-05-20 14:48,,
2014-05-20 15:21,Extruder 1,14-A-338,90310-000065100004,7050 0% 065T 1000W BK N/T,20556,1413,1250,250,2014-05-20 15:21,177.3,188,183.1,183.8,192.8,193.1,180.2,180.3,180.2,180,179.4,221.6,203.1,200.4,204.6,222.2,179.7,180,180,44.1,76.3,72.1,10.547,11.054,41.435,899,192.9,11.5,197.13,2014-05-20 14:48,,
2014-05-20 14:42,Extruder 1,14-A-337,90310-000065100004,7050 0% 065T 1000W BK N/T,20556,1413,1250,1000,2014-05-20 14:42,176.1,186.8,181.6,182.8,191.3,191.9,179.8,179.3,180,179.8,179.7,221.1,202.6,199,204.2,222.3,180,180,180.2,44.3,79,71.5,6.998,7.013,41.089,981,191.8,11.3,197.225,2014-05-19 23:06,,
2014-05-20 13:27,Extruder 1,14-A-337,90310-000065100004,7050 0% 065T 1000W BK N/T,20556,1413,1250,500,2014-05-20 13:27,177.7,187.5,183.1,182.6,193,193,179.4,179.7,179.8,179.7,178.8,221.8,203.7,200.5,205.2,221.6,180,180,179.9,44.4,80.7,71.9,6.994,7.007,40.943,940,192.5,13,202.846,2014-05-19 23:06,,
2014-05-20 12:52,Extruder 1,14-A-337,90310-000065100004,7050 0% 065T 1000W BK N/T,20556,1413,1250,250,2014-05-20 12:52,178.1,187.6,182.9,181.9,192.8,193.3,180,180,180.3,180,179.7,219.9,203.9,201.1,205.7,220.1,180.2,180.1,180,44.1,80.5,71.7,7.003,6.997,40.932,943,193,12.7,201.589,2014-05-19 23:06,,
2014-05-19 22:29,Extruder 1,14-A-336,90310-000065100004,7050 0% 065T 1000W BK N/T,20556,1580,1250,1000,2014-05-19 22:29,177.7,187.5,182.7,183.4,193,193.7,179.8,179.7,179.5,179.7,179.4,225,207.7,203.8,209.6,224.8,180.2,180,180,44.1,79.7,73.7,7.746,7.783,44.426,1010,193.5,13,202.158,2014-05-19 18:13,,
2014-05-19 21:27,Extruder 1,14-A-336,90310-000065100004,7050 0% 065T 1000W BK N/T,20556,1580,1250,500,2014-05-19 21:27,177.4,188.1,183.1,183.1,193,195.5,180,179.9,180.3,180.1,181.3,224.8,207.5,203.7,210.1,225.5,180.1,179.8,180,44.8,80.1,73.6,8.133,8.165,46.995,1017,194.1,12.1,201.257,2014-05-19 18:13,,
2014-05-19 20:57,Extruder 1,14-A-336,90310-000065100004,7050 0% 065T 1000W BK N/T,20556,1580,1250,250,2014-05-19 20:57,178.3,188,183.5,184.5,193.1,195.2,179.9,180,180,179.9,179.9,225.1,206.9,202.9,209.3,225.3,180.2,180,180,44.5,79.7,73.7,8.137,8.159,46.856,1024,193.7,12.8,207.875,2014-05-19 18:13,,
2014-05-19 20:15,Extruder 1,14-A-336,90310-000065100004,7050 0% 065T 1000W BK N/T,20556,1580,1250,250,2014-05-19 20:15,178.8,188.2,183.8,183.7,193,194.8,181.3,180.6,180.9,180.1,179.4,226.2,205,202.5,206.2,226,180.6,180,180,44.4,78.5,73.8,7.398,7.403,42.137,972,194,14.1,202.609,2014-05-19 18:13,,
2014-05-19 18:40,Extruder 1,14-A-336,90310-000065100004,7050 0% 065T 1000W BK N/T,20556,1546,1250,250,2014-05-19 18:40,178.2,188.3,182.6,182.6,192.8,194.5,180.1,180,180.3,180,179.6,225.3,206.5,202.3,208.8,225.3,179.6,180.2,180,44.7,79.4,74,7.306,7.312,43.15,1010,193.3,12.6,196.513,2014-05-19 18:13,,
2014-05-19 18:02,Extruder 1,14-A-335,90310-000065100004,7050 0% 065T 1000W BK N/T,20556,1546,1250,1000,2014-05-19 18:02,175.7,186.8,181.8,182.6,191.3,193.1,179.9,179.4,180,180,179,224.6,206.7,202.9,209.4,225,179.5,179.8,180,44.5,79,73.7,7.301,7.317,43.093,1122,192.6,12.3,208.658,2014-05-19 15:52,,
2014-05-19 16:52,Extruder 1,14-A-335,90310-000065100004,7050 0% 065T 1000W BK N/T,20556,1546,1250,500,2014-05-19 16:52,178,188.2,183.2,184.2,192.9,194.6,179.6,179.8,180,180,179.5,225.3,207,202.9,209.5,225,180.1,180,180,44.5,79.2,74,7.299,7.349,43.155,1051,193.3,12.7,205.479,2014-05-19 15:52,,
2014-05-19 16:18,Extruder 1,14-A-335,90310-000065100004,7050 0% 065T 1000W BK N/T,20556,1546,1250,250,2014-05-19 16:18,178.5,188.1,183.2,183.5,192.9,195.9,180.9,180,180,179.6,179.6,225.9,207,202.2,208.8,225.6,180.3,179.8,180,44.7,78.9,73.7,7.253,7.264,43.378,1033,194.3,11.8,200.783,2014-05-19 15:52,,
2014-05-19 15:27,Extruder 1,14-A-334,90310-000065100004,7050 0% 065T 1000W BK N/T,20556,1546,1250,1000,2014-05-19 15:27,178.6,188.2,183.3,183.6,193,194.6,180,180.2,180,180,180,224.8,207.4,203.8,209.7,224.8,180.4,180,180,44.7,79.9,74.4,7.25,7.266,43.107,1037,193.5,13.2,199.763,2014-05-19 8:44,,
2014-05-19 14:19,Extruder 1,14-A-334,90310-000065100004,7050 0% 065T 1000W BK N/T,20556,1546,1250,500,2014-05-19 14:19,178,188.2,182.4,182.5,193.1,193.9,180,180,179.9,180,180.3,225.4,207.7,203.4,209.4,225.2,180.1,179.9,180,44.3,79.3,73.9,7.299,7.309,42.882,1024,193.4,11.1,202.562,2014-05-19 8:44,,
2014-05-19 13:45,Extruder 1,14-A-334,90310-000065100004,7050 0% 065T 1000W BK N/T,20556,1546,1250,250,2014-05-19 13:45,178,188.2,183,182.9,193.1,193.6,180,180,180.1,180,179.4,225.7,207,202.2,208.4,225,179.9,180,180.1,44.1,79.1,73.9,7.299,7.319,42.927,1023,193.1,11.5,196.395,2014-05-19 8:44,,
2014-05-19 13:05,Extruder 1,14-A-334,90310-000065100004,7050 0% 065T 1000W BK N/T,20556,1546,1250,1000,2014-05-19 13:05,178.2,188.1,183.2,183.3,192.8,195.3,180,180.5,180.6,180.2,180.4,225.7,205.8,201.9,207.1,226.3,180.9,180.2,180.1,43.4,78.2,71.8,7.204,7.22,43.171,996,193.1,12.8,196.205,2014-05-19 8:44,,
2014-04-27 14:16,Extruder 1,14-A-312,90310-000065080004,7050 0% 065T 800W BK N/T,20078,1546,1250,1000,2014-04-27 14:16,177.9,188,183.2,183,192.8,193.1,180,180,179.9,180,179.6,210.2,200.1,199.9,199.8,210,169.3,180.1,180,34.1,81.3,67.3,7.549,7.556,33.023,1088,192.6,10.1,181.879,2014-04-27 12:16,,
2014-04-27 13:12,Extruder 1,14-A-312,90310-000065080004,7050 0% 065T 800W BK N/T,20078,1546,1250,500,2014-04-27 13:12,178,188,182.9,183.2,192.9,192.6,180.1,180.1,180.1,180.1,179.7,210,200.2,200.1,200,209.9,169.3,180,180,34.9,82.2,68.1,7.551,7.556,33.018,1096,192.7,9.8,180.693,2014-04-27 12:16,,
2014-04-27 12:39,Extruder 1,14-A-312,90310-000065080004,7050 0% 065T 800W BK N/T,20078,1546,1250,250,2014-04-27 12:39,177.8,188,182.9,182.9,192.6,192.6,180.2,180.3,180.2,180.1,179.5,210.3,200.5,200.4,200.6,210.3,169.1,179.9,180.1,35,81.9,67.9,7.602,7.604,33.018,1093,193,10,181.784,2014-04-27 12:16,,
2014-04-27 12:02,Extruder 1,14-A-311,90310-000065080004,7050 0% 065T 800W BK N/T,20078,1546,1250,1000,2014-04-27 12:02,175,186.3,180.9,181,191.1,191.9,179.7,179.3,179.8,180,179.3,210,199.5,199.3,199.3,210.2,169.1,179.9,180.1,34.3,81,67.2,7.65,7.63,32.039,1137,191.6,9.4,178.89,2014-04-27 9:40,,
2014-04-27 10:54,Extruder 1,14-A-311,90310-000065080004,7050 0% 065T 800W BK N/T,20078,1546,1250,500,2014-04-27 10:54,178,187.9,182.9,182.7,192.9,192.9,180.3,180.1,180.1,180,180.1,209.9,199.9,199.9,200.2,210,169.4,180,180,33.9,81.2,67,7.653,7.644,33.048,1107,193,9.4,182.116,2014-04-27 9:40,,
2014-04-27 10:22,Extruder 1,14-A-311,90310-000065080004,7050 0% 065T 800W BK N/T,20078,1546,1250,250,2014-04-27 10:22,177.9,188,182.8,182.8,192.8,192.9,179.8,180.3,180,180,180.1,209.8,199.9,200,200.3,210,169.1,180,180,33.9,81.3,66.5,7.647,7.64,33.027,1089,192.7,10.2,176.969,2014-04-27 9:40,,
2014-04-27 9:21,Extruder 1,14-A-310,90310-000065080004,7050 0% 065T 800W BK N/T,20078,1546,1250,1000,2014-04-27 9:21,174.8,186.2,180.8,181.2,190.6,191.8,179.7,179.1,180,180,180.2,210.2,199.8,199.5,199.7,210.3,168.9,180,180.1,32.6,79.3,65.3,7.653,7.65,33.1,1145,191.8,9.5,179.957,2014-04-27 7:17,,
2014-04-27 8:14,Extruder 1,14-A-310,90310-000065080004,7050 0% 065T 800W BK N/T,20078,1546,1250,500,2014-04-27 8:14,178,188.1,182.9,182.6,192.8,193,180,179.9,180.1,180,179.7,210,200,200,200.1,209.9,169.2,180,180,33.2,80.7,66.3,7.648,7.65,33.025,1100,192.8,10,178.226,2014-04-27 7:17,,
2014-04-27 7:42,Extruder 1,14-A-310,90310-000065080004,7050 0% 065T 800W BK N/T,20078,1546,1250,250,2014-04-27 7:42,177.6,187.9,182.6,182.7,192.5,192.8,180.1,180.3,180,180,180,210.3,200.5,200.2,200.4,209.9,168.9,179.9,180,33.2,80.8,65.8,7.65,7.65,33.014,1082,193,9.3,180.93,2014-04-27 7:17,,
2014-04-27 7:06,Extruder 1,14-A-309,90310-000065080004,7050 0% 065T 800W BK N/T,20078,1546,1250,1000,2014-04-27 7:06,175.1,186.2,181,180.7,191.1,192.1,180,179.3,179.7,179.7,179,210,199.2,199.1,199.2,209.9,168.9,179.9,180,33.7,80.7,66.2,7.65,7.634,33.057,1149,191.9,10.1,182.305,2014-04-27 4:58,,
2014-04-27 5:57,Extruder 1,14-A-309,90310-000065080004,7050 0% 065T 800W BK N/T,20078,1731,1250,500,2014-04-27 5:57,178,188,182.9,182.7,192.7,193.3,180,180.1,180.1,179.9,180.5,210,200.2,200,200.2,210.4,169.3,180,180,33.7,80.9,65.4,7.648,7.636,33.025,1093,192.8,10.1,184.132,2014-04-27 4:58,,
2014-04-27 5:26,Extruder 1,14-A-309,90310-000065080004,7050 0% 065T 800W BK N/T,20078,1731,1250,250,2014-04-27 5:26,177.5,187.9,182.8,182.7,192.4,193.4,180.2,180,180.1,180,180.1,210.2,200.3,200.2,200.3,210,169.2,180,180,34.2,81.2,66.5,7.65,7.636,32.986,1083,192.9,9.6,176.044,2014-04-27 4:58,,
2014-04-27 4:51,Extruder 1,14-A-308,90310-000065080004,7050 0% 065T 800W BK N/T,20078,1731,1250,1000,2014-04-27 4:51,174.9,186.3,180.8,180.8,190.9,192.8,180.3,179.5,180,180,180.5,210.1,199.8,199.4,199.5,210.3,169.2,180,180,33.6,80.5,66.1,7.648,7.626,33.014,1137,192.4,9.3,175.213,2014-04-27 2:43,,
2014-04-27 3:44,Extruder 1,14-A-308,90310-000065080004,7050 0% 065T 800W BK N/T,20078,1731,1250,500,2014-04-27 3:44,177.8,188.1,183.1,182.8,192.8,193.3,180,180,180,180,180.9,210.1,200.1,199.9,200.2,209.9,169.7,180,180,33.7,80.9,66.4,7.648,7.654,33.025,1069,193,10,176.352,2014-04-27 2:43,,
2014-04-27 3:12,Extruder 1,14-A-308,90310-000065080004,7050 0% 065T 800W BK N/T,20078,1731,1250,250,2014-04-27 3:12,177.6,187.9,182.8,182.9,192.4,192.9,180,179.7,180,179.9,179.3,210.1,200.2,200.2,200.3,210,169.5,180,180,33.4,80.9,65.9,7.648,7.654,33.093,1088,192.9,9.7,182.139,2014-04-27 2:43,,
2014-04-27 2:38,Extruder 1,14-A-307,90310-000065080004,7050 0% 065T 800W BK N/T,20078,1731,1250,1000,2014-04-27 2:38,174.9,186.3,180.8,180.7,190.9,192.3,180,179.4,179.9,180,178.8,210,199.6,199.4,199.5,210,169.7,180,180,33.8,81.2,65.8,7.653,7.636,33.018,1138,192.5,9.2,180.621,2014-04-27 0:31,,
2014-04-27 1:31,Extruder 1,14-A-307,90310-000065080004,7050 0% 065T 800W BK N/T,20078,1731,1250,500,2014-04-27 1:31,177.9,188,182.8,182.9,192.8,192.7,180.2,180.1,180.1,180,180,210.1,200.2,200.1,200.3,210.2,169.5,180.2,180.1,33.5,81.3,66.2,7.65,7.644,32.97,1101,193.1,9.3,190.038,2014-04-27 0:31,,
2014-04-27 0:59,Extruder 1,14-A-307,90310-000065080004,7050 0% 065T 800W BK N/T,20078,1731,1250,250,2014-04-27 0:59,177.6,187.8,182.8,182.8,192.5,193.1,180,180.1,180,180,180,210.2,200.4,200.2,200.3,210,169.2,180,180,34.5,80.9,66.6,7.653,7.657,33.041,1075,192.8,10.2,190.655,2014-04-27 0:31,,
2014-04-27 0:25,Extruder 1,14-A-306,90310-000065080004,7050 0% 065T 800W BK N/T,20078,1731,1250,1000,2014-04-27 0:25,175.1,186.4,180.7,182.1,191.1,192.6,180.1,179.4,180,180,180.3,209.8,199.7,199.5,199.5,210.1,168.9,179.9,180,33.6,80.6,65.6,7.653,7.64,33.064,1087,192.2,10,177.23,2014-04-26 22:19,,
2014-04-26 23:17,Extruder 1,14-A-306,90310-000065080004,7050 0% 065T 800W BK N/T,20078,1731,1250,500,2014-04-26 23:17,178,188,182.9,182.7,192.9,193.3,180.1,180,180,180,180.3,210,200.1,200.1,200.1,209.8,168.7,180,179.9,34.2,81.4,66.2,7.65,7.642,33.052,966,192.8,10.1,179.009,2014-04-26 22:19,,
2014-04-26 22:45,Extruder 1,14-A-306,90310-000065080004,7050 0% 065T 800W BK N/T,20078,1731,1250,250,2014-04-26 22:45,177.5,187.9,182.7,183.6,192.4,193,180,180.2,180,180.1,180.2,210.3,200.3,200.2,200.3,210.2,168.3,179.8,180,34.1,81.2,66.1,7.753,7.763,33.009,950,192.4,9.9,184.749,2014-04-26 22:19,,
2014-04-26 22:12,Extruder 1,14-A-305,90310-000065080004,7050 0% 065T 800W BK N/T,20078,1731,1250,1000,2014-04-26 22:12,175.2,186.2,180.5,180,190.9,192.7,180,179.4,180,180,179.6,210.1,199.6,199.3,199.4,210.2,168.3,180,180.1,33.9,80.9,65.7,8.003,7.99,33.016,990,191.8,9.6,175.332,2014-04-26 20:06,,
2014-04-26 21:05,Extruder 1,14-A-305,90310-000065080004,7050 0% 065T 800W BK N/T,20078,1731,1250,500,2014-04-26 21:05,178,188,183.1,182.7,192.9,192.9,180.1,180.3,180,180,180,210,200.1,200.2,200,210,168.8,180,180,34,81.2,65.9,7.746,7.753,33.036,967,192.7,10.2,173.743,2014-04-26 20:06,,
2014-04-26 20:34,Extruder 1,14-A-305,90310-000065080004,7050 0% 065T 800W BK N/T,20078,1731,1250,250,2014-04-26 20:34,177.5,188.1,183.1,182.9,192.4,193,180,180,180,179.9,180.3,210,200.3,200.5,200.4,210.5,168.6,179.8,179.9,34,81.6,66.3,7.65,7.64,33.032,1010,192.7,9.8,174.051,2014-04-26 20:06,,
2014-04-26 19:59,Extruder 1,14-A-304,90310-000065080004,7050 0% 065T 800W BK N/T,20078,1731,1250,1000,2014-04-26 19:59,174.8,186.2,180.8,181.3,190.9,191.8,180.3,179.3,179.9,179.9,179.2,210,199.5,199.3,199.4,210.1,169,180,180,33.9,80.7,66.7,7.65,7.66,33.066,1040,192.1,9.4,179.625,2014-04-26 17:50,,
2014-04-26 18:50,Extruder 1,14-A-304,90310-000065080004,7050 0% 065T 800W BK N/T,20078,1251,1250,500,2014-04-26 18:50,177.9,188,183,183.4,192.8,193,179.9,180.1,180,180,180.1,209.9,200.1,200.1,200.2,210,169.2,180,179.9,34,81.2,66.7,7.648,7.652,33.057,1017,192.9,9.3,177.562,2014-04-26 17:50,,
2014-04-26 18:18,Extruder 1,14-A-304,90310-000065080004,7050 0% 065T 800W BK N/T,20078,1251,1250,250,2014-04-26 18:18,177.5,187.9,182.7,182.9,192.5,193.3,180.3,180.1,180.1,180,179.8,210.7,200.9,200.6,201,210.5,169.1,180,180.3,32.4,80.3,65.6,7.65,7.68,33.071,1013,193.3,11.2,184.891,2014-04-26 17:50,,
2014-04-26 17:43,Extruder 1,14-A-303,90310-000065080004,7050 0% 065T 800W BK N/T,20078,1251,1250,1000,2014-04-26 17:43,174.7,186.2,180.5,182.2,190.7,192.5,179.7,179.2,179.9,180,180.2,210,199.4,199.3,199.7,210.1,169.2,180,181,32.2,79.6,65.3,7.65,7.67,33.027,1086,191.9,10.5,183.99,2014-04-26 15:34,,
2014-04-26 16:35,Extruder 1,14-A-303,90310-000065080004,7050 0% 065T 800W BK N/T,20078,1251,1250,500,2014-04-26 16:35,178,188,182.9,183,192.8,193,180.1,180,180.2,180.1,180.3,209.9,200.2,200.1,200.2,210,169.4,180,180,32.6,80.3,65.6,7.65,7.644,33.036,1009,192.9,10.6,183.159,2014-04-26 15:34,,
2014-04-26 16:03,Extruder 1,14-A-303,90310-000065080004,7050 0% 065T 800W BK N/T,20078,1251,1250,250,2014-04-26 16:03,177.5,187.8,182.8,183.1,192.5,192.9,180.1,180.2,180,180,179.5,210.2,200.4,200.5,200.4,210.1,169.3,180,180,32.8,80.5,66.2,7.65,7.642,33.103,1038,192.8,11.5,179.435,2014-04-26 15:34,,
2014-04-26 15:28,Extruder 1,14-A-302,90310-000065080004,7050 0% 065T 800W BK N/T,20078,1251,1250,1000,2014-04-26 15:28,174.2,186.2,181,181.3,190.7,192.2,179.8,179.4,180,179.9,180,209.9,199.4,199.5,199.7,210,169.3,180,180.3,33,80.3,66.1,7.6,7.594,33.036,1119,191.9,10.5,180.93,2014-04-26 13:17,,
2014-04-26 14:21,Extruder 1,14-A-302,90310-000065080004,7050 0% 065T 800W BK N/T,20078,1251,1250,500,2014-04-26 14:21,178,187.9,183,183.2,192.7,193,180,180,180.1,180,180.5,209.5,200.2,200.1,200.2,210.1,169.5,180,180,32.7,80.3,66,7.648,7.654,33.034,1033,192.9,10.2,179.412,2014-04-26 13:17,,
2014-04-26 13:49,Extruder 1,14-A-302,90310-000065080004,7050 0% 065T 800W BK N/T,20078,1251,1250,250,2014-04-26 13:49,177.5,187.9,182.8,183.5,192.6,192.7,180.1,180.2,180,180,180.5,210.7,200.4,200.3,200.3,210.3,169.1,180,180.1,32.4,80.1,65.9,7.653,7.662,33.021,1034,193,11.4,180.977,2014-04-26 13:17,,
2014-04-26 13:14,Extruder 1,14-A-302,90310-000065080004,7050 0% 065T 800W BK N/T,20078,1251,1250,1000,2014-04-26 13:14,174.7,186.2,180.6,181.1,190.5,192.1,180,179.4,180,180,179.9,210,199.5,199.4,199.6,210,168.9,180,180.1,32.6,79.2,65.9,7.597,7.61,32.046,1090,192.2,10.5,182.211,2014-04-26 13:17,,
2014-04-26 12:06,Extruder 1,14-A-301,90310-000065080004,7050 0% 065T 800W BK N/T,20078,1251,1250,500,2014-04-26 12:06,177.9,188.1,182.9,183,192.8,193,180,180,180,180,180.8,210,200.1,200.1,200,210.1,169.1,180,180,32.7,80.1,66,7.698,7.702,33.082,1050,193,11.2,178.487,2014-04-26 11:04,,
2014-04-26 11:34,Extruder 1,14-A-301,90310-000065080004,7050 0% 065T 800W BK N/T,20078,1251,1250,250,2014-04-26 11:34,177.4,187.9,182.8,182.7,192.4,192.8,180,180,180,180,179.3,210.2,200.3,200.3,200.4,210.1,169,180.1,180.1,32.5,80.1,65.7,7.7,7.713,33.034,1043,193,10.8,182.827,2014-04-26 11:04,,
2014-04-26 10:59,Extruder 1,14-A-300,90310-000065080004,7050 0% 065T 800W BK N/T,20078,1251,1250,1000,2014-04-26 10:59,174.4,186.1,180.4,181,190.6,192,179.9,179.4,179.8,180,180.1,210,199.5,199.5,199.6,210.1,169.2,180,180.3,32,78.8,65.6,7.5,7.503,32.048,1088,192.4,10.4,182.282,2014-04-26 8:49,,
2014-04-26 9:53,Extruder 1,14-A-300,90310-000065080004,7050 0% 065T 800W BK N/T,20078,1251,1250,500,2014-04-26 9:53,178,188,183,182.9,192.9,193.1,180,180,180,180,180.6,209.9,200.1,200,200,209.9,169.4,179.9,180,32.7,80.2,66.1,7.7,7.69,33.096,1059,193,11.5,179.246,2014-04-26 8:49,,
2014-04-26 9:20,Extruder 1,14-A-300,90310-000065080004,7050 0% 065T 800W BK N/T,20078,1251,1250,250,2014-04-26 9:20,177.6,187.9,182.5,183.3,192.5,193,180.2,180.3,180.2,180,180.2,210.1,200.4,200.3,200.3,210,169.2,180,180.1,34.6,81.5,67,7.6,7.606,33.059,1052,193,11.2,181.357,2014-04-26 8:49,,
2014-04-26 8:43,Extruder 1,14-A-299,90310-000065080004,7050 0% 065T 800W BK N/T,20078,1251,1250,1000,2014-04-26 8:43,174.3,186,180.5,180.4,190.6,192,180,179.3,180,180,178.4,210,199.3,199.5,199.6,210.3,169.2,180,180.3,34,81.6,66.6,7.509,7.493,33.995,1165,192.3,10.1,183.966,2014-04-26 6:42,,
2014-04-26 7:37,Extruder 1,14-A-299,90310-000065080004,7050 0% 065T 800W BK N/T,20078,1251,1250,500,2014-04-26 7:37,177.9,188.1,183,183.4,192.7,192.7,180.1,180.1,180,180.1,180.6,210,200.1,199.9,200.1,210,169.5,180,180,32.8,80.3,66,7.746,7.755,33.46,1075,193.2,9.5,184.962,2014-04-26 6:42,,
2014-04-26 7:05,Extruder 1,14-A-299,90310-000065080004,7050 0% 065T 800W BK N/T,20078,1251,1250,250,2014-04-26 7:05,177.5,188,182.8,183,192.5,192.4,180.3,180.3,180,180,180.6,210.3,200.5,200.4,200.4,209.6,169.2,180,179.8,32.9,80.3,65.9,7.751,7.755,34.023,1078,193.1,11.5,181.902,2014-04-26 6:42,,
2014-04-26 6:30,Extruder 1,14-A-298,90310-000065080004,7050 0% 065T 800W BK N/T,20078,1520,1250,1000,2014-04-26 6:30,174.8,186.2,180.6,181.3,190.7,191.8,180,179,180,180,180,210.1,199.5,199.2,199.3,210,168.9,180,180,34,81.2,67,7.7,7.7,33.524,1155,192.2,10.1,183.824,2014-04-26 4:21,,
2014-04-26 5:20,Extruder 1,14-A-298,90310-000065080004,7050 0% 065T 800W BK N/T,20078,1520,1250,500,2014-04-26 5:20,178,188,183,182.6,193,192.8,180.2,179.8,180,180,181,209.9,200.2,200.2,200.2,210,168.8,180,180,34.6,82.2,66.3,7.52,7.526,33.196,1093,193.2,11.4,183.159,2014-04-26 4:21,,
2014-04-26 4:47,Extruder 1,14-A-298,90310-000065080004,7050 0% 065T 800W BK N/T,20078,1520,1250,250,2014-04-26 4:47,177.6,188.1,182.7,183.2,192.7,193.4,180.5,180.4,180.1,180.1,179.7,210.5,201,200.8,201,210.5,168,180.1,180,34.8,83.1,66.3,7.496,7.496,33.255,1083,193.1,9.2,180.408,2014-04-26 4:21,,
2014-04-26 4:11,Extruder 1,14-A-297,90310-000065080004,7050 0% 065T 800W BK N/T,20078,1520,1250,1000,2014-04-26 4:11,175.3,186.3,181.3,181,191.2,191.8,179.8,178.9,179.9,179.8,179.5,210,198.9,198.5,198.6,209.8,167.3,179.8,179.6,33.7,80.4,65.5,7.493,7.337,33.027,1171,191.3,11.1,177.111,2014-04-25 10:07,,
2014-04-26 2:58,Extruder 1,14-A-297,90310-000065080004,7050 0% 065T 800W BK N/T,20078,1520,1250,500,2014-04-26 2:58,177.9,188.1,183,182.7,192.8,193,180,180,179.9,179.9,179.7,209.7,200,199.9,199.8,209.8,166.4,180.1,180,34.6,82.3,66.7,7.52,7.516,33.023,1112,192.5,10.7,186.907,2014-04-25 10:07,,
2014-04-26 2:25,Extruder 1,14-A-297,90310-000065080004,7050 0% 065T 800W BK N/T,20078,1520,1250,250,2014-04-26 2:25,177.6,188,182.8,182.6,192.7,193.6,180.3,180.1,180.3,180,179.7,210.3,201.8,201.1,201.1,210.1,164.4,180,179.9,34.6,82.8,66.2,7.52,7.526,33.032,1107,192.6,11.4,178.558,2014-04-25 10:07,,
2014-04-26 0:54,Extruder 1,14-A-297,90310-000065080004,7050 0% 065T 800W BK N/T,20078,1520,1250,250,2014-04-26 0:54,178.1,188.3,183.2,184,192.7,195.4,180.6,180.4,180.4,180,179.8,210.5,201.3,201.4,201.5,210.7,160.1,180,180.1,36.4,90.2,75.3,8.503,8.539,41.077,1100,193.7,9.5,189.232,2014-04-25 10:07,,
2014-03-30 2:56,Extruder 1,14-A-238,90310-000065100004,7050 0% 065T 1000W BK N/T,19371,1546,1250,1000,2014-03-30 2:56,178,188.3,183.7,182.7,192.9,192.8,180,180,180.1,180,180,214.8,205,205.1,205.1,225,178.3,180,180,39.7,80.9,70.9,6.505,6.497,37.761,862,193.7,13.8,185.982,2014-03-30 0:24,,
2014-03-30 1:40,Extruder 1,14-A-238,90310-000065100004,7050 0% 065T 1000W BK N/T,19371,1546,1250,500,2014-03-30 1:40,177.8,188.5,182.9,183.3,192.8,192.2,179.9,179.9,179.8,180,179.7,214.7,204.7,204.7,205.5,224.7,179,180,179.9,39.5,80.6,70.2,6.5,6.49,37.287,875,193.4,13.7,190.773,2014-03-30 0:24,,
2014-03-30 1:03,Extruder 1,14-A-238,90310-000065100004,7050 0% 065T 1000W BK N/T,19371,1546,1250,250,2014-03-30 1:03,177.6,187.8,182.3,183.2,192.8,193.9,180.1,180,180,180,179.9,215.3,205.5,205.3,206.2,225.2,179.6,180,180.1,39.4,80.4,69.8,6.996,7.013,40.517,930,194.4,13.8,194.687,2014-03-30 0:24,,
2014-03-30 0:23,Extruder 1,14-A-237,90310-000065100004,7050 0% 065T 1000W BK N/T,19371,1546,1250,1000,2014-03-30 0:23,175.1,186.8,181.7,182.3,191.3,193.2,181.3,179.3,180.6,180.1,179.5,214.5,205.3,204.4,206.4,225,179.3,180,179.8,40,80.6,71.3,6.5,6.497,37.109,985,194.7,13.1,194.046,2014-03-29 21:43,,
2014-03-29 22:57,Extruder 1,14-A-237,90310-000065100004,7050 0% 065T 1000W BK N/T,19371,1546,1250,500,2014-03-29 22:57,177.9,187.8,182.7,182.6,192.8,193.3,180,179.6,180.1,180,180.1,215.2,204.9,204.8,206.6,225.2,180.2,179.9,179.8,39.8,80.8,70.8,6.5,6.476,37.055,862,194.2,14.6,184.511,2014-03-29 21:43,,
2014-03-29 22:22,Extruder 1,14-A-237,90310-000065100004,7050 0% 065T 1000W BK N/T,19371,1546,1250,250,2014-03-29 22:22,177.7,188.3,183,183.2,192.7,194.8,180.5,180.1,180.1,180,179.8,215.2,205.9,205.4,207.3,226.9,179.3,180,180.1,40.1,82,70.8,7.202,7.198,41.572,892,194.8,14.4,193.572,2014-03-29 21:43,,
2014-03-29 21:44,Extruder 1,14-A-236,90310-000065100004,7050 0% 065T 1000W BK N/T,19371,1546,1250,1000,2014-03-29 21:44,175.5,186.8,180.9,181.9,191.3,192.3,179.7,179,179.9,180,179.8,214.4,204.1,204.1,203.8,214.3,178.7,180,179.9,39.8,80.7,69.8,7.202,7.188,41.137,951,193.3,14.1,199.194,2014-03-29 16:33,,
2014-03-29 20:32,Extruder 1,14-A-236,90310-000065100004,7050 0% 065T 1000W BK N/T,19371,1546,1250,500,2014-03-29 20:32,178.4,187.7,183.7,183.2,193.3,195,180.7,180.2,180.3,179.9,179.8,214.6,205.6,205.2,205.5,214.8,176.7,180.1,179.8,40.2,81.7,71.6,7.197,7.206,41.068,868,195.3,13.6,190.417,2014-03-29 16:33,,
2014-03-29 19:59,Extruder 1,14-A-236,90310-000065100004,7050 0% 065T 1000W BK N/T,19371,1546,1250,250,2014-03-29 19:59,178.6,188.7,183.3,184.1,193.1,193.7,180.1,180.7,180.1,180,180.4,214.9,206.2,205.8,206,215,172.5,180.2,180,40,80.5,70.8,8.003,7.99,43.56,892,193.5,12.2,192.078,2014-03-29 16:33,,
2014-03-29 17:58,Extruder 1,14-A-236,90310-000065100004,7050 0% 065T 1000W BK N/T,19371,1580,1250,500,2014-03-29 17:58,178,188.4,183.1,183.6,192.8,193.8,180.4,180.7,180,180.3,180.9,216.1,205.5,206.4,206.2,215.8,173.8,180.1,180.3,39.2,82.7,75.3,6.002,6.008,36.052,769,192.9,11.4,180.052,2014-03-29 16:33,,
2014-03-29 17:01,Extruder 1,14-A-236,90310-000065100004,7050 0% 065T 1000W BK N/T,19371,1580,1250,250,2014-03-29 17:01,177.8,188.6,183.2,183.7,192.7,193.2,180.2,180.3,180,180.1,179.8,215.2,205.4,205.2,205.4,215.4,178.1,180,180.1,39.7,77.7,72.4,7.246,7.246,41.123,761,193.9,14.1,182.4,2014-03-29 16:33,,
2014-03-29 16:21,Extruder 1,14-A-235,90310-000065100004,7050 0% 065T 1000W BK N/T,19371,1580,1250,1000,2014-03-29 16:21,175.4,186.9,181.6,182,191.3,192.2,180.1,179,180,180,179.7,214.7,204.3,204.1,204.1,214.8,178.7,179.8,179.7,39.4,80,71.8,7.1,7.089,41.615,887,193,14.1,186.741,2014-03-29 13:52,,
2014-03-29 15:10,Extruder 1,14-A-235,90310-000065100004,7050 0% 065T 1000W BK N/T,19371,1580,1250,500,2014-03-29 15:10,177.8,187.5,183.7,182.9,193,193.7,180.6,180,180,180,180,214.9,204.8,204.7,204.9,214.8,177.7,180.1,179.9,39.7,81.6,74,7.434,7.43,43.314,860,194.9,13.8,190.702,2014-03-29 13:52,,
2014-03-29 14:37,Extruder 1,14-A-235,90310-000065100004,7050 0% 065T 1000W BK N/T,19371,1580,1250,250,2014-03-29 14:37,178,187.7,183.3,183.2,192.9,193.1,180.7,180.3,180.4,180,180,214.5,205.9,205.6,206.4,214.9,175.1,180,179.9,39.4,81,74.7,7.432,7.419,43.353,877,194.8,12.9,196.395,2014-03-29 13:52,,
2014-03-29 12:53,Extruder 1,14-A-234,90310-000065100004,7050 0% 065T 1000W BK N/T,19371,1580,1250,1000,2014-03-29 12:53,178.2,188.1,183.3,183.4,192.9,193,180.3,179.8,180,180,180,213.9,203.9,205.1,204.3,214,179.4,179.9,180,39.5,81.5,73.4,7.098,7.087,41.569,839,194.4,14,175.806,2014-03-29 10:25,,
2014-03-29 11:43,Extruder 1,14-A-234,90310-000065100004,7050 0% 065T 1000W BK N/T,19371,1580,1250,500,2014-03-29 11:43,178.1,188.4,183.3,183.4,193,193,180.1,180.1,180,180,180,225,205.6,205,206.6,224.7,178.6,180,179.9,39.4,81.6,71.2,7.001,6.976,41.82,793,194.1,13.7,188.733,2014-03-29 10:25,,
2014-03-29 11:08,Extruder 1,14-A-234,90310-000065100004,7050 0% 065T 1000W BK N/T,19371,1580,1250,250,2014-03-29 11:08,178,188.1,182.9,183.4,192.9,193.2,180.4,180,180.3,180,180,225.1,205.9,205.4,206.6,225.3,178,180,180,39.4,79,67.9,7.204,7.2,41.688,788,194.1,14.3,179.459,2014-03-29 10:25,,
2014-03-29 10:18,Extruder 1,14-A-233,90310-000065100004,7050 0% 065T 1000W BK N/T,19371,1580,1250,1000,2014-03-29 10:18,175.5,186.8,181.6,181.4,191.2,191.6,179.7,178.9,179.7,179.8,179.7,224.6,204.8,203.7,205.8,225,178,179.7,179.6,39.1,77.3,65.6,7.301,7.309,41.089,850,192.4,14.1,186.741,2014-03-29 7:45,,
2014-03-29 9:05,Extruder 1,14-A-233,90310-000065100004,7050 0% 065T 1000W BK N/T,19371,1580,1250,500,2014-03-29 9:05,178,187.8,182.8,182.1,193,193.2,180.4,180,180,179.9,180,225,206.5,205.2,207.6,225,179.3,180.1,180,39.3,78.7,67.9,7.5,7.503,43.61,847,194.6,15.2,184.772,2014-03-29 7:45,,
2014-03-29 8:32,Extruder 1,14-A-233,90310-000065100004,7050 0% 065T 1000W BK N/T,19371,1580,1250,250,2014-03-29 8:32,177.8,187.7,182.6,184.1,192.8,193.2,180.3,180.1,180.2,180.1,180,225.3,206.4,205.3,207.1,225.4,178.7,179.9,180,39.5,78,67.3,7.299,7.294,41.636,845,194.4,14.5,186.504,2014-03-29 7:45,,
2014-03-29 7:54,Extruder 1,14-A-232,90310-000065100004,7050 0% 065T 1000W BK N/T,19371,1580,1250,1000,2014-03-29 7:54,175.5,186.8,182.1,182.6,191.2,191.6,180.1,178.8,180,179.8,179.7,224.3,205.7,203.8,206.4,224.7,178.3,179.8,179.7,39.1,77.3,65.6,7.003,7.001,41.123,913,193,14.1,195.968,2014-03-29 4:25,,
2014-03-29 6:38,Extruder 1,14-A-232,90310-000065100004,7050 0% 065T 1000W BK N/T,19371,1546,1250,500,2014-03-29 6:38,178.1,188.3,183.6,183.3,193,192.5,180,180,179.8,180,180.2,226.2,206.6,204.7,206.6,226,177,180.1,179.8,39.4,78,67.6,7.003,6.999,40.9,845,193.9,14.4,191.414,2014-03-29 4:25,,
2014-03-29 6:03,Extruder 1,14-A-232,90310-000065100004,7050 0% 065T 1000W BK N/T,19371,1546,1250,250,2014-03-29 6:03,177.7,188.6,182.9,183.7,192.9,194,180.9,180.4,180.4,180,179.8,216.5,209.5,206.3,207,216.6,175.6,180,180,39.4,79.6,67.5,7.001,7.009,41.071,814,194.6,13.7,187.856,2014-03-29 4:25,,
2014-03-29 5:01,Extruder 1,14-A-232,90310-000065100004,7050 0% 065T 1000W BK N/T,19371,1546,1250,250,2014-03-29 5:01,177.7,188.4,183.2,183.3,192.9,193.6,180.7,180.4,180.3,180,180,225.3,212.2,206.6,208.4,225.7,175,180.1,180,40.5,78.8,70,7.5,7.518,43.882,825,194.8,14.7,188.401,2014-03-29 4:25,,
2014-03-29 3:17,Extruder 1,14-A-231,90310-000065100004,7050 0% 065T 1000W BK N/T,19371,1546,1250,1000,2014-03-29 3:17,178,188.4,183.1,183.1,193,191.9,180.1,180.2,180,180,180,225.2,210,204.8,207.1,224.9,179.2,179.9,179.9,39.3,83.2,69.6,7.319,6.774,26.465,842,193.9,15.1,0,2014-03-29 1:02,,
2014-03-29 2:12,Extruder 1,14-A-231,90310-000065100004,7050 0% 065T 1000W BK N/T,19371,1546,1250,500,2014-03-29 2:12,177.9,188.2,183.7,182,192.9,194.3,180.6,180,180.2,180,180.1,225,210.2,205.4,208.3,225.4,180.8,180,179.9,38.9,82.4,69.2,7.595,7.594,42.733,950,195.3,15.8,196.347,2014-03-29 1:02,,
2014-03-29 1:39,Extruder 1,14-A-231,90310-000065100004,7050 0% 065T 1000W BK N/T,19371,1546,1250,250,2014-03-29 1:39,177.8,188.3,182.9,184.1,192.8,195.4,180.3,180.1,180.2,180,180,225,210.5,205.4,207.9,225.3,180.5,179.8,180,39.7,83.8,69.4,7.505,7.501,42.704,938,195.2,15.7,203.131,2014-03-29 1:02,,
2014-03-29 1:04,Extruder 1,14-A-230,90310-000065100004,7050 0% 065T 1000W BK N/T,19371,1546,1250,1000,2014-03-29 1:04,175.5,186.6,181.8,182.7,191.9,192.4,179.9,179.1,179.7,179.9,179.7,224.5,209.6,204.4,207.4,225.3,180.3,180,180,39.2,83.2,69.8,7.498,7.496,43.08,1003,194,16.1,202.941,2014-03-28 22:42,,
2014-03-28 23:55,Extruder 1,14-A-230,90310-000065100004,7050 0% 065T 1000W BK N/T,19371,1546,1250,500,2014-03-28 23:55,178.1,187.8,183.5,183,192.9,193.6,180.1,179.8,180,180,180.1,224.8,209.9,204.9,207.7,224.9,180.3,180,180.1,39.2,82.6,68.7,7.502,7.516,43.399,911,194.3,20.3,193.382,2014-03-28 22:42,,
2014-03-28 23:22,Extruder 1,14-A-230,90310-000065100004,7050 0% 065T 1000W BK N/T,19371,1546,1250,250,2014-03-28 23:22,177.6,188.2,183,181.9,192.6,194.6,180.3,180,180,180,180,225.5,210.5,205.2,207.8,225.2,180.5,180,180.1,38.7,82,68.4,7.5,7.498,43.294,914,194.6,20.1,189.943,2014-03-28 22:42,,
2014-03-28 22:41,Extruder 1,14-A-229,90310-000065100004,7050 0% 065T 1000W BK N/T,19371,1546,1250,1000,2014-03-28 22:41,175.2,186.8,181.7,182.9,191.5,193.8,180.9,178.9,179.7,179.9,179.7,223.9,208.4,203.6,208,224.6,181.2,179.7,179.7,38.2,81.6,68.4,8.056,8.081,45.237,1006,194.8,19.6,197.581,2014-03-28 20:29,,
2014-03-28 21:36,Extruder 1,14-A-229,90310-000065100004,7050 0% 065T 1000W BK N/T,19371,1546,1250,500,2014-03-28 21:36,178.1,186.8,182.8,182.5,193.1,196.6,181.8,180,180.5,180,180,219.6,210.4,205.7,209.3,224.8,180.5,180,180,39.8,83.8,70.8,8.003,7.992,45.216,1001,197,17.4,204.483,2014-03-28 20:29,,
2014-03-28 21:06,Extruder 1,14-A-229,90310-000065100004,7050 0% 065T 1000W BK N/T,19371,1546,1250,250,2014-03-28 21:06,178,187.7,183.5,185.5,193,196.4,181.6,180.6,181,180,179.5,215.9,212.3,206.2,208.8,226.1,179,180.1,180.2,40.2,84.1,70.7,7.996,8.028,45.371,962,196.6,16.1,198.553,2014-03-28 20:29,,
2014-03-28 20:07,Extruder 1,14-A-228,90310-000065100004,7050 0% 065T 1000W BK N/T,19371,1546,1250,1000,2014-03-28 20:07,178.3,188,183.3,184.7,193,195,180.6,180,180,180,180.1,214.9,209.8,205.1,209.2,225.1,181.1,180,180,40,84.5,70.9,7.996,8.002,44.704,962,195.7,17.6,199.431,2014-03-28 17:46,,
2014-03-28 19:05,Extruder 1,14-A-228,90310-000065100004,7050 0% 065T 1000W BK N/T,19371,1546,1250,500,2014-03-28 19:05,178.1,188.1,183.6,183.5,193,194.3,180.3,180,180,180,180,214.9,210.2,205.1,205.7,215,180,180,179.9,40.1,76,70.8,7.6,7.584,42.599,947,195,18.1,195.92,2014-03-28 17:46,,
2014-03-28 18:32,Extruder 1,14-A-228,90310-000065100004,7050 0% 065T 1000W BK N/T,19371,1580,1250,250,2014-03-28 18:32,177.9,188,183,183.1,192.7,194.4,180.3,180.2,180.2,180,180,215.2,210.8,206,205.9,215.5,179.3,180,180.1,40.2,75.7,70.9,7.419,7.427,42.633,914,194.7,17.2,191.817,2014-03-28 17:46,,
2014-03-28 17:55,Extruder 1,14-A-227,90310-000065100004,7050 0% 065T 1000W BK N/T,19371,1580,1250,1000,2014-03-28 17:55,175.4,186.8,181.6,182.3,191.5,191.7,179.9,179.1,179.8,180,179.9,214.6,209.5,204.1,204.1,214.9,179.1,179.8,180,39.5,74.6,70.2,7.204,7.193,40.405,957,193.1,17.2,193.193,2014-03-28 15:25,,
2014-03-28 16:44,Extruder 1,14-A-227,90310-000065100004,7050 0% 065T 1000W BK N/T,19371,1580,1250,500,2014-03-28 16:44,177.9,188.3,182.5,181.8,192.9,194.1,180.8,179.8,180.1,180,180,214.8,210,204.6,205.7,214.9,180,180,179.3,40.1,75.2,71,7.417,7.425,42.419,924,195.2,17.6,190.18,2014-03-28 15:25,,
2014-03-28 16:11,Extruder 1,14-A-227,90310-000065100004,7050 0% 065T 1000W BK N/T,19371,1580,1250,250,2014-03-28 16:11,177.8,188.4,183.4,183.6,192.8,195.1,180.5,180.4,180.1,180,179.9,215.3,210.9,205.9,205.7,215.4,179.5,180,180.3,40,75.4,71,7.421,7.427,42.462,944,195.1,17.2,191.082,2014-03-28 15:25,,
2014-03-28 15:34,Extruder 1,14-A-226,90310-000065100004,7050 0% 065T 1000W BK N/T,19371,1580,1250,1000,2014-03-28 15:34,175.3,187.2,181.7,182.8,191.3,191.5,180.1,179.2,179.8,179.9,179.8,214.5,209.6,204.2,204.2,214.8,178.8,179.8,179.8,39.2,74.8,70.1,7.2,7.193,41.738,977,193.7,16.4,196.442,2014-03-28 13:04,,
2014-03-28 14:23,Extruder 1,14-A-226,90310-000065100004,7050 0% 065T 1000W BK N/T,19371,1580,1250,500,2014-03-28 14:23,178,187.7,183.1,183.2,193,193.1,180.6,179.9,180,180,180,214.8,209.9,204.8,205.4,214.9,178.7,180.1,180,40.2,75.9,70.8,7.419,7.407,42.392,859,194.8,16.4,180.218,2014-03-28 13:04,,
2014-03-28 13:50,Extruder 1,14-A-226,90310-000065100004,7050 0% 065T 1000W BK N/T,19371,1580,1250,250,2014-03-28 13:50,177.8,188.1,182.6,183.7,192.7,194.3,180.9,180.3,180.4,180.2,180,215.8,211.4,206.1,206.5,215.8,177.7,180,179.7,39.7,75.2,70.5,7.423,7.425,42.394,861,195.2,15.6,191.461,2014-03-28 13:04,,
2014-03-28 13:13,Extruder 1,14-A-225,90310-000065100004,7050 0% 065T 1000W BK N/T,19371,1580,1250,1000,2014-03-28 13:13,175.7,186.8,181.6,181.4,191.4,192,179.3,179,180,179.8,179.1,214.2,208.3,202.7,202.3,214,176.8,179.7,179.8,39.2,73.9,69.9,7.209,7.196,40.385,943,191.9,14.4,191.01,2014-03-28 10:37,,
2014-03-28 11:57,Extruder 1,14-A-225,90310-000065100004,7050 0% 065T 1000W BK N/T,19371,1580,1250,500,2014-03-28 11:57,177.8,188,183.1,181.7,193,193.6,180.8,179.6,180.2,180,180,214.7,209.9,205.2,205.7,214.8,178,180,179.8,39.8,75.5,70.7,7.417,7.417,42.255,887,195,16.1,190.038,2014-03-28 10:37,,
2014-03-28 11:24,Extruder 1,14-A-225,90310-000065100004,7050 0% 065T 1000W BK N/T,19371,1580,1250,250,2014-03-28 11:24,177.9,188.2,183.6,183.9,193.1,194.6,180.9,180.3,180.4,180.1,179.7,215.5,211.9,205.8,206.9,216,176.5,180.1,180.2,39.8,75.5,70.7,7.414,7.423,42.314,904,195.3,15.7,191.58,2014-03-28 10:37,,
2014-03-28 10:45,Extruder 1,14-A-224,90310-000065100004,7050 0% 065T 1000W BK N/T,19371,1580,1250,1000,2014-03-28 10:45,176.1,187,181.7,181.3,191.5,191.5,179.4,178.7,179.7,179.9,179.3,214.2,207.8,202.7,202.4,213.8,174.6,179.6,179.7,39.2,73.5,69.7,6.978,7.001,39.073,1005,191.6,14,196.49,2014-03-28 0:19,,
2014-03-28 9:26,Extruder 1,14-A-224,90310-000065100004,7050 0% 065T 1000W BK N/T,19371,1580,1250,500,2014-03-28 9:26,178.2,187.9,183.7,184,193.2,193.2,180.3,180.2,180,180,180,215.2,210.2,205,205.1,215,172.9,180.1,180,39.5,75.2,70.3,7.421,7.417,41.581,923,194.6,15.3,190.607,2014-03-28 0:19,,
2014-03-28 8:52,Extruder 1,14-A-224,90310-000065100004,7050 0% 065T 1000W BK N/T,19371,1580,1250,250,2014-03-28 8:52,178.2,188,182.9,183.3,193.1,194.2,180.3,180.1,180.2,179.9,180,215.3,210.4,205.2,205.6,215.1,169.4,180.1,179.9,39.8,75.2,70.4,7.004,6.989,39.082,892,193.5,14.4,186.883,2014-03-28 0:19,,
2014-03-28 5:06,Extruder 1,14-A-224,90310-000065100004,7050 0% 065T 1000W BK N/T,19371,1476,1250,500,2014-03-28 5:06,175,186.2,180.4,179.6,190.8,192.4,180,180.5,179.5,180.2,180.1,215.3,209.6,206,205.6,215.2,169.1,180,180.1,38.9,71.9,69.3,7.001,7.003,31.036,1074,191,11.2,186.053,2014-03-28 0:19,,
2014-03-28 3:41,Extruder 1,14-A-224,90310-000065100004,7050 0% 065T 1000W BK N/T,19371,1476,1250,250,2014-03-28 3:41,177.7,188.1,182.9,183,192.7,193.5,181.1,180.5,181.1,180,180,217.7,213.1,206.5,207.4,215.9,171.2,180.2,180.2,39.5,84.7,76.5,6.5,6.504,35.091,959,194.1,12.9,184.891,2014-03-28 0:19,,
2014-03-27 23:26,Extruder 1,14-A-223,90310-000065070004,7050 0% 065T 700W BK N/T,19370,1476,1250,1000,2014-03-27 23:26,178.1,188,183,183,193,192.5,180.2,180,179.9,180,180,219.8,210,205,205,214.9,176.4,179.8,180,39.7,79.3,71.4,8.001,7.974,23,858,192.4,13.4,161.622,2014-03-27 21:14,,
2014-03-27 22:25,Extruder 1,14-A-223,90310-000065070004,7050 0% 065T 700W BK N/T,19370,1476,1250,500,2014-03-27 22:25,177.8,188,183,183.6,192.7,193,180.3,180.1,180.1,180,180.2,220,210.2,205.1,205.1,215.1,176,180,180.1,40.1,79.8,71.1,8.003,7.98,30.549,963,192.7,12.8,181.262,2014-03-27 21:14,,
2014-03-27 21:54,Extruder 1,14-A-223,90310-000065070004,7050 0% 065T 700W BK N/T,19370,1476,1250,250,2014-03-27 21:54,177.3,187.8,182.7,182.9,192.4,192.6,180.1,180,180,180,180.1,220.1,210.3,205.3,205.4,215.1,175.5,180,180,39.7,79.6,70.7,7.998,7.972,30.727,964,192.6,12.8,180.408,2014-03-27 21:14,,
2014-03-27 21:20,Extruder 1,14-A-222,90310-000065070004,7050 0% 065T 700W BK N/T,19370,1476,1250,1000,2014-03-27 21:20,174.7,186,180.9,181,190.9,191.6,179.8,179,179.8,180,179.8,219.5,209.5,204.4,204.5,215,175.7,179.9,180.1,39.5,78.8,70.4,7.998,7.95,28.973,1018,191.5,12.9,173.34,2014-03-27 19:05,,
2014-03-27 20:15,Extruder 1,14-A-222,90310-000065070004,7050 0% 065T 700W BK N/T,19370,1476,1250,500,2014-03-27 20:15,178,188,183,183,192.9,192.8,180,180.1,180.2,180,179.8,220.3,210.3,205.1,205.2,215.3,176,180,180,39.8,79.6,70.8,8.003,7.97,30.535,960,192.7,12.8,179.72,2014-03-27 19:05,,
2014-03-27 19:44,Extruder 1,14-A-222,90310-000065070004,7050 0% 065T 700W BK N/T,19370,1476,1250,250,2014-03-27 19:44,177.4,187.8,182.8,182.8,192.4,192.7,180.1,180.3,180,180.1,180.3,220.1,210.2,205.3,205.4,215.2,175.7,180,180,39.7,79.8,70.6,8.003,7.964,30.526,954,192.7,12.6,182.638,2014-03-27 19:05,,
2014-03-27 19:12,Extruder 1,14-A-221,90310-000065070004,7050 0% 065T 700W BK N/T,19370,1413,1250,1000,2014-03-27 19:12,174.6,186.2,181,181.5,190.8,191.9,179.9,179.3,180,179.9,180.1,219.7,209.7,204.5,204.7,215,175.8,179.9,180,39.4,79,70.6,8.001,7.968,28.979,994,191.9,12.7,180.005,2014-03-27 16:54,,
2014-03-27 18:08,Extruder 1,14-A-221,90310-000065070004,7050 0% 065T 700W BK N/T,19370,1413,1250,500,2014-03-27 18:08,178,188.1,183,182.9,192.9,193.1,180.2,180.2,180,180,180,220,210.2,205.1,205.2,215.1,176.2,180,180,39.8,80,70.7,7.996,7.97,30.262,994,193.1,12.9,188.425,2014-03-27 16:54,,
2014-03-27 17:37,Extruder 1,14-A-221,90310-000065070004,7050 0% 065T 700W BK N/T,19370,1413,1250,250,2014-03-27 17:37,177.7,188.1,182.9,183.5,192.5,193.6,180.2,180.1,180.1,180,180.1,220.2,210.7,205.6,205.7,215.3,175.5,180.1,180,39.8,79.6,70.9,7.998,7.968,30.28,996,193,12.1,186.053,2014-03-27 16:54,,
2014-03-27 17:02,Extruder 1,14-A-220,90310-000065070004,7050 0% 065T 700W BK N/T,19370,1413,1250,1000,2014-03-27 17:02,175.5,186.4,181.4,181,191.3,191.7,180,178.7,180,179.9,180,219.6,209.4,203.6,203.8,215.2,174.9,179.8,180,38.8,77.7,70,8.003,7.98,30.036,1109,191.4,11.6,181.665,2014-03-27 14:41,,
2014-03-27 15:52,Extruder 1,14-A-220,90310-000065070004,7050 0% 065T 700W BK N/T,19370,1413,1250,500,2014-03-27 15:52,177.8,187.8,182.9,183.6,192.7,192.7,179.8,180,180.1,180,180,219.9,210,205.1,205.1,215,176.1,180,179.8,39.5,79,70.7,7.998,7.982,30.387,987,192.6,12.7,187.476,2014-03-27 14:41,,
2014-03-27 15:22,Extruder 1,14-A-220,90310-000065070004,7050 0% 065T 700W BK N/T,19370,1413,1250,250,2014-03-27 15:22,177.2,187.9,182.9,183,192.4,192.5,180.2,180,180,180,180.1,220.2,210.2,205.3,205.3,215.3,175.7,180,180,39.5,79.3,70.4,7.994,7.978,30.449,970,192.8,12.7,177.348,2014-03-27 14:41,,
2014-03-27 14:48,Extruder 1,14-A-219,90310-000065070004,7050 0% 065T 700W BK N/T,19370,1413,1250,1000,2014-03-27 14:48,174.4,186.2,180.5,182,190.2,192.4,180,179.3,180,180,180,219.7,209.8,204.4,204.6,215,175.5,180,180,38.9,77.9,70.1,7.994,7.974,30.317,1036,192.2,12.5,182.946,2014-03-27 12:32,,
2014-03-27 13:44,Extruder 1,14-A-219,90310-000065070004,7050 0% 065T 700W BK N/T,19370,1413,1250,500,2014-03-27 13:44,177.9,187.9,182.9,183.4,192.6,192.9,180.2,180.2,180.2,180.1,180,220.1,210.2,205.1,205.1,215.1,175.6,180,180.2,39.6,79.2,70.7,8.001,7.992,30.31,993,193.1,12.2,184.322,2014-03-27 12:32,,
2014-03-27 13:13,Extruder 1,14-A-219,90310-000065070004,7050 0% 065T 700W BK N/T,19370,1413,1250,250,2014-03-27 13:13,177.3,187.9,182.8,182.7,192.4,193,180.1,180,180,180,180.1,220,210.3,205.3,205.3,215.1,175.2,180,180,39.2,79,70,8.005,7.968,30.342,991,192.8,11.9,179.53,2014-03-27 12:32,,
2014-03-27 12:39,Extruder 1,14-A-218,90310-000065070004,7050 0% 065T 700W BK N/T,19370,1413,1250,1000,2014-03-27 12:39,174.8,186.1,180.8,181.1,191,192,180,179.1,180,179.9,180.1,219.5,209.8,204.3,204.3,215.1,175.4,180,180.2,38.9,78.1,70,7.996,7.97,30.23,1070,192,11.8,176.091,2014-03-27 10:30,,
2014-03-27 11:34,Extruder 1,14-A-218,90310-000065070004,7050 0% 065T 700W BK N/T,19370,1413,1250,500,2014-03-27 11:34,177.8,188,182.8,182.6,192.9,193.2,180,180.2,180.3,180,180,220.1,210.4,205.2,205.3,215.2,175.8,180.1,180,39.3,79.1,70.2,8.003,7.958,30.025,1028,193,12.2,183.99,2014-03-27 10:30,,
2014-03-27 11:04,Extruder 1,14-A-218,90310-000065070004,7050 0% 065T 700W BK N/T,19370,1413,1250,250,2014-03-27 11:04,177.4,187.9,182.4,183.1,192.4,193,180,180.2,180.1,180.1,180.3,220.1,210.5,205.6,205.7,215.2,175.1,180,180,39.2,78.8,70.1,8.001,7.964,30.032,1033,192.9,11.7,190.228,2014-03-27 10:30,,
2014-03-27 10:32,Extruder 1,14-A-217,90310-000065070004,7050 0% 065T 700W BK N/T,19370,1413,1250,1000,2014-03-27 10:32,175.4,186.3,181.1,180.9,191.1,191.4,179.5,178.7,179.8,179.8,179.6,219.6,209.4,203.6,203.9,215,175,179.7,180,38.5,76.7,69.4,8.001,7.97,30.043,1135,191.4,11.1,186.338,2014-03-27 8:13,,
2014-03-27 9:23,Extruder 1,14-A-217,90310-000065070004,7050 0% 065T 700W BK N/T,19370,1413,1250,500,2014-03-27 9:23,177.9,188,182.9,182.5,192.8,192.7,179.8,179.9,179.8,179.9,180.3,219.6,209.9,205,205,214.9,176.7,180,179.8,39.2,79.4,69.5,8.005,7.954,30.187,1028,193,12,193.169,2014-03-27 8:13,,
2014-03-27 8:52,Extruder 1,14-A-217,90310-000065070004,7050 0% 065T 700W BK N/T,19370,1413,1250,250,2014-03-27 8:52,177.4,187.9,182.7,183.5,192.5,193.3,180,179.9,180,180,180,220.2,210.2,205.2,205.2,215,176.6,179.9,180,39.4,79.7,70.1,8.003,7.98,30.166,1024,193,11.8,192.718,2014-03-27 8:13,,
2014-03-27 8:19,Extruder 1,14-A-216,90310-000065070004,7050 0% 065T 700W BK N/T,19370,1413,1250,1000,2014-03-27 8:19,174.5,186.2,181.1,181.8,190.7,192.4,180.1,179.3,180,180,180,219.5,209.7,204.5,204.5,215.1,176.6,180,180,38.8,78.3,69.3,7.994,7.968,30.043,1064,192.6,12,192.291,2014-03-27 6:04,,
2014-03-27 7:15,Extruder 1,14-A-216,90310-000065070004,7050 0% 065T 700W BK N/T,19370,1413,1250,500,2014-03-27 7:15,178,188,182.9,182.9,192.9,192.6,180,180,180.1,180.1,180.2,220.3,210.1,205.1,205.2,215.2,176.7,180.1,180,39.2,79.1,69.8,7.992,7.952,30.237,989,193.1,12,189.184,2014-03-27 6:04,,
2014-03-27 6:44,Extruder 1,14-A-216,90310-000065070004,7050 0% 065T 700W BK N/T,19370,1476,1250,250,2014-03-27 6:44,177.4,187.9,182.8,182.9,192.3,193.1,180.1,180,180,180,180,220,210.2,205.1,205.3,215,176.5,180,180,39.2,79,69.8,8.007,7.98,30.248,987,193,11.9,191.39,2014-03-27 6:04,,
2014-03-27 6:11,Extruder 1,14-A-215,90310-000065070004,7050 0% 065T 700W BK N/T,19370,1476,1250,1000,2014-03-27 6:11,174.6,186.2,180.6,181.2,190.6,192.1,180,179.2,179.9,180,179.9,219.7,209.8,204.5,204.5,215,176.7,179.7,180,38.7,78,69.5,8.003,7.962,29.018,1005,192.2,11.9,191.769,2014-03-27 3:56,,
2014-03-27 5:07,Extruder 1,14-A-215,90310-000065070004,7050 0% 065T 700W BK N/T,19370,1476,1250,500,2014-03-27 5:07,177.8,187.9,183,182.9,192.7,193.4,179.8,179.8,180,180,180,220,210,205.1,205.1,214.9,177.1,180,180,39.1,79.1,69.6,7.996,7.972,30.123,991,193,12.3,183.088,2014-03-27 3:56,,
2014-03-27 4:36,Extruder 1,14-A-215,90310-000065070004,7050 0% 065T 700W BK N/T,19370,1476,1250,250,2014-03-27 4:36,177.4,187.9,182.7,183.6,192.4,193.2,180.3,180.1,180,180,180,220.1,210.2,205.3,205.2,215.2,176.7,180,180.1,39.1,79.2,69.8,8.003,7.954,30.146,993,193.1,12.1,189.184,2014-03-27 3:56,,
2014-03-27 4:03,Extruder 1,14-A-214,90310-000065070004,7050 0% 065T 700W BK N/T,19370,1476,1250,1000,2014-03-27 4:03,174.8,186.1,180.8,180.9,190.7,191.8,179.8,179.3,180.1,180,179.7,219.8,209.8,204.5,204.6,215.1,176.6,179.8,180,38.7,78.3,69.8,8.003,7.964,28.952,1021,192.2,12.2,183.752,2014-03-27 1:49,,
2014-03-27 2:58,Extruder 1,14-A-214,90310-000065070004,7050 0% 065T 700W BK N/T,19370,1476,1250,500,2014-03-27 2:58,177.8,188,182.9,183,192.9,192.9,180.1,179.9,180,180,180.1,219.8,210.3,205.3,205.4,215,175.8,180,180,39.2,78.7,70.2,7.998,7.974,30.825,972,193,11.9,183.468,2014-03-27 1:49,,
2014-03-27 2:28,Extruder 1,14-A-214,90310-000065070004,7050 0% 065T 700W BK N/T,19370,1476,1250,250,2014-03-27 2:28,177.6,188,182.8,183,192.4,193.1,180.1,180,180,180,180.1,220.3,210.2,205.2,205.3,215.1,174.7,180,180,39.2,79,70,7.992,7.962,31.26,896,192.7,12,182.068,2014-03-27 1:49,,
2014-03-27 1:55,Extruder 1,14-A-213,90310-000065070004,7050 0% 065T 700W BK N/T,19370,1476,1250,1000,2014-03-27 1:55,174.9,186.8,181,181.1,190.8,191.9,180.3,179.4,180,179.9,180,219.5,209.8,204.5,204.6,215.1,174.8,180,180,38.8,77.7,69.6,8.001,7.964,28.986,917,191.8,11.5,168.24,2014-03-26 23:37,,
2014-03-27 0:49,Extruder 1,14-A-213,90310-000065070004,7050 0% 065T 700W BK N/T,19370,1476,1250,500,2014-03-27 0:49,177.8,187.8,183,183.1,192.8,192.4,180.1,180,179.9,180,180,219.8,210,204.9,204.8,215,175.9,180.1,180,39.2,79.4,69.8,8.003,7.958,30.667,922,192.5,12.4,173.245,2014-03-26 23:37,,
2014-03-27 0:19,Extruder 1,14-A-213,90310-000065070004,7050 0% 065T 700W BK N/T,19370,1476,1250,250,2014-03-27 0:19,177.3,187.9,182.7,183.1,192.6,192.5,180.2,180.2,180.3,180,179.9,220.6,210.4,205.2,205.2,215.2,176.1,180.1,180,39.4,79.6,70.2,8.001,7.97,30.442,950,192.6,11.9,181.357,2014-03-26 23:37,,
2014-03-26 23:45,Extruder 1,14-A-212,90310-000065070004,7050 0% 065T 700W BK N/T,19370,1476,1250,1000,2014-03-26 23:45,174.9,186.2,181,181.3,191.1,192,180,179.3,180,180,180,219.2,209.8,204.5,204.7,214.9,176.2,180,179.9,39,78.5,69.8,7.998,7.972,29.027,998,192.2,12.4,178.51,2014-03-26 21:29,,
2014-03-26 22:41,Extruder 1,14-A-212,90310-000065070004,7050 0% 065T 700W BK N/T,19370,1476,1250,500,2014-03-26 22:41,178.1,188.1,182.9,183.2,192.8,193,179.8,180.2,180.2,180,180.1,219.9,210.1,205.1,205.2,214.8,176,180,180,39.1,79,69.7,8.001,7.97,30.321,961,192.6,12.3,182.163,2014-03-26 21:29,,
2014-03-26 22:10,Extruder 1,14-A-212,90310-000065070004,7050 0% 065T 700W BK N/T,19370,1476,1250,250,2014-03-26 22:10,177.7,188,183.1,183.1,192.5,192.7,180.6,180.3,180.3,180.2,180.1,221,210.7,205.7,205.9,215.5,175,180,180.2,39.2,79,70,8.005,7.958,30.649,970,193.1,12,181.475,2014-03-26 21:29,,
2014-03-26 21:34,Extruder 1,14-A-211,90310-000065070004,7050 0% 065T 700W BK N/T,19370,1476,1250,1000,2014-03-26 21:34,175.6,186.5,181.5,181,191.1,191.5,179.8,178.9,180,179.9,179.6,219.7,209.4,203.7,203.7,215,174.4,179.9,179.9,38.6,77.3,69.5,7.998,7.988,27.016,1003,191.1,11.4,178.416,2014-03-26 19:16,,
2014-03-26 20:24,Extruder 1,14-A-211,90310-000065070004,7050 0% 065T 700W BK N/T,19370,1476,1250,500,2014-03-26 20:24,177.9,188,183.2,183,192.9,193.3,179.8,180,180,180,180,219.9,210.2,204.9,205.1,215,176,179.9,180,39.4,79.4,70.2,8.001,7.96,30.467,948,192.5,12.2,186.101,2014-03-26 19:16,,
2014-03-26 19:53,Extruder 1,14-A-211,90310-000065070004,7050 0% 065T 700W BK N/T,19370,1476,1250,250,2014-03-26 19:53,177.5,187.9,182.7,182.9,192.2,192.4,180.3,180.2,180.2,180,179.8,220.1,210.3,205.3,205.4,215.2,175.6,179.8,180,39.4,79.6,70.3,8.001,7.964,30.442,959,192.9,12.1,183.207,2014-03-26 19:16,,
2014-03-26 19:20,Extruder 1,14-A-210,90310-000065070004,7050 0% 065T 700W BK N/T,19370,1413,1250,1000,2014-03-26 19:20,175,186.3,180.9,181.6,190.9,191.9,179.5,179.1,179.7,179.8,179.7,219.5,209.7,204.3,204.4,214.8,175.6,179.8,180,39.1,78.4,70.2,8.003,7.974,28.929,1021,191.5,12,185.389,2014-03-26 17:00,,
2014-03-26 18:14,Extruder 1,14-A-210,90310-000065070004,7050 0% 065T 700W BK N/T,19370,1413,1250,500,2014-03-26 18:14,177.8,188,182.9,183,193,192.6,180.1,180.2,180.3,180.1,180.1,219.8,210.3,205.1,205.3,215,175.5,180.1,180,39.7,79.1,70.9,8.005,7.954,30.41,976,193,12.4,186.907,2014-03-26 17:00,,
2014-03-26 17:44,Extruder 1,14-A-210,90310-000065070004,7050 0% 065T 700W BK N/T,19370,1413,1250,250,2014-03-26 17:44,177.6,188,182.9,182.6,192.5,193.6,180.2,180.1,179.8,180,179.9,220.2,210.8,205.9,205.9,215.4,174.6,180,180,39.4,78.7,70.8,8.001,7.964,30.476,983,192.8,11.8,177.894,2014-03-26 17:00,,
2014-03-26 17:09,Extruder 1,14-A-210,90310-000065070004,7050 0% 065T 700W BK N/T,19370,1413,1250,1000,2014-03-26 17:09,175.6,186.4,181.4,181.1,191.3,191.8,179.3,178.7,179.7,179.8,179.4,219.7,208.9,203.2,203.5,214.5,174.1,179.6,179.6,38.9,76.6,70.5,8.007,7.978,30.323,1088,190.6,11.8,182.922,2014-03-26 17:00,,
2014-03-26 15:57,Extruder 1,14-A-209,90310-000065070004,7050 0% 065T 700W BK N/T,19370,1413,1250,500,2014-03-26 15:57,177.9,188,183,182.9,192.8,193.7,179.7,179.9,179.8,180,180,220,210.2,205.1,205.1,215,175.5,180,180,39.8,79.5,71.1,8.005,7.988,30.572,989,192.7,13.2,180.147,2014-03-26 14:46,,
2014-03-26 15:26,Extruder 1,14-A-209,90310-000065070004,7050 0% 065T 700W BK N/T,19370,1413,1250,250,2014-03-26 15:26,177.6,187.9,182.7,182.7,192.5,193,180.4,180.3,180.2,180,180.1,220.2,210.6,205.6,205.7,215.4,175.1,180,180.1,39.8,79.5,71.8,8.003,7.968,30.399,982,192.9,13,181.618,2014-03-26 14:46,,
2014-03-26 14:53,Extruder 1,14-A-208,90310-000065070004,7050 0% 065T 700W BK N/T,19370,1413,1250,1000,2014-03-26 14:53,175.3,186.2,181.1,181.3,191.1,192.1,179.5,178.7,180,180,180,219.7,209.7,204,204.1,214.9,175.1,179.7,180,39.2,78.3,71.8,8.994,8.969,30.011,1070,191.4,12.8,186.006,2014-03-26 12:33,,
2014-03-26 13:45,Extruder 1,14-A-208,90310-000065070004,7050 0% 065T 700W BK N/T,19370,1413,1250,500,2014-03-26 13:45,177.7,187.8,182.8,182.8,192.8,193.3,180,180,179.8,180,180,219.8,209.9,205,204.8,214.8,176.2,180,180,39.7,80.3,72.1,8.001,7.97,30.116,937,192.7,12.9,179.103,2014-03-26 12:33,,
2014-03-26 13:14,Extruder 1,14-A-208,90310-000065070004,7050 0% 065T 700W BK N/T,19370,1413,1250,250,2014-03-26 13:14,177.4,187.9,182.7,182.9,192.4,193.1,180.1,180,180,180,180.1,220.2,210.2,205.2,205.2,215.1,176.4,179.9,180,39.8,80.1,72.5,8.001,7.968,30.032,990,192.8,12.9,188.544,2014-03-26 12:33,,
2014-03-26 12:41,Extruder 1,14-A-207,90310-000065070004,7050 0% 065T 700W BK N/T,19370,1413,1250,1000,2014-03-26 12:41,174.9,186.2,181.1,179.4,190.7,192,179.7,179.3,180,180,180.1,219.8,209.9,204.4,204.4,215.1,176.4,180,180.1,39.1,78.3,71.8,8.005,7.974,30.039,1073,192.3,13.1,191.366,2014-03-26 10:13,,
2014-03-26 11:37,Extruder 1,14-A-207,90310-000065070004,7050 0% 065T 700W BK N/T,19370,1413,1250,500,2014-03-26 11:37,178,188.1,182.9,182.6,192.9,193.5,179.9,180.3,180.1,179.8,180,219.7,210.1,205.1,205.1,214.8,174.5,180.1,179.8,39.5,80.4,72,7.996,7.952,30.073,1117,193,12.8,199.241,2014-03-26 10:13,,
2014-03-26 11:06,Extruder 1,14-A-207,90310-000065070004,7050 0% 065T 700W BK N/T,19370,1413,1250,250,2014-03-26 11:06,177.7,188,182.8,182.8,192.6,192.8,180.8,180.2,180.7,180.1,179.6,220.5,211.8,206.5,207.1,215.7,171.7,180,180.3,39.8,80.6,72.2,8.001,7.972,30.034,1097,193.4,12.4,194.26,2014-03-26 10:13,,
2014-03-26 9:37,Extruder 1,14-A-206,90310-000065070004,7050 0% 065T 700W BK N/T,19370,1413,1250,1000,2014-03-26 9:37,178.1,188.1,183,183,193,193.3,180.5,180.1,180,180,179.8,220,210,205,205.1,215,176.6,180,180,39.8,82,73.4,9.001,8.971,30.03,1056,193.3,12.2,187.903,2014-03-26 7:24,,
2014-03-26 8:36,Extruder 1,14-A-206,90310-000065070004,7050 0% 065T 700W BK N/T,19370,1413,1250,500,2014-03-26 8:36,178,188,183,183.4,192.8,192.9,180,180,180.2,180,180.2,220,210.2,204.9,205.4,215.2,176,180,179.9,39.5,81.8,73,8.003,7.984,30.002,1042,192.6,13.1,185.792,2014-03-26 7:24,,
2014-03-26 8:06,Extruder 1,14-A-206,90310-000065070004,7050 0% 065T 700W BK N/T,19370,1413,1250,250,2014-03-26 8:06,177.7,188,182.9,183,192.7,193.6,180.6,180.6,180.3,180.2,180.3,220.6,210.9,206,206.5,216.1,175.7,180.1,180.1,39.6,83.2,76,7.998,7.964,30.002,1087,193.2,12,183.159,2014-03-26 7:24,,
2014-03-26 7:31,Extruder 1,14-A-205,90310-000065070004,7050 0% 065T 700W BK N/T,19370,1413,1250,1000,2014-03-26 7:31,175.8,186.4,181.5,181,191.2,191.5,179.2,178.6,179.7,179.7,179.3,219.7,209.1,203.1,203.4,211,175.4,179.8,179.8,38.8,80.9,75.8,9.981,9.99,33.027,1414,190.2,11.4,192.647,2014-03-26 5:16,,
2014-03-26 6:16,Extruder 1,14-A-205,90310-000065070004,7050 0% 065T 700W BK N/T,19370,1546,1250,500,2014-03-26 6:16,177.9,188,182.8,182.4,193,193.3,180.2,180.2,180.2,180.1,180.3,220.1,210.4,205.2,205.3,211.1,177.6,179.9,179.9,39.4,83.3,75.5,8.001,8.005,30.207,1145,193.4,12.2,193.762,2014-03-26 5:16,,
2014-03-26 5:46,Extruder 1,14-A-205,90310-000065070004,7050 0% 065T 700W BK N/T,19370,1546,1250,250,2014-03-26 5:46,177.5,187.8,182.6,182.8,192.3,193.1,180,180.2,180,180,180.2,220.1,210.3,205.4,205.4,211.1,176.7,180.2,180.2,39.6,83.4,76,7.998,8.008,30.467,1117,193,11.9,189.35,2014-03-26 5:16,,
2014-03-26 5:12,Extruder 1,14-A-204,90310-000065070004,7050 0% 065T 700W BK N/T,19370,1546,1250,1000,2014-03-26 5:12,174.6,186.2,180.7,182,190.7,192.3,180,179.4,180,179.8,180,219.5,209.8,204.4,204.5,211,176.2,180,180,39.3,82.6,75.6,7.996,8.048,29.474,1134,192.1,11.7,178.036,2014-03-26 3:01,,
2014-03-26 4:08,Extruder 1,14-A-204,90310-000065070004,7050 0% 065T 700W BK N/T,19370,1546,1250,500,2014-03-26 4:08,177.9,188,182.9,182.8,192.8,192.7,180,180,180,180,180,219.9,210,204.9,205,210.9,176,180,179.8,39.7,83.2,76.3,8.005,8.008,30.656,1011,192.4,11.8,182.732,2014-03-26 3:01,,
2014-03-26 3:37,Extruder 1,14-A-204,90310-000065070004,7050 0% 065T 700W BK N/T,19370,1546,1250,250,2014-03-26 3:37,177.5,187.9,182.8,183.3,192.3,192.8,180.1,180,180,180,180,220.1,210.3,205.4,205.4,211.3,175.8,180,180,39.8,83.1,76.2,8.003,8.002,30.692,1016,192.6,12,176.21,2014-03-26 3:01,,
2014-03-26 3:05,Extruder 1,14-A-203,90310-000065070004,7050 0% 065T 700W BK N/T,19370,1546,1250,1000,2014-03-26 3:05,174.9,186.3,181,181.6,190.8,191.4,180,179.3,180,180,180,219.7,209.8,204.4,204.4,210.9,175.4,180,180,39.2,82,75.8,8.005,8,29.462,1050,191.7,11.7,189.255,2014-03-26 0:53,,
2014-03-26 2:00,Extruder 1,14-A-203,90310-000065070004,7050 0% 065T 700W BK N/T,19370,1546,1250,500,2014-03-26 2:00,177.9,188,182.9,183,193,193.2,179.8,179.8,180,180,180,220,210.2,205.1,205.2,211,175.7,180,180,40.3,84,76.8,7.998,8.008,30.877,1002,192.3,12.3,175.38,2014-03-26 0:53,,
2014-03-26 1:29,Extruder 1,14-A-203,90310-000065070004,7050 0% 065T 700W BK N/T,19370,1546,1250,250,2014-03-26 1:29,177.5,187.8,182.8,182.9,192.2,192.7,180.1,180,180,180,180.2,220.3,210.3,205.3,205.2,211.3,175.4,180,180,40.3,83.3,76.8,8.001,7.994,30.754,1008,192.3,11.7,175.024,2014-03-26 0:53,,
2014-03-26 0:57,Extruder 1,14-A-202,90310-000065070004,7050 0% 065T 700W BK N/T,19370,1546,1250,1000,2014-03-26 0:57,174.8,186.1,180.9,181,190.7,191.7,180,179.3,180,180,180,219.5,209.3,204.3,204.4,211.1,175.5,179.9,179.9,39.6,82.5,75.9,8.003,8.002,28.943,1041,191.5,12,174.336,2014-03-25 22:51,,
2014-03-25 23:52,Extruder 1,14-A-202,90310-000065070004,7050 0% 065T 700W BK N/T,19370,1546,1250,500,2014-03-25 23:52,177.9,188,182.9,182.6,192.7,192.9,180.2,180.1,180.1,180,180,222.6,211.4,205.4,205.3,211,176.1,180.1,180,40.2,83.6,76.8,8.001,8.018,30.392,1054,192.7,12.2,176.305,2014-03-25 22:51,,
2014-03-25 23:22,Extruder 1,14-A-202,90310-000065070004,7050 0% 065T 700W BK N/T,19370,1546,24000,250,2014-03-25 23:22,177.4,187.9,182.7,183.1,192.4,192.8,180.1,180.2,180,180,180.3,211.1,205.4,205.4,205.5,211.2,175.9,180,180.2,40,83.8,76.7,8.003,8.005,30.15,1068,192.5,12.2,182.329,2014-03-25 22:51,,
2014-03-25 22:49,Extruder 1,14-A-201,90310-000065070004,7050 0% 065T 700W BK N/T,19370,1546,1250,1000,2014-03-25 22:49,174.9,186.4,180.7,182.2,190.8,192.5,180.1,179.1,179.8,180,180,210.9,204.7,204.2,204.3,210.8,176.1,179.8,180,39.6,82.8,76.3,8.001,8.005,28.954,1116,191.7,12,184.156,2014-03-25 20:37,,
2014-03-25 21:44,Extruder 1,14-A-201,90310-000065070004,7050 0% 065T 700W BK N/T,19370,1546,1250,500,2014-03-25 21:44,177.9,187.8,182.9,182.8,192.8,192.9,180.1,180,180,180.1,180.1,211.1,205.2,205.1,205.2,211.2,176.5,180,180.1,40.1,82.2,76.7,8.001,8,30.159,1116,192.7,12.1,187.998,2014-03-25 20:37,,
2014-03-25 21:13,Extruder 1,14-A-201,90310-000065070004,7050 0% 065T 700W BK N/T,19370,1546,1250,250,2014-03-25 21:13,177.5,187.9,182.7,182.9,192.3,193.5,180.1,180,180.1,180.1,180.1,211.4,205.4,205.3,205.3,211.1,176.1,180,180,40,82.5,76.5,8.001,8.002,30.087,1106,192.6,12.1,185.128,2014-03-25 20:37,,
2014-03-25 20:40,Extruder 1,14-A-200,90310-000065070004,7050 0% 065T 700W BK N/T,19370,1546,1250,1000,2014-03-25 20:40,175,186.2,181,181.1,190.8,191.9,179.8,179.7,180,179.8,179.8,210.6,204.7,204.4,204.4,211,175.6,180,180,39.8,81.3,76.4,8.001,8,28.936,1141,191.8,12.4,178.89,2014-03-24 22:05,,
2014-03-25 19:36,Extruder 1,14-A-200,90310-000065070004,7050 0% 065T 700W BK N/T,19370,1546,1250,500,2014-03-25 19:36,178.3,188.4,183.2,183.3,192.9,193,180.3,180,180,180,180,212.7,207.4,205.6,206.7,212.3,174.1,179.9,180,44.8,88.1,76.8,7.996,7.992,30.073,1099,192.7,11.7,189.848,2014-03-24 22:05,,
2014-03-25 19:03,Extruder 1,14-A-200,90310-000065070004,7050 0% 065T 700W BK N/T,19370,1546,1250,250,2014-03-25 19:03,178,188,183,183,192.8,193.3,179.9,179.7,180,180,179.8,208.3,202.7,204.1,203.6,209.2,173.1,180,180.1,48.6,86.1,76.7,7.202,7.206,26.196,1046,191.7,11.7,179.862,2014-03-24 22:05,,
2014-03-25 17:04,Extruder 1,14-A-200,90310-000065070004,7050 0% 065T 700W BK N/T,19370,1580,1250,1000,2014-03-25 17:04,177.5,187.7,182.6,182.8,192.4,193,180.6,180.3,180.3,180.2,180.8,211.4,200.9,201.1,201.2,211.7,169.3,180,180.3,32,65,49.5,7.204,7.183,27.002,1071,192,15,182.068,2014-03-24 22:05,,
2014-03-25 15:40,Extruder 1,14-A-200,90310-000065070004,7050 0% 065T 700W BK N/T,19370,1580,1250,500,2014-03-25 15:40,175.6,186.6,181.3,181.4,191.1,191.6,180,180.6,180.3,180.2,180.2,210.7,200.5,201.5,201.3,210.8,162.1,180,179.7,35.8,69.7,54.5,5.004,4.986,18.009,1041,189.8,11.4,174.36,2014-03-24 22:05,,
2014-03-25 13:55,Extruder 1,14-A-200,90310-000065070004,7050 0% 065T 700W BK N/T,19370,1580,1250,250,2014-03-25 13:55,177.5,187.8,182.5,182.7,192.2,192.7,180.6,180.2,180.5,180,180.2,200.2,201.6,201.4,201.7,200.4,159.7,180.1,180,36,69.4,54.5,8.998,9.006,24.431,1160,191,12.2,182.377,2014-03-24 22:05,,
2014-03-12 10:29,Extruder 1,14-A-185,90310-000065070004,7050 0% 065T 700W BK N/T,18853,1731,1250,500,2014-03-12 10:29,178.2,188.1,182.9,182.8,192.8,192.7,180.2,180,183,179.8,180,210.8,205.4,205.4,205.4,211,180.6,180,180,35.1,74.4,60.1,8.998,9.009,34.435,956,193.7,9.4,182.898,2014-03-12 9:30,,
2014-03-12 10:02,Extruder 1,14-A-185,90310-000065070004,7050 0% 065T 700W BK N/T,18853,1731,1250,250,2014-03-12 10:02,177.4,187.8,182.7,183.3,192.4,193,180.2,180.2,182.9,180.1,180,211.3,205.3,205.4,205.4,211.2,181.1,180.1,180,35.3,74.5,60.5,9.001,9.004,33.487,987,193.7,9.8,182.472,2014-03-12 9:30,,
2014-03-12 9:33,Extruder 1,14-A-184,90310-000065070004,7050 0% 065T 700W BK N/T,18853,1731,1250,1000,2014-03-12 9:33,175,186.2,181,181.2,190.7,191.5,180.3,179.2,183,179.8,180.3,210.2,204.8,204.4,204.5,211.1,179.3,180,179.8,35.3,74.1,60.4,9.001,8.994,33.465,1009,192.7,9.5,182.59,2014-03-12 7:32,,
2014-03-12 8:34,Extruder 1,14-A-184,90310-000065070004,7050 0% 065T 700W BK N/T,18853,1731,1250,500,2014-03-12 8:34,177.8,188.1,183,183,192.7,193.3,180.3,179.9,183,180.1,179.7,211,205.1,205.2,205.4,211.1,180.4,180,179.9,36.2,75.4,61.7,9.001,9.004,33.433,969,193.8,10.5,180.195,2014-03-12 7:32,,
2014-03-12 8:07,Extruder 1,14-A-184,90310-000065070004,7050 0% 065T 700W BK N/T,18853,1731,1250,250,2014-03-12 8:07,177.1,188,182.7,183.5,192.3,193,180,180.1,182.7,180,180,211.2,205.1,205.3,205.2,210.8,180.7,179.9,179.9,36.3,75.4,61.5,9.001,8.991,33.444,962,193,10.1,176.969,2014-03-12 7:32,,
2014-03-12 7:38,Extruder 1,14-A-183,90310-000065070004,7050 0% 065T 700W BK N/T,18853,1731,1250,1000,2014-03-12 7:38,175.3,186.2,181.3,181.3,190.8,191.5,180.5,179.1,183.2,180,180.1,210.6,204.8,204.2,204.2,211.1,179.3,179.8,179.8,36.2,74.6,60.6,8.998,8.999,33.421,1025,192.8,10.1,180.1,2014-03-12 5:32,,
2014-03-12 6:38,Extruder 1,14-A-183,90310-000065070004,7050 0% 065T 700W BK N/T,18853,1251,1250,500,2014-03-12 6:38,177.9,188,182.9,182.9,192.7,193.2,180.5,180.1,183,180,180,210.9,205.2,205.2,205.1,210.8,180.7,180,180,36.7,75.8,61.2,9.001,8.999,33.462,982,194,10.4,182.922,2014-03-12 5:32,,
2014-03-12 6:11,Extruder 1,14-A-183,90310-000065070004,7050 0% 065T 700W BK N/T,18853,1251,1250,250,2014-03-12 6:11,177.1,188,182.9,183.4,192.4,192.7,180.1,180.1,183,180,180.1,211.3,205.4,205.4,205.5,211.4,181,180,180.1,36.6,75.4,61,8.996,9.006,33.558,973,193.5,10.2,180.408,2014-03-12 5:32,,
2014-03-12 5:42,Extruder 1,14-A-183,90310-000065070004,7050 0% 065T 700W BK N/T,18853,1251,1250,1000,2014-03-12 5:42,175,186.2,181,180.7,190.7,191.8,180.4,179,183,179.9,180,210.1,204.7,204.3,204.4,211,179.5,180,179.9,36.4,74.8,61.3,9.003,8.996,33.453,1018,192.9,9.5,176.305,2014-03-12 5:32,,
2014-03-12 4:43,Extruder 1,14-A-182,90310-000065070004,7050 0% 065T 700W BK N/T,18853,1251,1250,500,2014-03-12 4:43,177.8,188,182.9,183.1,192.9,193.5,180.2,180,183.1,180,179.8,211.1,205.5,205.3,205.6,211.1,180.3,180,180,37.2,76,62,9.001,9.001,33.444,961,193.3,10.2,177.799,2014-03-12 3:37,,
2014-03-12 4:16,Extruder 1,14-A-182,90310-000065070004,7050 0% 065T 700W BK N/T,18853,1251,1250,250,2014-03-12 4:16,177.3,188,182.8,183.4,192.5,193.6,180.2,180.3,182.9,180.1,180.1,211.5,205.6,205.8,205.8,211.4,180.6,180,180,37,76.1,61.8,8.998,9.004,33.592,969,193,9.8,173.102,2014-03-12 3:37,,
2014-03-12 3:45,Extruder 1,14-A-181,90310-000065070004,7050 0% 065T 700W BK N/T,18853,1251,1250,1000,2014-03-12 3:45,175.8,186.4,181.4,181.1,191.1,191.3,180.2,178.8,182.7,179.8,180.1,210.4,204,203.4,203.6,210.4,178.4,179.8,179.8,35.6,73.4,61,9.001,9.001,32.608,1072,191.7,10.2,171.181,2014-03-12 1:37,,
2014-03-12 2:40,Extruder 1,14-A-181,90310-000065070004,7050 0% 065T 700W BK N/T,18853,1251,1250,500,2014-03-12 2:40,177.8,188,182.9,183.2,192.8,192.7,180.6,180.2,183.1,180,180,211.1,205.2,205.2,205.2,211,180.1,180,180.1,37.6,76.8,62.3,9.001,9.006,33.77,991,194.1,9.5,183.254,2014-03-12 1:37,,
2014-03-12 2:13,Extruder 1,14-A-181,90310-000065070004,7050 0% 065T 700W BK N/T,18853,1251,1250,250,2014-03-12 2:13,177.2,187.8,182.7,183.3,192.2,192.7,180.4,180,182.9,180,180.5,211.3,205.2,205.1,205.2,211.3,180,180,180,37.6,76.7,62.3,8.998,9.004,33.207,987,193.7,9.9,178.368,2014-03-12 1:37,,
2014-03-12 1:43,Extruder 1,14-A-180,90310-000065070004,7050 0% 065T 700W BK N/T,18853,1251,1250,1000,2014-03-12 1:43,174.2,186.2,181.1,180.2,190.8,192.1,180.9,179.3,182.9,180,180.3,210.3,204.7,204.5,204.7,211.1,179.7,180,180,36.9,75.4,61.9,9.001,8.994,33.581,1052,193.3,9.5,180.384,2014-03-11 23:46,,
2014-03-12 0:46,Extruder 1,14-A-180,90310-000065070004,7050 0% 065T 700W BK N/T,18853,1251,1250,500,2014-03-12 0:46,177.8,188,183,183.6,192.7,192.8,181.3,180,183.1,180,180,210.9,205.2,205.2,205.3,211.2,180.4,180,180,38,77.1,63.3,8.994,8.994,33.813,1036,194.8,9.6,184.44,2014-03-11 23:46,,
2014-03-12 0:19,Extruder 1,14-A-180,90310-000065070004,7050 0% 065T 700W BK N/T,18853,1251,1250,250,2014-03-12 0:19,177.3,188.1,182.8,183.4,192.4,193,181,179.8,182.9,180,179.8,211.2,205.2,205.3,205.2,211,180.2,180,180.1,37.6,76.4,62.9,9.005,8.989,33.804,1034,194.7,10.1,187.002,2014-03-11 23:46,,
2014-03-11 23:48,Extruder 1,14-A-179,90310-000065070004,7050 0% 065T 700W BK N/T,18853,1251,1250,1000,2014-03-11 23:48,174.8,186.2,181.9,180,191,192.6,181.2,179.3,183,180,179.8,210.3,204.7,204.5,204.7,211.3,180.3,179.9,180.1,37.2,75.8,62.9,9.01,8.999,33.567,1117,194.1,9.9,182.353,2014-03-11 21:44,,
2014-03-11 22:50,Extruder 1,14-A-179,90310-000065070004,7050 0% 065T 700W BK N/T,18853,1251,1250,500,2014-03-11 22:50,177.8,188,183.1,182.6,192.6,193,181,180,183.2,180.1,180,211.1,205.2,205.1,205.2,211,180.8,180,180,37.5,76.1,62.6,8.998,9.014,33.738,1036,194.6,10,182.661,2014-03-11 21:44,,
2014-03-11 22:23,Extruder 1,14-A-179,90310-000065070004,7050 0% 065T 700W BK N/T,18853,1251,1250,250,2014-03-11 22:23,177.3,188.2,182.9,183.3,192.4,192.9,180.7,180.2,183,180,180.2,211.3,205.5,205.4,205.4,211.2,180.6,180,180,37.1,76.1,62.4,8.998,9.006,33.572,1028,194.3,9.9,186.978,2014-03-11 21:44,,
2014-03-11 21:53,Extruder 1,14-A-179,90310-000065070004,7050 0% 065T 700W BK N/T,18853,1251,1250,1000,2014-03-11 21:53,174.7,186.2,181.1,181,190.4,191.7,180.8,179.4,183.1,180,180.1,210.2,204.7,204.5,204.6,211.1,179.7,180,180,36.7,75.5,62,8.998,9.006,33.549,1089,193.5,10,181.214,2014-03-11 19:48,,
2014-03-11 20:55,Extruder 1,14-A-178,90310-000065070004,7050 0% 065T 700W BK N/T,18853,1251,1250,500,2014-03-11 20:55,177.7,187.8,182.9,183,192.7,193.3,180.8,180.2,183.1,180,179.8,211,204.8,204.7,204.8,211.1,180.2,180.1,180,38.2,76.9,62.7,9.001,8.994,33.656,988,194,10.2,181.689,2014-03-11 19:48,,
2014-03-11 20:27,Extruder 1,14-A-178,90310-000065070004,7050 0% 065T 700W BK N/T,18853,1251,1250,250,2014-03-11 20:27,177.1,188,182.8,182.6,192.2,192.8,180.8,179.8,182.9,180,180,211.1,205.2,205.2,205.1,211,180.3,180,179.9,37.6,76.3,62.7,9.003,9.006,33.907,1005,194.5,10,186.67,2014-03-11 19:48,,
2014-03-11 19:57,Extruder 1,14-A-178,90310-000065070004,7050 0% 065T 700W BK N/T,18853,1251,1250,1000,2014-03-11 19:57,174.3,186.2,181.4,180.5,190.6,192.2,181.1,179.3,182.9,180,180,210.3,204.4,204.5,204.7,211.1,180.5,179.8,180,37.6,75.9,62.8,9.003,9.006,33.977,1086,194,10.2,182.78,2014-03-11 19:48,,
2014-03-11 19:00,Extruder 1,14-A-177,90310-000065070004,7050 0% 065T 700W BK N/T,18853,1251,1250,500,2014-03-11 19:00,177.7,187.9,182.9,183.7,192.7,192.5,181.3,180.1,183.1,180,180,210.9,205.2,205.1,205.1,211,180.7,180,179.9,38.2,76.7,62.7,8.998,9.016,33.998,1045,194.8,9.6,186.788,2014-03-11 18:01,,
2014-03-11 18:33,Extruder 1,14-A-177,90310-000065070004,7050 0% 065T 700W BK N/T,18853,1546,1250,250,2014-03-11 18:33,177.2,187.8,182.9,184,192.4,193.1,181,180.2,183,180,180.1,211.1,205.4,205.4,205.3,211,180.4,180,180.1,37.7,76.5,62.2,9.003,8.999,34.226,1040,194.6,10.3,187.88,2014-03-11 18:01,,
2014-03-11 18:02,Extruder 1,14-A-176,90310-000065070004,7050 0% 065T 700W BK N/T,18853,1546,1250,1000,2014-03-11 18:02,174.7,186.2,180.9,180.9,190.8,192.4,181.1,179.3,183,180,180.1,210.3,204.6,204.6,204.7,211.2,180.6,180,180,37.9,76.5,62.3,8.996,9.009,34.014,1118,193.9,9.2,182.068,2014-03-11 16:06,,
2014-03-11 17:04,Extruder 1,14-A-176,90310-000065070004,7050 0% 065T 700W BK N/T,18853,1546,1250,500,2014-03-11 17:04,177.8,188,183,182.9,192.6,192.8,181,179.9,182.9,180,180,210.8,205.1,205.1,205.1,210.7,181.2,180,180,38,76.8,62.8,9.005,9.009,34.235,1024,194.4,10.2,180.835,2014-03-11 16:06,,
2014-03-11 16:37,Extruder 1,14-A-176,90310-000065070004,7050 0% 065T 700W BK N/T,18853,1546,1250,250,2014-03-11 16:37,177.3,187.6,182.9,183.6,192.3,192.8,180.9,180.1,183.1,180,180.2,211.1,205.4,205.4,205.4,211.1,180.9,180,180.1,38.2,76.8,62.3,9.003,9.019,34.474,1040,194.1,10.7,188.757,2014-03-11 16:06,,
2014-03-11 16:07,Extruder 1,14-A-175,90310-000065070004,7050 0% 065T 700W BK N/T,18853,1546,1250,1000,2014-03-11 16:07,174.9,186.2,180.9,181.4,190.7,192.4,180.7,179.3,183.1,180,180,210.4,204.7,204.5,204.7,211.1,180,180,180,37.8,76.2,61.9,8.998,9.004,33.927,1032,192.9,9.7,182.685,2014-03-11 14:06,,
2014-03-11 15:09,Extruder 1,14-A-175,90310-000065070004,7050 0% 065T 700W BK N/T,18853,1546,1250,500,2014-03-11 15:09,178,188,183,183.2,192.8,193.3,180.5,180.1,183,180,180.1,211,204.9,205,205,211,180.2,180.1,179.8,38.1,77,62.5,9.001,8.989,33.781,965,193,9.7,181.997,2014-03-11 14:06,,
2014-03-11 14:42,Extruder 1,14-A-175,90310-000065070004,7050 0% 065T 700W BK N/T,18853,1546,1250,250,2014-03-11 14:42,177.5,187.8,182.8,182.8,192.5,192.6,180.5,180.1,182.9,180,180,211.1,205.2,205,205.2,211.2,180.3,180,180.1,38.5,77.5,63,9.001,8.999,33.811,956,192.9,9.8,183.065,2014-03-11 14:06,,
2014-03-11 14:00,Extruder 1,14-A-174,90310-000065070004,7050 0% 065T 700W BK N/T,18853,1546,1250,1000,2014-03-11 14:00,175.1,186.2,181.1,181.6,191.4,192.4,180.8,179.3,182.9,180,180.1,210.3,204.4,204.4,204.5,211.1,180.3,179.9,179.9,37.8,76.2,61.9,9.003,8.979,33.79,1045,192.8,9,178.771,2014-03-11 6:26,,
2014-03-11 13:01,Extruder 1,14-A-174,90310-000065070004,7050 0% 065T 700W BK N/T,18853,1546,1250,500,2014-03-11 13:01,177.7,188,183,183.2,192.9,193,181,180,183.4,179.8,179.9,211.3,205.7,205.2,205.7,211.3,181.1,180,180.1,38.2,76.9,62.6,9.003,8.983,33.843,1010,193.7,9.5,185.555,2014-03-11 6:26,,
2014-03-11 12:34,Extruder 1,14-A-174,90310-000065070004,7050 0% 065T 700W BK N/T,18853,1546,1250,250,2014-03-11 12:34,177.6,188.1,182.9,182.7,192.7,193.2,180.9,180.5,183.8,180,179.9,212.2,207,206.6,207,212.2,181.3,180,180.3,38.2,76.8,62.3,9.001,8.981,33.749,1011,193.6,10.4,186.219,2014-03-11 6:26,,
2014-03-11 10:08,Extruder 1,14-A-174,90310-000065070004,7050 0% 065T 700W BK N/T,18853,1546,1250,250,2014-03-11 10:08,177.2,188.1,182.9,183.7,192.4,193.1,180,180.8,183.2,180.1,180.4,230.7,211.4,207.7,206.5,230.3,181.8,180,180.1,37.8,77.1,61.6,9.003,8.986,31.847,996,191.4,9.9,179.839,2014-03-11 6:26,,
2014-03-11 6:31,Extruder 1,14-A-173,90310-000065100004,7050 0% 065T 1000W BK N/T,18854,1251,1250,1000,2014-03-11 6:31,178,188.6,183.2,183.6,192.9,193.5,183.4,179.7,182.9,180,179.8,230,210.4,206,210.8,230,184.3,179.8,180,37.6,76.1,63.2,8.005,7.992,46.137,808,198.5,10.7,75.308,2014-03-11 4:16,,
2014-03-11 5:30,Extruder 1,14-A-173,90310-000065100004,7050 0% 065T 1000W BK N/T,18854,1251,1250,500,2014-03-11 5:30,178.6,188.3,182.9,183.2,192.9,195.3,183.6,179.8,183.1,179.9,180.1,229.8,210.6,206.1,210.9,230.1,184.2,179.9,180,37,76.2,62.9,8.001,7.998,46.087,995,198.6,9.5,197.889,2014-03-11 4:16,,
2014-03-11 4:59,Extruder 1,14-A-173,90310-000065100004,7050 0% 065T 1000W BK N/T,18854,1251,1250,250,2014-03-11 4:59,177.5,188.4,181.9,183.9,192.8,195,183.2,180.2,182.9,180.1,179.9,230.2,210.7,206.3,210.6,230.1,184,180,179.9,37.3,76.3,63.1,8.005,8.01,46.071,1012,198.6,10.3,187.974,2014-03-11 4:16,,
2014-03-11 4:25,Extruder 1,14-A-173,90310-000065100004,7050 0% 065T 1000W BK N/T,18854,1251,1250,1000,2014-03-11 4:25,175,186.9,182.4,181.8,191.6,193.4,183.7,179.2,183,180,180,229.4,210.8,205.2,210.6,230.2,184.2,180,179.8,37,75.7,63,8.001,8.002,46.073,1091,197.8,9.6,193.287,2014-03-11 4:16,,
2014-03-11 3:20,Extruder 1,14-A-172,90310-000065100004,7050 0% 065T 1000W BK N/T,18854,1251,1250,500,2014-03-11 3:20,177.9,188.1,183.4,183.6,193,194.6,183.6,180,183.2,180,180.2,230,210.9,206.1,211.1,230.2,184.1,180,180.1,38.1,76.3,63.8,8.003,8,46.633,989,198.9,10.4,191.034,2014-03-11 2:07,,
2014-03-11 2:49,Extruder 1,14-A-172,90310-000065100004,7050 0% 065T 1000W BK N/T,18854,1251,1250,250,2014-03-11 2:49,177.6,188.5,183.2,182.8,192.7,195.4,183.1,179.9,182.9,180.1,179.9,230.4,210.9,206.3,210.7,230.2,183.7,180,180,37.9,76.1,63.7,7.998,8.015,46.54,977,198.1,9.9,192.813,2014-03-11 2:07,,
2014-03-11 2:15,Extruder 1,14-A-171,90310-000065100004,7050 0% 065T 1000W BK N/T,18854,1251,1250,1000,2014-03-11 2:15,174.8,187.1,182,180.1,191.7,193.1,183.5,178.8,182.7,179.9,180,229.1,210.1,205.1,210.5,230.2,183.9,180,179.9,37.7,75.6,63.4,8.001,7.992,42.071,1045,197.2,9.8,189.089,2014-03-10 23:57,,
2014-03-11 1:10,Extruder 1,14-A-171,90310-000065100004,7050 0% 065T 1000W BK N/T,18854,1251,1250,500,2014-03-11 1:10,178,188.5,182.8,183.6,192.9,195.3,183.8,180.3,183.2,180,180.1,230,210.7,206.2,211.4,230,184.4,180,180,38.5,76.3,64,8.001,8.01,46.544,992,198.8,10.4,190.821,2014-03-10 23:57,,
2014-03-11 0:39,Extruder 1,14-A-171,90310-000065100004,7050 0% 065T 1000W BK N/T,18854,1251,1250,250,2014-03-11 0:39,177.5,188.5,182.6,183.2,192.8,195.2,183.3,180,183,180,179.3,230.4,210.6,206.3,210.9,230.2,184.2,180,180,38.2,76.3,64.1,7.996,8.002,46.636,999,198.2,10,182.97,2014-03-10 23:57,,
2014-03-11 0:05,Extruder 1,14-A-170,90310-000065100004,7050 0% 065T 1000W BK N/T,18854,1251,1250,1000,2014-03-11 0:05,174.7,187.1,181.7,181.8,191.6,193.3,183.7,179.2,183,180,179.7,229.5,210.3,205.4,210.9,230.4,184.5,179.9,179.8,37.7,75.5,63.5,8.001,7.99,46.583,1071,197.6,9.8,191.342,2014-03-10 21:49,,
2014-03-10 23:01,Extruder 1,14-A-170,90310-000065100004,7050 0% 065T 1000W BK N/T,18854,1251,1250,500,2014-03-10 23:01,177.8,188.3,183.3,182.7,192.9,196.4,183.7,180.3,183.2,180,180.3,229.6,211,206,211.5,230,184.9,179.9,180,38.2,76.3,63.8,8.001,8.002,46.084,1013,198.8,10.2,199.217,2014-03-10 21:49,,
2014-03-10 22:30,Extruder 1,14-A-170,90310-000065100004,7050 0% 065T 1000W BK N/T,18854,1251,1250,250,2014-03-10 22:30,177.5,187.5,183.3,182.5,192.7,196.3,183.3,180.4,183,180,180.2,230.5,210.8,206.4,211,230.2,184.5,180,180.1,38,76.1,64,7.998,7.988,46.595,1020,198.6,10.2,195.375,2014-03-10 21:49,,
2014-03-10 21:56,Extruder 1,14-A-169,90310-000065100004,7050 0% 065T 1000W BK N/T,18854,1251,1250,1000,2014-03-10 21:56,175.2,187.2,181.7,181.6,191.5,193.5,183.8,178.5,183,179.8,180,229,210.4,204.9,210.6,230.1,184.5,179.8,179.7,37.1,74.9,62.7,8.003,8,43.091,1109,197.6,10.1,187.88,2014-03-10 19:44,,
2014-03-10 20:49,Extruder 1,14-A-169,90310-000065100004,7050 0% 065T 1000W BK N/T,18854,1251,1250,500,2014-03-10 20:49,177.7,188.1,183.4,181.6,193,195.2,183.5,180.3,183.2,180,180.1,229.8,210.7,206.2,211,230.1,184.3,180,180.1,38,76.3,63.4,8.001,7.998,46.642,978,198.6,10.3,188.686,2014-03-10 19:44,,
2014-03-10 20:19,Extruder 1,14-A-169,90310-000065100004,7050 0% 065T 1000W BK N/T,18854,1251,1250,250,2014-03-10 20:19,177.6,188.2,183.6,181.9,192.8,194.4,183.1,180,182.9,180.1,180,230.2,210.6,206.2,210.6,230.1,183.9,180,180,38.2,76.4,63.6,8.003,7.998,46.084,970,197.9,10.4,187.88,2014-03-10 19:44,,
2014-03-10 19:43,Extruder 1,14-A-168,90310-000065100004,7050 0% 065T 1000W BK N/T,18854,1251,1250,1000,2014-03-10 19:43,175.1,187.1,181.5,182.7,192.6,193,183.7,179,183,180,180,229.5,210.3,204.9,210.3,230.2,184.2,179.7,179.7,37.4,75.3,62.8,8.001,7.992,42.114,1042,197.3,10.2,189.35,2014-03-10 17:31,,
2014-03-10 18:37,Extruder 1,14-A-168,90310-000065100004,7050 0% 065T 1000W BK N/T,18854,1546,1250,500,2014-03-10 18:37,177.7,187.9,182.9,182.4,192.9,195.2,183.9,180,183.2,180,180.1,230.2,211.4,206.1,211.6,230.2,184.7,180,180,40.4,79.1,64.9,8.001,8.012,46.046,1003,199.2,10.5,197.794,2014-03-10 17:31,,
2014-03-10 18:06,Extruder 1,14-A-168,90310-000065100004,7050 0% 065T 1000W BK N/T,18854,1546,1250,250,2014-03-10 18:06,177.6,187.7,183.2,183.7,192.7,195.7,183.2,180.3,182.9,180,180,230.2,210.9,206.2,211.1,230.2,184.3,180,180,40.2,79,64.9,8.001,7.994,46.112,993,198.5,10.3,193.05,2014-03-10 17:31,,
2014-03-10 17:32,Extruder 1,14-A-167,90310-000065100004,7050 0% 065T 1000W BK N/T,18854,1546,1250,1000,2014-03-10 17:32,175.1,186.2,181.5,182.5,191.7,193.8,183.7,179,182.9,180,180,229.7,210.6,204.9,211,230,184.6,179.9,180,39.5,78,64.4,8.003,8.005,46.118,1058,197.8,9.5,198.743,2014-03-10 15:25,,
2014-03-10 16:28,Extruder 1,14-A-167,90310-000065100004,7050 0% 065T 1000W BK N/T,18854,1546,1250,500,2014-03-10 16:28,178,188.4,183.3,183.8,192.9,195.9,183.8,180,183.1,180,180.2,229.8,211.1,206,211.6,230,185,180,180,40,79.3,65,8.003,7.998,46.141,987,198.9,10.8,191.769,2014-03-10 15:25,,
2014-03-10 15:57,Extruder 1,14-A-167,90310-000065100004,7050 0% 065T 1000W BK N/T,18854,1546,1250,250,2014-03-10 15:57,177.3,188.3,183.7,182.9,192.9,195.9,183.4,180,182.9,180.1,180,230.4,210.8,206.3,211.3,230.3,184.9,180,180,40.1,79.1,65.1,7.998,8.002,46.125,994,198.4,10.2,196.893,2014-03-10 15:25,,
2014-03-10 15:23,Extruder 1,14-A-166,90310-000065100004,7050 0% 065T 1000W BK N/T,18854,1546,1250,1000,2014-03-10 15:23,175.4,187.2,182,182.7,191.5,193.9,183.8,179.3,183,180,180,229.6,210.6,205.5,211.4,230.2,185,179.8,179.7,39.8,78.3,64.6,8.001,7.994,46.068,1076,198.1,10.1,200.498,2014-03-10 13:13,,
2014-03-10 14:18,Extruder 1,14-A-166,90310-000065100004,7050 0% 065T 1000W BK N/T,18854,1546,1250,500,2014-03-10 14:18,178,188.4,183,182.7,193,195.6,183.7,180,183.2,180,180,230,211.3,206.5,211.8,230,184.9,180,180,39.8,79.1,64.6,8.001,7.994,46.107,994,198.7,10.3,202.443,2014-03-10 13:13,,
2014-03-10 13:48,Extruder 1,14-A-166,90310-000065100004,7050 0% 065T 1000W BK N/T,18854,1546,1250,250,2014-03-10 13:48,177.8,188.8,183.4,182,192.6,195.7,183.2,180.1,183.1,180,180.3,230.4,211.3,206.4,211.3,230.3,184.4,180,180.1,40,78.8,64.7,7.994,7.982,46.036,983,198.3,10.3,198.363,2014-03-10 13:13,,
2014-03-10 13:14,Extruder 1,14-A-165,90310-000065100004,7050 0% 065T 1000W BK N/T,18854,1546,1250,1000,2014-03-10 13:14,175.6,186.9,181.9,182.1,192.3,192.9,183.3,179.1,183,179.8,180,229.5,210.1,205.5,210.9,230.2,183.8,180,179.7,39.5,77.7,64.2,8.001,7.99,45.872,1070,197.4,9.6,206.191,2014-03-10 10:35,,
2014-03-10 12:06,Extruder 1,14-A-165,90310-000065100004,7050 0% 065T 1000W BK N/T,18854,1546,1250,500,2014-03-10 12:06,178.3,188.1,183.7,183.1,193,194,183.2,180.2,183.4,180,180.2,229.8,211.6,206.2,211.3,230.1,183.3,180,180,39.7,78.9,64.6,7.498,7.481,43.26,947,197.9,10,192.576,2014-03-10 10:35,,
2014-03-10 11:33,Extruder 1,14-A-165,90310-000065100004,7050 0% 065T 1000W BK N/T,18854,1546,1250,250,2014-03-10 11:33,177.7,186.1,182.6,183.6,192.9,195,182.1,180.4,183.1,180,180.1,230.9,212.4,207.2,210.4,230.8,182.4,180,180,39.5,78.4,64.1,7.493,7.496,43.269,972,197,10.5,194.023,2014-03-10 10:35,,
2014-03-10 10:39,Extruder 1,14-A-164,90310-000065100004,7050 0% 065T 1000W BK N/T,18854,1546,1250,1000,2014-03-10 10:39,178.1,188,183.6,183.2,193,193.1,182.9,180,183,180,180,229.7,210.7,206,211.3,230,184,180,180,39.5,78.8,64.4,7.5,7.496,43.105,960,197.6,11,197.462,2014-03-10 8:23,,
2014-03-10 9:33,Extruder 1,14-A-164,90310-000065100004,7050 0% 065T 1000W BK N/T,18854,1546,1250,500,2014-03-10 9:33,177.9,187.7,183.5,182.7,192.9,193.8,183.1,180.1,183.2,180,180,230.2,212,206.7,210.9,230.2,183.6,180,180.2,39.6,78.3,64.4,7.498,7.443,43.551,939,197.7,10.9,186.599,2014-03-10 8:23,,
2014-03-10 9:00,Extruder 1,14-A-164,90310-000065100004,7050 0% 065T 1000W BK N/T,18854,1546,1250,250,2014-03-10 9:00,177.7,187.9,182.6,183.9,192.8,194.2,182.4,180.3,183,180,180,232.6,209.9,206.3,207.4,228.7,182.9,180,179.8,39.8,78.6,64.5,7.505,7.473,43.458,922,197.2,9.9,187.453,2014-03-10 8:23,,
2014-03-10 8:23,Extruder 1,14-A-163,90310-000065100004,7050 0% 065T 1000W BK N/T,18854,1546,1250,1000,2014-03-10 8:23,175.2,186.8,181.7,182.3,191.5,192.1,182.5,179.2,183,180,180.1,226.4,208.4,205.1,206.2,219.7,182.8,179.9,180,39.2,77.9,64.1,7.502,7.44,40.082,963,196,9.7,186.053,2014-03-10 5:58,,
2014-03-10 7:13,Extruder 1,14-A-163,90310-000065100004,7050 0% 065T 1000W BK N/T,18854,1546,1250,500,2014-03-10 7:13,177.8,188.1,182.9,182.4,193,194.2,183.1,180,183,180,180,226.9,209.7,206,207.7,219.9,183.7,180,180,39.7,79.1,64.2,7.5,7.471,43.378,973,197.6,10.2,194.45,2014-03-10 5:58,,
2014-03-10 6:41,Extruder 1,14-A-163,90310-000065100004,7050 0% 065T 1000W BK N/T,18854,1413,1250,250,2014-03-10 6:41,177.7,188.4,183,183.4,192.7,195.3,182.7,180.1,183.1,180.1,180,227.2,209.5,206.4,207.5,220.4,183.5,180,180,39.7,79,64.2,7.606,7.566,44.084,953,197.7,10.4,192.41,2014-03-10 5:58,,
2014-03-10 6:04,Extruder 1,14-A-162,90310-000065100004,7050 0% 065T 1000W BK N/T,18854,1413,1250,1000,2014-03-10 6:04,175.5,186.8,182.4,182.8,191.7,192.4,183,179.1,182.9,180,179.7,226.3,209,204.9,207,220,183.4,179.9,179.9,39.5,78,64.3,7.502,7.461,43.187,1049,196.7,9.7,195.161,2014-03-10 2:52,,
2014-03-10 4:55,Extruder 1,14-A-162,90310-000065100004,7050 0% 065T 1000W BK N/T,18854,1413,1250,500,2014-03-10 4:55,178,188,182.9,183.7,193,195.9,183.7,179.7,183.5,179.9,180.3,226.8,210.6,206,208.9,219.8,184,180.1,180,39.8,79.2,64.3,7.498,7.465,43.431,1011,198.6,10.9,193.454,2014-03-10 2:52,,
2014-03-10 4:22,Extruder 1,14-A-162,90310-000065100004,7050 0% 065T 1000W BK N/T,18854,1413,1250,250,2014-03-10 4:22,177.7,188.1,183.5,182,192.8,196.1,182.8,180.5,184.4,180.1,180.5,227.5,210.5,208,209.7,220.8,182.8,180,180,39.6,79.4,64.3,7.5,7.468,43.501,1012,197.8,10.6,199.028,2014-03-10 2:52,,
2014-03-10 2:50,Extruder 1,14-A-161,90310-000065100004,7050 0% 065T 1000W BK N/T,18854,1413,1250,1000,2014-03-10 2:50,178,188.1,183.5,184.2,193.1,194.7,183.4,180.3,183.2,180,180,227.1,209.7,206.2,208,220,184.5,180,180,40.2,77.3,64.2,7.498,7.435,43.451,995,198.6,10.1,201.494,2014-03-10 0:25,,
2014-03-10 1:44,Extruder 1,14-A-161,90310-000065100004,7050 0% 065T 1000W BK N/T,18854,1413,1250,500,2014-03-10 1:44,178.2,187.8,182.8,182.4,192.9,194,182.9,179.9,183.1,180,180.1,227,209,206.2,207.2,219.9,183.2,180.1,180.1,39.8,77.1,64,7.5,7.451,43.513,935,197.6,10.4,196.94,2014-03-10 0:25,,
2014-03-10 1:11,Extruder 1,14-A-161,90310-000065100004,7050 0% 065T 1000W BK N/T,18854,1413,1250,250,2014-03-10 1:11,178,188.5,183.2,182.3,192.8,193.7,182.4,180.1,183.1,180,180.1,227.2,208.4,206.3,206.9,220.3,182.8,180,180,39.9,77.3,64.4,7.502,7.461,43.563,914,197,10.5,192.742,2014-03-10 0:25,,
2014-03-10 0:33,Extruder 1,14-A-160,90310-000065100004,7050 0% 065T 1000W BK N/T,18854,1413,1250,1000,2014-03-10 0:33,175.5,186.8,181.7,182.5,191.4,192.3,182.7,178.9,182.8,179.8,180,226.5,208.3,204.7,206.7,220,183.2,179.7,179.8,39,75.4,63.8,7.502,7.447,43.141,1032,196.1,10.2,189.706,2014-03-09 22:04,,
2014-03-09 23:22,Extruder 1,14-A-160,90310-000065100004,7050 0% 065T 1000W BK N/T,18854,1413,1250,500,2014-03-09 23:22,177.8,187.1,183.2,184.2,192.9,195.2,183,179.8,183.1,180,180.1,226.9,209.5,206.1,207.7,220,184,180,180,39.4,76.3,64.4,7.502,7.44,43.1,966,198,10.5,197.177,2014-03-09 22:04,,
2014-03-09 22:49,Extruder 1,14-A-160,90310-000065100004,7050 0% 065T 1000W BK N/T,18854,1413,1250,250,2014-03-09 22:49,177.7,188.2,182.5,182.8,192.7,195.2,182.6,179.9,182.9,180,180.2,227.1,209.2,206.2,207.4,220.1,183.7,180,180,39.5,76.7,64.6,7.502,7.435,43.31,984,197.6,11.1,194.687,2014-03-09 22:04,,
2014-03-09 22:13,Extruder 1,14-A-159,90310-000065100004,7050 0% 065T 1000W BK N/T,18854,1413,1250,1000,2014-03-09 22:13,175.5,187.2,181.6,182.5,192.1,192.7,183.1,179.1,182.9,180.1,180,226.8,209,205.2,207.4,220.3,184,179.8,179.9,39.3,75.5,64,7.5,7.465,43.057,1054,197.1,9.4,199.763,2014-03-09 19:46,,
2014-03-09 21:03,Extruder 1,14-A-159,90310-000065100004,7050 0% 065T 1000W BK N/T,18854,1413,1250,500,2014-03-09 21:03,178.2,188.2,183,184.2,193,195.9,183.2,180,183.2,180,180,227.1,209.9,206.7,208.3,220.1,184.4,180,180.1,39.8,77.1,64.4,7.5,7.457,43.364,1026,198.7,10.6,204.293,2014-03-09 19:46,,
2014-03-09 20:30,Extruder 1,14-A-159,90310-000065100004,7050 0% 065T 1000W BK N/T,18854,1413,1250,250,2014-03-09 20:30,178,188.7,182.8,182.9,192.9,195,182.1,180.1,182.9,180.1,180.2,227.4,209.1,206.4,207.3,220.2,183.4,180,180,39.8,77,64.7,7.498,7.455,43.428,986,197.3,10.4,200.119,2014-03-09 19:46,,
2014-03-09 19:54,Extruder 1,14-A-158,90310-000065100004,7050 0% 065T 1000W BK N/T,18854,1413,1250,1000,2014-03-09 19:54,175,186.1,181.9,181.6,191.2,192.1,182.4,179.2,182.8,180,180,226.8,208.8,205.1,207,220.2,183.2,179.8,180,39.2,75.4,64,7.5,7.457,43.062,1050,196.4,9.6,187.168,2014-03-09 17:35,,
2014-03-09 18:45,Extruder 1,14-A-158,90310-000065100004,7050 0% 065T 1000W BK N/T,18854,1476,1250,500,2014-03-09 18:45,178,188.1,182.6,182.8,192.9,195.6,183.2,180,183.3,180,180,225.2,209.2,206.2,208.1,219.7,184.2,180,180.1,39.4,76.3,64.2,7.602,7.544,43.237,1011,198.6,10.6,207.851,2014-03-09 17:35,,
2014-03-09 18:13,Extruder 1,14-A-158,90310-000065100004,7050 0% 065T 1000W BK N/T,18854,1476,1250,250,2014-03-09 18:13,177.9,188.3,183.2,182.8,192.7,196.1,182.7,180.3,182.9,180,180,225.3,209.1,206.4,207.8,220.4,183.6,180,180.1,39.7,77,64.4,7.602,7.564,43.59,1000,198.2,10.2,201.115,2014-03-09 17:35,,
2014-03-09 17:37,Extruder 1,14-A-157,90310-000065100004,7050 0% 065T 1000W BK N/T,18854,1476,1250,1000,2014-03-09 17:37,175.4,186.6,181.3,181,192.2,193.7,183.2,178.9,183.2,180,179.7,224.7,208.7,205.3,207.4,220.2,183.6,180,179.8,39.1,75.9,64.1,7.604,7.554,41.157,1084,197.4,10.1,201.257,2014-03-09 15:19,,
2014-03-09 16:28,Extruder 1,14-A-157,90310-000065100004,7050 0% 065T 1000W BK N/T,18854,1476,1250,500,2014-03-09 16:28,178,187.3,182.5,184,193,194.9,183.3,179.8,183.2,180,179.8,224.9,209,206.2,207.9,219.9,183.7,180,180,39.5,76.8,64.2,7.604,7.538,43.886,972,198.6,10.8,202.324,2014-03-09 15:19,,
2014-03-09 15:55,Extruder 1,14-A-157,90310-000065100004,7050 0% 065T 1000W BK N/T,18854,1476,1250,250,2014-03-09 15:55,177.8,188.2,183.4,183.4,193.2,195,182.6,180,183.1,180,179.9,225.2,208.6,206.3,207.3,220.4,183.1,180,180,39.2,76.3,64.1,7.6,7.546,43.907,981,197.9,9.9,189.872,2014-03-09 15:19,,
2014-03-09 15:20,Extruder 1,14-A-156,90310-000065100004,7050 0% 065T 1000W BK N/T,18854,1476,1250,1000,2014-03-09 15:20,175.3,186.8,181.5,181.1,192.3,191.7,182.9,179.2,183,180,179.9,224.7,208.3,205.1,207,219.9,182.8,179.8,179.9,39.1,76,63.6,7.606,7.544,43.121,1039,196.9,10.5,195.517,2014-03-09 12:58,,
2014-03-09 14:11,Extruder 1,14-A-156,90310-000065100004,7050 0% 065T 1000W BK N/T,18854,1476,1250,500,2014-03-09 14:11,178.1,187.7,182.8,183.4,192.9,194.3,183.1,180,183.2,180,180,225,209.1,206.3,207.8,220.1,183.3,180.1,180,39.4,76.8,64.1,7.604,7.564,43.804,960,198.2,10,199.858,2014-03-09 12:58,,
2014-03-09 13:39,Extruder 1,14-A-156,90310-000065100004,7050 0% 065T 1000W BK N/T,18854,1476,1250,250,2014-03-09 13:39,177.9,188,183.2,182.5,192.9,195.4,182.4,180.2,183,180.1,180,225.5,208.5,206.6,207.1,220.5,182.8,180,180,39.4,76.7,64,7.606,7.554,44.223,955,197.6,10.3,189.232,2014-03-09 12:58,,
2014-03-09 13:03,Extruder 1,14-A-155,90310-000065100004,7050 0% 065T 1000W BK N/T,18854,1476,1250,1000,2014-03-09 13:03,175.5,186.9,182,182.7,191.7,191.7,182.8,178.8,183,179.9,179.7,224,207.5,204.7,206.2,219.6,182.5,179.7,179.7,38.7,75.8,63.4,7.602,7.544,43.066,1058,196.5,10.1,196.561,2014-03-09 10:33,,
2014-03-09 11:52,Extruder 1,14-A-155,90310-000065100004,7050 0% 065T 1000W BK N/T,18854,1476,1250,500,2014-03-09 11:52,178,188.1,181.7,183.2,193,194.5,182.9,180,183.2,180,180,225.1,208.6,206.2,207.4,220.6,183.2,180.1,180,39.2,76.6,63.9,7.604,7.544,43.642,955,198,10.9,198.767,2014-03-09 10:33,,
2014-03-09 11:20,Extruder 1,14-A-155,90310-000065100004,7050 0% 065T 1000W BK N/T,18854,1476,1250,250,2014-03-09 11:20,177.9,187.7,182.5,184,192.9,194,182.6,180.1,183.1,180,179.7,225.1,208.4,206.2,206.1,217.3,182.8,180,180,39.6,77.1,64.2,7.597,7.528,43.665,938,197.4,10.2,194.9,2014-03-09 10:33,,
2014-03-09 10:41,Extruder 1,14-A-154,90310-000065100004,7050 0% 065T 1000W BK N/T,18854,1476,1250,1000,2014-03-09 10:41,175.4,186.6,181.7,181.5,191.7,192.2,183,179,182.9,179.9,179.7,224.5,208.6,205,205.8,217,183,179.8,179.9,38.5,75.9,63.3,7.606,7.548,40.082,984,196.8,9.2,192.647,2014-03-09 8:18,,
2014-03-09 9:32,Extruder 1,14-A-154,90310-000065100004,7050 0% 065T 1000W BK N/T,18854,1476,1250,500,2014-03-09 9:32,178.1,188.3,182.7,184.1,193,194.8,182.9,180,183.2,180,180,224.9,209.2,206.4,207,217.1,183.1,180.1,180.1,39.2,77,63.8,7.602,7.541,43.891,985,198.3,10.4,197.557,2014-03-09 8:18,,
2014-03-09 8:59,Extruder 1,14-A-154,90310-000065100004,7050 0% 065T 1000W BK N/T,18854,1476,1250,250,2014-03-09 8:59,178,187.6,182.9,183.7,192.8,194.4,181.9,180.2,183.1,180,180,225.2,208.2,206.7,206,217.4,181.6,180,180,38.9,76.5,63.4,7.6,7.548,44.61,967,197.1,10.3,196.347,2014-03-09 8:18,,
2014-03-09 8:23,Extruder 1,14-A-153,90310-000065100004,7050 0% 065T 1000W BK N/T,18854,1476,1250,1000,2014-03-09 8:23,175.4,186.8,181.4,181.6,191.6,191.4,182.2,179,183,180,179.9,224.7,208.1,204.9,204.8,216.6,181.3,179.8,179.6,38.4,75.6,62.6,7.405,7.345,40.084,964,195.8,9.4,190.963,2014-03-09 5:49,,
2014-03-09 7:11,Extruder 1,14-A-153,90310-000065100004,7050 0% 065T 1000W BK N/T,18854,1476,1250,500,2014-03-09 7:11,178,188.3,182.6,184.1,193,192.9,182.3,180.2,183,180,180,225.1,208.7,206.1,206.3,217.1,181.6,180,180,38.5,75.5,63.3,7.197,7.14,41.376,938,197.1,9.9,188.188,2014-03-09 5:49,,
2014-03-09 6:36,Extruder 1,14-A-153,90310-000065100004,7050 0% 065T 1000W BK N/T,18854,1413,1250,250,2014-03-09 6:36,177.9,188,182.6,183.8,193,193.5,181.8,180.2,183,180,180.1,225.3,208.2,206.5,206,217.4,181.5,180.1,180.1,38.8,75.9,63.3,7.206,7.163,41.378,891,196.7,10.3,188.899,2014-03-09 5:49,,
2014-03-09 5:58,Extruder 1,14-A-152,90310-000065100004,7050 0% 065T 1000W BK N/T,18854,1413,1250,1000,2014-03-09 5:58,175.4,186.7,181.5,181.9,191.5,192.1,181.9,178.8,182.9,180,180,224.3,207.8,205,204.8,216.8,181.1,179.9,180,38.1,74.3,62.5,6.998,6.961,41.075,1019,195.8,10.1,189.065,2014-03-09 3:28,,
2014-03-09 4:45,Extruder 1,14-A-152,90310-000065100004,7050 0% 065T 1000W BK N/T,18854,1413,1250,500,2014-03-09 4:45,177.6,187.9,182.3,183.1,193,193.3,182.3,180.2,183,180,180,225.1,208.5,206,205.8,216.9,181.5,180,180,39,76,66.1,7.403,7.355,43.551,880,197.1,9.9,187.619,2014-03-09 3:28,,
2014-03-09 4:12,Extruder 1,14-A-152,90310-000065100004,7050 0% 065T 1000W BK N/T,18854,1413,1250,250,2014-03-09 4:12,177.6,188.4,182.9,182.3,192.7,193.3,182.3,180,182.9,180,180,225.3,208.5,206.1,206,217.3,181.7,180.1,180,38.3,75.4,65.8,7.604,7.582,44.308,902,196.9,9.8,187.88,2014-03-09 3:28,,
2014-03-09 3:36,Extruder 1,14-A-151,90310-000065100004,7050 0% 065T 1000W BK N/T,18854,1413,1250,1000,2014-03-09 3:36,175.4,186.9,181.9,181.8,191.7,192.3,182.9,179.1,183,179.9,179.9,224.4,208.7,205.3,206,217.4,182.5,179.9,180,37.3,73.5,64.1,7.6,7.588,43.993,1030,197,9.7,195.09,2014-03-09 0:11,,
2014-03-09 1:28,Extruder 1,14-A-151,90310-000065100004,7050 0% 065T 1000W BK N/T,18854,1413,1250,500,2014-03-09 1:28,177.8,188,182.8,184,192.9,194.4,182.8,180.1,183.3,180,180.1,225,209.2,206.3,206.5,217.1,182.6,180,180,38.3,74.7,65.3,7.597,7.568,43.909,972,198.1,9.5,189.587,2014-03-09 0:11,,
2014-03-09 0:56,Extruder 1,14-A-151,90310-000065100004,7050 0% 065T 1000W BK N/T,18854,1413,1250,250,2014-03-09 0:56,177.8,187.5,183.1,181.1,192.7,194.5,182.3,180.1,183.1,180,180.1,225.2,208.3,206.2,206,217.2,181.9,180,180,38.4,74,66.3,7.595,7.586,44.1,935,197.5,9.4,195.209,2014-03-09 0:11,,
2014-03-09 0:20,Extruder 1,14-A-150,90310-000065100004,7050 0% 065T 1000W BK N/T,18854,1413,1250,1000,2014-03-09 0:20,175.2,187,182.3,181.9,191.5,191.9,182.7,179.2,183,180,180,224.4,208.4,205.1,205.5,217,182,179.8,180,37.5,72.4,65.2,7.5,7.468,43.918,986,196.7,9.8,194.284,2014-03-08 21:52,,
2014-03-08 23:11,Extruder 1,14-A-150,90310-000065100004,7050 0% 065T 1000W BK N/T,18854,1413,1250,500,2014-03-08 23:11,178.3,188.1,183.1,182.3,193,193.7,182.6,180.1,183.1,179.9,180,223.4,208.4,206,207,216.7,182.1,180,180,38,73.5,65.6,7.6,7.576,43.995,940,197.5,10.6,194.046,2014-03-08 21:52,,
2014-03-08 22:39,Extruder 1,14-A-150,90310-000065100004,7050 0% 065T 1000W BK N/T,18854,1413,1250,250,2014-03-08 22:39,177.7,188.1,183.4,183.7,192.8,195.1,181.8,180.2,183.7,180,180.4,223.3,209,207.5,208.2,217.5,181.5,180,179.9,37.9,74.4,66.3,7.602,7.566,44.212,911,196.8,10.6,192.955,2014-03-08 21:52,,
2014-03-08 20:39,Extruder 1,14-A-149,90310-000065100004,7050 0% 065T 1000W BK N/T,18854,1413,1250,1000,2014-03-08 20:39,178.1,188.1,183.1,183.8,192.9,192.9,182,180,182.9,179.9,179.8,223.2,207.7,205.9,205.8,216.7,181.9,180.1,180,38,72.4,64.1,8.301,8.27,44.105,902,196.9,10.2,167.742,2014-03-08 18:24,,
2014-03-08 19:34,Extruder 1,14-A-149,90310-000065100004,7050 0% 065T 1000W BK N/T,18854,1413,1250,500,2014-03-08 19:34,178,187.9,182.9,183.8,192.9,193.6,182.3,179.7,182.8,179.9,179.9,223.1,207.5,206,206.4,218,182.1,180,180,38.1,74.1,65.6,7.6,7.596,44.396,899,197.1,10.5,183.373,2014-03-08 18:24,,
2014-03-08 19:02,Extruder 1,14-A-149,90310-000065100004,7050 0% 065T 1000W BK N/T,18854,1413,1250,250,2014-03-08 19:02,177.6,188.2,182.9,182.8,192.8,194.9,183.6,180.4,185,180.1,180.1,223.6,208,206.4,206.1,218.4,181.9,180,180,40.1,76.5,67.1,7.606,7.582,44.087,893,198.4,10.3,183.776,2014-03-08 18:24,,
2014-03-08 18:27,Extruder 1,14-A-148,90310-000065100004,7050 0% 065T 1000W BK N/T,18854,1476,1250,1000,2014-03-08 18:27,175.6,186.7,182.3,181.7,191.5,191.5,184.1,178.8,184.9,179.8,179.7,222.3,207.7,204.8,205.4,217.8,181.9,179.8,179.7,39.6,76.5,67.3,7.602,7.586,43.057,998,197.6,9.6,193.145,2014-03-08 16:07,,
2014-03-08 17:17,Extruder 1,14-A-148,90310-000065100004,7050 0% 065T 1000W BK N/T,18854,1476,1250,500,2014-03-08 17:17,178.3,188.1,183.6,183.1,192.9,194,184.5,179.8,185.1,180,180,222.9,208.6,206.1,206.8,218,182.8,180,180,39.3,76.3,66.7,7.602,7.588,43.797,947,199.2,10.5,192.007,2014-03-08 16:07,,
2014-03-08 16:45,Extruder 1,14-A-148,90310-000065100004,7050 0% 065T 1000W BK N/T,18854,1476,1250,250,2014-03-08 16:45,177.7,188.5,182.8,183.6,192.8,195.3,184.2,180.1,184.9,180,179.7,223.2,208.2,206.4,206.5,218.3,182.7,180,180,39.8,76.5,67.4,7.595,7.588,44.043,958,199.1,10.6,192.884,2014-03-08 16:07,,
2014-03-08 16:09,Extruder 1,14-A-147,90310-000065100004,7050 0% 065T 1000W BK N/T,18854,1476,1250,1000,2014-03-08 16:09,175.5,187.1,181.6,181.7,191.5,192.6,184.6,179,185,180,179.7,222.3,208,204.7,206,217.9,182.8,179.7,179.7,38.8,75.7,67.1,7.6,7.586,43.105,1051,198.5,9.7,197.296,2014-03-08 13:50,,
2014-03-08 15:00,Extruder 1,14-A-147,90310-000065100004,7050 0% 065T 1000W BK N/T,18854,1476,1250,500,2014-03-08 15:00,178,186.8,183.5,181.9,192.8,194.6,184.5,180,185,180,180,223.1,208.8,206.1,206.8,217.9,183.2,180,180.1,40.2,76.7,67.3,7.602,7.574,43.831,951,199.5,10.6,192.339,2014-03-08 13:50,,
2014-03-08 14:27,Extruder 1,14-A-147,90310-000065100004,7050 0% 065T 1000W BK N/T,18854,1476,1250,250,2014-03-08 14:27,177.5,188.6,183.2,183.7,192.6,195.1,184.1,180,185,180,180,223.3,208.5,206.3,206.5,218.2,183.1,180,180,40.3,77,67.8,7.6,7.592,43.875,963,199.2,10.3,195.991,2014-03-08 13:50,,
2014-03-08 13:53,Extruder 1,14-A-146,90310-000065100004,7050 0% 065T 1000W BK N/T,18854,1476,1250,1000,2014-03-08 13:53,175.5,187.1,182.1,182.9,191.5,192.8,184.5,178.9,184.9,180,179.7,222.3,208.1,204.9,206.3,217.8,183.3,180,179.8,39.8,76.3,67.4,7.604,7.576,43.021,1049,198.5,9.4,204.862,2014-03-08 11:34,,
2014-03-08 12:44,Extruder 1,14-A-146,90310-000065100004,7050 0% 065T 1000W BK N/T,18854,1476,1250,500,2014-03-08 12:44,177.9,188.3,183.4,183,193,195.3,184.8,180.1,185.3,180,180.6,223,209.1,206.3,207.4,218,183.7,179.9,180,39.8,76.5,67.5,7.602,7.588,43.517,995,200.1,9.7,201.115,2014-03-08 11:34,,
2014-03-08 12:12,Extruder 1,14-A-146,90310-000065100004,7050 0% 065T 1000W BK N/T,18854,1476,1250,250,2014-03-08 12:12,177.8,187.9,183.2,184,192.8,195.6,184.1,180.1,185,180.1,180.8,223.5,208.5,206.5,206.6,218.4,183,180,180.1,40.2,77,67.8,7.602,7.582,44.146,952,199.4,10.5,200.783,2014-03-08 11:34,,
2014-03-08 11:37,Extruder 1,14-A-145,90310-000065100004,7050 0% 065T 1000W BK N/T,18854,1476,1250,1000,2014-03-08 11:37,175.5,186.8,181.4,182.5,191.4,192,184.4,179.2,185,179.8,179.9,222.5,207.8,205.1,205.9,217.9,182.6,179.9,179.7,39.6,76,67,7.602,7.572,43.235,1024,198.2,9.6,204.269,2014-03-08 9:18,,
2014-03-08 10:28,Extruder 1,14-A-145,90310-000065100004,7050 0% 065T 1000W BK N/T,18854,1476,1250,500,2014-03-08 10:28,177.9,188.3,182.8,181.2,192.9,193.8,184.5,180.3,185.3,180,180.1,222.8,208.4,206.1,206.8,218.2,182.7,180,180,40.5,77.3,67.9,7.6,7.582,44.385,924,199.2,10.3,192.22,2014-03-08 9:18,,
2014-03-08 9:55,Extruder 1,14-A-145,90310-000065100004,7050 0% 065T 1000W BK N/T,18854,1476,1250,250,2014-03-08 9:55,177.8,188.5,182.9,183.7,192.6,194.6,183.8,180,184.9,180.1,180.2,223.3,208,206.4,206.3,218.4,182.4,180,180.1,40.5,77.3,68,7.594,7.582,44.565,932,198.8,10.4,191.912,2014-03-08 9:18,,
2014-03-08 9:20,Extruder 1,14-A-144,90310-000065100004,7050 0% 065T 1000W BK N/T,18854,1476,1250,1000,2014-03-08 9:20,175.4,186.7,182.3,182.5,191.2,191.5,184.2,178.8,184.8,180,180.2,222.4,207.5,204.8,205.7,217.9,182.4,179.7,179.6,40.4,77.2,67.8,7.597,7.582,43.492,995,197.6,9.7,195.209,2014-03-08 7:03,,
2014-03-08 8:11,Extruder 1,14-A-144,90310-000065100004,7050 0% 065T 1000W BK N/T,18854,1476,1250,500,2014-03-08 8:11,177.8,187.6,183.2,183.1,192.9,195.6,184.8,180.1,185.4,180,180.1,223.1,209.3,206.3,207.4,218.1,183.6,180,180,40.5,77.5,67.6,7.602,7.592,43.822,976,200,10.6,198.601,2014-03-08 7:03,,
2014-03-08 7:38,Extruder 1,14-A-144,90310-000065100004,7050 0% 065T 1000W BK N/T,18854,1476,1250,250,2014-03-08 7:38,178,187.9,182.9,183.9,192.9,196.2,183.8,180.5,184.9,180,180,223.5,208.3,206.9,206.7,218.3,182.9,180,180.1,40.5,77.5,67.9,7.6,7.594,44.032,1000,199.3,10.1,201.708,2014-03-08 7:03,,
2014-03-08 7:03,Extruder 1,14-A-143,90310-000065100004,7050 0% 065T 1000W BK N/T,18854,1413,1250,1000,2014-03-08 7:03,175.7,187,181.7,182.6,191.4,191.5,184,178.9,184.9,179.9,180,222.5,206.9,205.1,205,218.1,182.2,179.7,179.7,40.2,76.7,67.2,7.594,7.568,43.089,983,197.3,9.8,191.153,2014-03-08 4:37,,
2014-03-08 5:53,Extruder 1,14-A-143,90310-000065100004,7050 0% 065T 1000W BK N/T,18854,1413,1250,500,2014-03-08 5:53,177.8,188.4,183.5,184.1,193,193.7,184.5,180.3,185.3,180,180.3,223.2,207.2,206,205.5,218,183.2,180,179.8,40.3,77.9,68.8,7.597,7.586,44.248,915,199,10.6,188.805,2014-03-08 4:37,,
2014-03-08 5:20,Extruder 1,14-A-143,90310-000065100004,7050 0% 065T 1000W BK N/T,18854,1413,1250,250,2014-03-08 5:20,177.9,188,183.6,184.3,192.7,195.5,183.8,180.4,185,180.1,180.2,223.4,206.7,206.5,205.9,218.5,182.8,180,180,40.6,80,70.1,7.597,7.584,44.31,949,198.6,10.5,192.434,2014-03-08 4:37,,
2014-03-08 4:44,Extruder 1,14-A-142,90310-000065100004,7050 0% 065T 1000W BK N/T,18854,1413,1250,1000,2014-03-08 4:44,175.5,186.8,181.7,180.6,191.5,191.7,184.3,178.9,184.7,179.9,180,222,206.2,204.4,204.1,217.7,183,179.8,179.8,39.8,78.4,69.4,7.604,7.556,43.036,1076,197.5,9.4,194.236,2014-03-07 19:11,,
2014-03-08 3:33,Extruder 1,14-A-142,90310-000065100004,7050 0% 065T 1000W BK N/T,18854,1413,1250,500,2014-03-08 3:33,178.1,187.2,183.9,183.8,193,197.3,185,180,185.2,180,180.6,225.5,209.3,204.7,207.4,220.2,184.6,180.1,179.9,40.2,79.6,69.9,7.5,7.471,43.141,1056,200.3,10.9,206.191,2014-03-07 19:11,,
2014-03-08 3:00,Extruder 1,14-A-142,90310-000065100004,7050 0% 065T 1000W BK N/T,18854,1413,1250,250,2014-03-08 3:00,178,188.1,183.9,183.5,193,197.4,184.2,180.3,186.1,180,180.6,224.6,208.8,205.9,207.7,219.7,183.6,180.1,179.8,40.2,79.6,69.8,7.502,7.478,42.936,1028,199.3,10.2,210.104,2014-03-07 19:11,,
2014-03-08 2:22,Extruder 1,14-A-142,90310-000065100004,7050 0% 065T 1000W BK N/T,18854,1413,1250,250,2014-03-08 2:22,177.2,187.9,182.2,183.2,192,193.6,181.7,180.9,185.8,180.2,180.6,221.7,208.2,207.7,208.4,216.1,181.6,180,180,40.1,83.1,69.7,7.5,7.506,42.073,1004,194.9,9.4,201.518,2014-03-07 19:11,,
2014-03-07 16:25,Extruder 1,14-B-105,90310-000065100004,7050 0% 065T 1000W BK N/T,18854,1476,1250,250,2014-03-07 16:25,122.6,132.9,170.1,175.4,175.1,180.4,180.4,180.3,180.6,185.6,185.6,185.6,185.3,185.7,185.5,185.6,185.2,185.3,185.2,30.6,81.6,34.5,6.595,6.598,50.089,522,191.9,12.1,135.46,2014-03-07 15:43,,
2014-02-19 18:16,Extruder 1,14-A-127,90310-000065100004,7050 0% 065T 1000W BK N/T,18247,1546,1250,1000,2014-02-19 18:16,179,188.5,182.9,183.4,193.1,193.6,180.2,180.2,180,180.1,180.1,211.9,201.4,200.2,201.5,207.9,182.1,180,180,43.2,76.6,69.7,7.202,7.19,41.214,1145,194.5,12,208.871,2014-02-19 15:55,,
2014-02-19 17:08,Extruder 1,14-A-127,90310-000065100004,7050 0% 065T 1000W BK N/T,18247,1546,1250,500,2014-02-19 17:08,177.7,187.6,182.9,182.7,192.7,193.6,180.8,180,180,180,180.7,211.8,202.2,201.2,202.2,207.8,182.6,180,180,43.1,76.1,68.9,7.202,7.204,40.913,1111,195,11.4,200.403,2014-02-19 15:55,,
2014-02-19 16:34,Extruder 1,14-A-127,90310-000065100004,7050 0% 065T 1000W BK N/T,18247,1546,1250,250,2014-02-19 16:34,178.3,188.1,183.5,183.5,192.7,195.4,180.4,180.3,179.9,180.1,179.8,212.3,202.2,201,202.2,208.1,182.6,180.1,180,42.9,76,68.7,7.197,7.214,41.492,1154,195.2,11.7,213.164,2014-02-19 15:55,,
2014-02-19 15:57,Extruder 1,14-A-126,90310-000065100004,7050 0% 065T 1000W BK N/T,18247,1546,1250,1000,2014-02-19 15:57,176.4,186.9,181.7,182.1,191.5,192.5,180.8,179.2,179.9,179.9,179.8,211.7,201.8,200.8,202.3,207.9,182.5,179.8,179.7,42.6,75.8,69.1,7.202,7.19,40.011,1210,194.4,11.7,207.448,2014-02-19 13:36,,
2014-02-19 14:46,Extruder 1,14-A-126,90310-000065100004,7050 0% 065T 1000W BK N/T,18247,1546,1250,500,2014-02-19 14:46,178.2,187.9,182.3,182.1,193.1,194,180.7,180.2,180.2,179.9,180.7,212.1,202.1,200.7,202.1,208.2,182.7,180,180.2,42.8,76.3,69.2,7.2,7.224,41.51,1144,195.2,11.8,204.862,2014-02-19 13:36,,
2014-02-19 14:12,Extruder 1,14-A-126,90310-000065100004,7050 0% 065T 1000W BK N/T,18247,1546,1250,250,2014-02-19 14:12,178,187.8,182.8,182.4,192.7,194.7,180.3,180,180,180,180,212.4,201.6,200.5,201.3,208.3,182.1,180,180.2,42.8,76,69.1,7.2,7.196,41.025,1113,194.9,11.5,204.127,2014-02-19 13:36,,
2014-02-19 13:35,Extruder 1,14-A-125,90310-000065100004,7050 0% 065T 1000W BK N/T,18247,1546,1250,1000,2014-02-19 13:35,175.7,186.6,181.7,179.3,192.4,192.8,180.6,179.2,180,180,180,211.8,201,199.8,201.3,208.1,181.9,179.9,179.8,42.8,76,69.3,7.197,7.19,40.007,1174,194.3,11.2,201.399,2014-02-19 11:10,,
2014-02-19 12:23,Extruder 1,14-A-125,90310-000065100004,7050 0% 065T 1000W BK N/T,18247,1546,1250,500,2014-02-19 12:23,177.7,188.5,182.9,184,193,193.2,180.4,180.1,180.1,180,179.9,212.1,201.2,200.1,201.3,208.1,181.7,180,180,42.9,75.9,69.2,7.2,7.204,42.093,1038,194.6,11.7,193.691,2014-02-19 11:10,,
2014-02-19 11:50,Extruder 1,14-A-125,90310-000065100004,7050 0% 065T 1000W BK N/T,18247,1546,1250,250,2014-02-19 11:50,177.8,188,182.5,181.9,192.7,193.1,180.1,180.1,180.1,180,180.3,212.2,201,200.2,201,208.2,181.5,180,180,42.7,75.7,68.7,7.202,7.19,42.046,1029,194.4,10.5,191.58,2014-02-19 11:10,,
2014-02-19 11:12,Extruder 1,14-A-124,90310-000065100004,7050 0% 065T 1000W BK N/T,18247,1546,1250,1000,2014-02-19 11:12,175.3,182.8,181.6,182.2,191.3,191.6,180.3,179.1,179.8,179.9,179,211.8,200.3,199.2,200.5,208,181.6,179.8,179.7,42.2,75.3,68.5,7.2,7.2,42.036,1141,193.6,11,196.964,2014-02-19 8:51,,
2014-02-19 10:00,Extruder 1,14-A-124,90310-000065100004,7050 0% 065T 1000W BK N/T,18247,1546,1250,500,2014-02-19 10:00,177.9,188.1,183.3,183.3,192.9,193.3,180.6,180.2,180.1,180,180.4,212,201.3,200.2,201.3,208,182.2,179.9,180,42.8,76,68.8,7.197,7.208,42.009,1091,194.8,11.4,192.647,2014-02-19 8:51,,
2014-02-19 9:27,Extruder 1,14-A-124,90310-000065100004,7050 0% 065T 1000W BK N/T,18247,1546,1250,250,2014-02-19 9:27,177.7,188.2,183.3,183.7,192.7,193.4,180.3,180.1,180,180,180.2,212.1,201.1,200.6,201,208.1,181.8,180.1,180,42.5,75.8,68.4,7.2,7.198,41.952,1109,194.7,11.1,198.197,2014-02-19 8:51,,
2014-02-19 8:49,Extruder 1,14-A-123,90310-000065100004,7050 0% 065T 1000W BK N/T,18247,1546,1250,1000,2014-02-19 8:49,175.5,185.9,181.5,181.7,191.5,192,180.1,179.6,180,179.9,180,211.8,200.2,199.4,200.4,208.2,181.3,180,179.9,41.9,75.4,68.5,7.655,7.564,42.062,1119,193.9,11,194.545,2014-02-19 6:23,,
2014-02-19 7:38,Extruder 1,14-A-123,90310-000065100004,7050 0% 065T 1000W BK N/T,18247,1546,1250,500,2014-02-19 7:38,178.2,188.3,182.7,183.6,192.9,193,180.3,180,180,180,178.7,212,200.8,200.1,200.7,207.9,181.1,180.1,180,42.1,75.4,68.7,7.204,7.196,42.048,1039,194.4,11.1,190.062,2014-02-19 6:23,,
2014-02-19 7:04,Extruder 1,14-A-123,90310-000065100004,7050 0% 065T 1000W BK N/T,18247,1546,1250,250,2014-02-19 7:04,177.9,187.8,182.9,181.8,192.7,193.1,180.5,180.3,180.3,180,180,212.6,201.2,200.2,201.1,208.4,181,179.9,180,42.4,76.3,69.2,7.195,7.198,41.979,1059,194.6,11,196.181,2014-02-19 6:23,,
2014-02-19 6:25,Extruder 1,14-A-122,90310-000065100004,7050 0% 065T 1000W BK N/T,18247,1476,1250,2000,2014-02-19 6:25,175.2,186.6,182.3,182.1,191.3,191.9,179.9,178.7,179.6,179.8,179.5,211.6,199.8,198.7,200.2,208.1,180.1,179.9,180,42,75,68.5,7.204,7.214,29.984,1087,192.2,10.4,159.654,2014-02-19 3:56,,
2014-02-19 4:03,Extruder 1,14-A-121,90310-000065100004,7050 0% 065T 1000W BK N/T,18247,1476,1250,1000,2014-02-19 4:03,175.8,186.8,181.9,182.3,191.5,192.1,180.3,179.2,180,180,179.8,211.6,200.5,199,200.8,207.7,181.1,179.8,179.7,42.4,75.8,69.2,7.204,7.198,40.036,1132,193.8,10.2,194.545,2014-02-19 1:35,,
2014-02-19 2:50,Extruder 1,14-A-121,90310-000065100004,7050 0% 065T 1000W BK N/T,18247,1476,1250,500,2014-02-19 2:50,178.1,188.2,182.5,182.8,192.9,193.7,180.7,180,180.2,180,180.1,212.1,201.6,200.4,201.7,208,181.6,180,180,42.8,76.3,68.8,7.195,7.198,41.542,1090,195.3,12.1,200.901,2014-02-19 1:35,,
2014-02-19 2:16,Extruder 1,14-A-121,90310-000065100004,7050 0% 065T 1000W BK N/T,18247,1476,1250,250,2014-02-19 2:16,177.8,188,182.5,182.8,192.7,193.8,180.3,180.1,180.1,180.1,179.1,212.5,201.3,200.1,201.3,208.4,181.3,180.1,180.2,42.5,76.3,69.3,7.197,7.19,41.503,1082,194.9,11.6,198.767,2014-02-19 1:35,,
2014-02-19 1:39,Extruder 1,14-A-120,90310-000065100004,7050 0% 065T 1000W BK N/T,18247,1476,1250,1000,2014-02-19 1:39,175.7,187.1,181.4,182.6,191.5,191.5,180.2,179,179.9,179.9,179.7,211.6,200.3,198.7,200.5,207.8,181.2,179.8,179.7,42,75.3,68.8,7.202,7.208,40.039,1133,193.8,10.4,195.161,2014-02-18 23:14,,
2014-02-19 0:26,Extruder 1,14-A-120,90310-000065100004,7050 0% 065T 1000W BK N/T,18247,1476,1250,500,2014-02-19 0:26,178,188.4,182.6,183.5,192.9,193.2,180.4,180,180.1,180,178.7,212.1,201.5,200.2,201.5,208.1,181.6,180,180,42,75.7,68.7,7.197,7.208,41.046,1095,195.2,11.7,197.391,2014-02-18 23:14,,
2014-02-18 23:52,Extruder 1,14-A-120,90310-000065100004,7050 0% 065T 1000W BK N/T,18247,1476,1250,250,2014-02-18 23:52,177.9,187.9,182.8,182.4,192.7,193.4,180.3,180.1,180,180,179.9,212.3,201.4,200.5,201.2,208.2,181.3,180,180,42.1,75.7,68.9,7.204,7.2,41.226,1079,195,12,196.086,2014-02-18 23:14,,
2014-02-18 23:15,Extruder 1,14-A-119,90310-000065100004,7050 0% 065T 1000W BK N/T,18247,1476,1250,1000,2014-02-18 23:15,176,186.9,181.7,181.9,191.5,192.7,180.2,179.1,180,179.9,180,211.6,200.2,198.9,200.5,207.8,181.2,179.8,179.7,41.9,75.4,68.2,7.2,7.198,41.544,1162,194,10.6,201.257,2014-02-18 20:45,,
2014-02-18 22:03,Extruder 1,14-A-119,90310-000065100004,7050 0% 065T 1000W BK N/T,18247,1476,1250,500,2014-02-18 22:03,178.1,187.8,183,183.3,192.9,193,180.1,180.2,180.1,180,179.7,212,201.5,200.3,201.5,208.1,181.5,180,180,41.8,75.3,68.5,7.202,7.206,41.424,1086,195,13.1,195.256,2014-02-18 20:45,,
2014-02-18 21:28,Extruder 1,14-A-119,90310-000065100004,7050 0% 065T 1000W BK N/T,18247,1476,1250,250,2014-02-18 21:28,177.8,188.3,182.8,183.7,192.7,193,180.3,180.2,180.1,180,179.9,212.3,201.1,200.7,201.1,208.3,181.1,180,180,42.2,75.8,69.2,7.206,7.216,41.624,1013,194.7,12.1,191.864,2014-02-18 20:45,,
2014-02-18 20:51,Extruder 1,14-A-118,90310-000065100004,7050 0% 065T 1000W BK N/T,18247,1476,1250,1000,2014-02-18 20:51,175.7,187.1,182.6,181.6,191.5,191.9,180,179.3,180,180,179.5,211.7,200.1,198.6,200.3,208,181.1,179.8,179.7,41.8,75.4,68.4,7.204,7.186,40.977,1069,193.3,10.9,197.415,2014-02-18 18:20,,
2014-02-18 19:39,Extruder 1,14-A-118,90310-000065100004,7050 0% 065T 1000W BK N/T,18247,1476,1250,500,2014-02-18 19:39,177.9,187.6,183.5,184,193,193.7,180.6,179.9,180.2,179.9,179.3,212,201.7,200.5,201.7,208.1,182.6,180.1,180,42.5,76.1,68.5,7.2,7.216,41.364,1069,195.2,11.8,194.639,2014-02-18 18:20,,
2014-02-18 19:05,Extruder 1,14-A-118,90310-000065100004,7050 0% 065T 1000W BK N/T,18247,1476,1250,250,2014-02-18 19:05,178,187.8,182.6,182.7,192.8,194.4,180.5,180.1,180.2,180,180.1,212.5,201.5,200.7,201.6,208.3,182.3,180,180,42.5,76,69.2,7.197,7.2,41.424,1115,195.5,11.8,203.866,2014-02-18 18:20,,
2014-02-18 18:27,Extruder 1,14-A-117,90310-000065100004,7050 0% 065T 1000W BK N/T,18247,1413,1250,1000,2014-02-18 18:27,175.3,186.9,181.8,180,191.2,192,180.1,179.3,179.9,179.9,180,211.7,200.2,199,200.4,208.1,181.4,179.8,179.8,41.9,75.2,68.7,7.301,7.319,41.46,1120,194.1,9.8,204.364,2014-02-18 15:58,,
2014-02-18 17:15,Extruder 1,14-A-117,90310-000065100004,7050 0% 065T 1000W BK N/T,18247,1413,1250,500,2014-02-18 17:15,178,188,183,183.1,193,193,180.1,180,180.1,180,180.3,211.9,201.3,200.4,201.2,208,181.6,180,180,42.5,75.8,68.9,7.2,7.206,41.592,1005,194.7,11.8,195.565,2014-02-18 15:58,,
2014-02-18 16:41,Extruder 1,14-A-117,90310-000065100004,7050 0% 065T 1000W BK N/T,18247,1413,1250,250,2014-02-18 16:41,178,187.7,182.7,184.4,192.7,193.1,180.4,180.1,180.2,180,180.3,212.6,201.2,200.5,201.2,208.4,180.8,180,180.1,42.4,76.3,69.2,7.202,7.198,41.695,986,194.6,10.7,193.406,2014-02-18 15:58,,
2014-02-18 16:03,Extruder 1,14-A-116,90310-000065100004,7050 0% 065T 1000W BK N/T,18247,1413,1250,1000,2014-02-18 16:03,175.8,186.8,181.5,181.6,191.3,191.7,179.7,178.8,179.7,179.8,179.6,211.5,198.8,198.2,198.9,207.7,180,179.7,179.4,42.1,74.9,68.3,7.401,7.397,41.51,1054,192.4,11,186.006,2014-02-18 13:31,,
2014-02-18 14:48,Extruder 1,14-A-116,90310-000065100004,7050 0% 065T 1000W BK N/T,18247,1413,1250,500,2014-02-18 14:48,178.1,188.2,182.5,182.6,193.1,193.1,180.3,180,180,180,180,211.9,201.1,200,201,207.7,181.1,180,180,42.4,77,68.8,7.197,7.193,41.487,968,194.5,11.9,199.739,2014-02-18 13:31,,
2014-02-18 14:14,Extruder 1,14-A-116,90310-000065100004,7050 0% 065T 1000W BK N/T,18247,1413,1250,250,2014-02-18 14:14,178.3,187.9,183.2,183.5,192.8,193.1,180.7,180,180.4,180,180.2,212.1,201.8,201.1,201.7,208.2,181,180,180,44.4,77.4,69.6,7.2,7.148,41.624,964,194.6,11.7,195.47,2014-02-18 13:31,,
2014-02-18 13:36,Extruder 1,14-A-115,90310-000065100004,7050 0% 065T 1000W BK N/T,18247,1413,1250,1000,2014-02-18 13:36,175.8,186.7,181.9,181.5,191.3,191.6,179.5,178.7,179.7,179.9,180,214.3,199.5,197.2,199.3,210.5,179.1,179.8,179.6,43.2,75.2,70.5,7.304,7.309,41.563,1096,191.5,10.9,194.141,2014-02-18 10:39,,
2014-02-18 12:18,Extruder 1,14-A-115,90310-000065100004,7050 0% 065T 1000W BK N/T,18247,1413,1250,500,2014-02-18 12:18,178.1,187.3,183.3,182.4,193,193.2,180.4,180,180,180,180.2,214.9,203.6,201.8,203.7,210.9,181.7,180,180,43.8,77.8,72.4,7.301,7.299,41.733,1069,195,10.3,199.383,2014-02-18 10:39,,
2014-02-18 11:45,Extruder 1,14-A-115,90310-000065100004,7050 0% 065T 1000W BK N/T,18247,1413,1250,250,2014-02-18 11:45,177.7,187.2,183.3,181.9,192.9,193.5,180.8,180.2,180.4,180,181.1,215.2,204.1,202.4,204.5,211.2,181.1,180,179.8,43.8,79.8,72.5,7.299,7.299,41.715,1088,195.2,10,202.301,2014-02-18 10:39,,
2014-02-18 9:54,Extruder 1,14-A-114,90310-000065100004,7050 0% 065T 1000W BK N/T,18247,1413,1250,1000,2014-02-18 9:54,177.9,187.8,183,182.7,193,193.7,180.6,180,180,179.8,180,214.9,202.6,200.7,203,210.9,182.3,180,180.1,44.1,77.7,71.1,8.005,7.994,41.606,1102,195.3,11.9,202.491,2014-02-18 7:29,,
2014-02-18 8:46,Extruder 1,14-A-114,90310-000065100004,7050 0% 065T 1000W BK N/T,18247,1413,1250,500,2014-02-18 8:46,178.1,187.8,182.9,183.6,192.9,192.3,180.2,180,180,179.9,179.6,214.9,202.2,200.1,202.4,211,181,180,180,43.7,76.7,70.2,7.202,7.193,41.727,1061,194.8,10.9,199.644,2014-02-18 7:29,,
2014-02-18 8:12,Extruder 1,14-A-114,90310-000065100004,7050 0% 065T 1000W BK N/T,18247,1413,1250,250,2014-02-18 8:12,178,187.8,183.5,182.7,192.7,194,180.3,180.3,180,180,180.6,215.3,201.8,200.3,201.8,211.2,180.5,180,179.9,43.9,76.9,69,7.2,7.204,41.745,1044,194.4,12.1,191.935,2014-02-18 7:29,,
2014-02-18 7:34,Extruder 1,14-A-113,90310-000065100004,7050 0% 065T 1000W BK N/T,18247,1413,1250,1000,2014-02-18 7:34,175.5,186.6,181.4,180.4,191.5,192.3,180.4,179.1,179.8,179.8,179.5,215,201.6,199.5,202,211.4,180.6,179.9,180,43.1,75.7,67.9,7.301,7.294,41.695,1239,193.3,9.9,189.089,2014-02-18 5:14,,
2014-02-18 6:21,Extruder 1,14-A-113,90310-000065100004,7050 0% 065T 1000W BK N/T,18247,1580,1250,500,2014-02-18 6:21,178,188,182.7,183,192.9,194.4,180.9,179.6,180.1,180,180.7,214.8,202.8,200.8,203.1,210.9,181.5,180,180,43.1,75.9,67.5,7.2,7.2,41.633,1128,195.6,10.2,202.609,2014-02-18 5:14,,
2014-02-18 5:47,Extruder 1,14-A-113,90310-000065100004,7050 0% 065T 1000W BK N/T,18247,1580,1250,250,2014-02-18 5:47,177.8,187.5,182.8,183,192.7,194.6,180.5,180.1,180,180,180.3,215.2,202.3,200.7,202.6,211.1,181.1,180,180,43.4,76,67.6,7.2,7.2,41.642,1033,195,12.7,202.87,2014-02-18 5:14,,
2014-02-18 5:10,Extruder 1,14-A-112,90310-000065100004,7050 0% 065T 1000W BK N/T,18247,1580,1250,1000,2014-02-18 5:10,175.8,186.9,181.6,181,191.7,191.7,180.5,179.2,180,180,179.5,214.8,201.8,199.5,202.2,211.2,180.9,179.8,179.7,42.8,75.4,67.4,7.202,7.193,41.665,1110,194.3,9.9,207.756,2014-02-18 2:46,,
2014-02-18 3:58,Extruder 1,14-A-112,90310-000065100004,7050 0% 065T 1000W BK N/T,18247,1580,1250,500,2014-02-18 3:58,178,188.3,182.8,181.1,193,193.9,180.6,180,180.2,180.1,180.5,215,202.4,200.4,202.6,210.9,181,180,180,43.1,76,67.5,7.2,7.198,41.711,995,195.2,10.7,197.865,2014-02-18 2:46,,
2014-02-18 3:23,Extruder 1,14-A-112,90310-000065100004,7050 0% 065T 1000W BK N/T,18247,1580,1250,250,2014-02-18 3:23,177.9,187.1,183.1,182.6,192.6,193.5,180.2,180.2,180,180,180.3,215.3,202.1,200.3,202.2,211.3,180.6,180,180,43.1,76,67.6,7.2,7.226,41.786,985,194.8,11.5,195.92,2014-02-18 2:46,,
2014-02-18 2:47,Extruder 1,14-A-111,90310-000065100004,7050 0% 065T 1000W BK N/T,18247,1580,1250,1000,2014-02-18 2:47,175.6,187.3,181.7,182.7,191.5,191.8,180.3,179.2,179.8,179.8,179.9,214.8,201.5,199.2,201.8,211.1,180.4,179.9,179.8,42.8,75.7,67.3,7.2,7.186,41.688,1043,193.9,11.9,196.608,2014-02-18 0:19,,
2014-02-18 1:34,Extruder 1,14-A-111,90310-000065100004,7050 0% 065T 1000W BK N/T,18247,1580,1250,500,2014-02-18 1:34,177.9,187.9,182.6,184,193,193.6,180.5,180,180.1,180,180.4,215.1,202.5,200.3,202.7,211.1,181,180,180,43.1,75.9,67.3,7.202,7.2,41.62,1002,195,10.1,196.11,2014-02-18 0:19,,
2014-02-18 1:00,Extruder 1,14-A-111,90310-000065100004,7050 0% 065T 1000W BK N/T,18247,1580,1250,250,2014-02-18 1:00,177.4,188,183.4,183.6,192.7,193.7,180.1,180,180,180,180.1,215.2,202.2,200.4,202.2,211.2,180.8,180,180,43.1,75.9,67.4,7.202,7.2,41.658,999,194.7,12.3,198.055,2014-02-18 0:19,,
2014-02-18 0:23,Extruder 1,14-A-110,90310-000065100004,7050 0% 065T 1000W BK N/T,18247,1580,1250,1000,2014-02-18 0:23,175.5,186.8,181.8,182.1,191.4,192.3,180.4,179.2,180.2,180,179.4,214.8,202,199.7,202.3,211.1,180.7,179.9,179.8,42.9,75.6,67.4,7.2,7.208,41.672,1069,193.7,10.8,196.608,2014-02-17 18:33,,
2014-02-17 23:11,Extruder 1,14-A-110,90310-000065100004,7050 0% 065T 1000W BK N/T,18247,1580,1250,500,2014-02-17 23:11,178,188.2,183,183.2,192.9,192.3,180,180,180,179.9,180.4,215,202.2,200.2,202.4,211,180.8,180,180,42.9,76,67,7.2,7.196,41.752,995,193.9,12.3,196.418,2014-02-17 18:33,,
2014-02-17 22:37,Extruder 1,14-A-110,90310-000065100004,7050 0% 065T 1000W BK N/T,18247,1580,1250,250,2014-02-17 22:37,177.7,188.2,183.2,183.6,193,193.4,180.3,180.2,180.2,180.3,182.6,215.1,202.5,200.6,202.6,211.2,180.6,180,180,43.1,76.3,67.8,7.2,7.198,41.747,980,193.8,10.3,190.323,2014-02-17 18:33,,
2014-02-17 17:51,Extruder 1,14-A-109,90310-000065100004,7050 0% 065T 1000W BK N/T,18247,1413,1250,500,2014-02-17 17:51,178,188,183.3,184.5,192.9,193,180.1,180.1,180.2,180.1,179.3,215.2,202.1,200.2,202.1,211.2,181.3,180,180,43.7,76.8,68.3,7.2,7.193,41.708,994,194.4,11,198.482,2014-02-17 16:32,,
2014-02-17 17:17,Extruder 1,14-A-109,90310-000065100004,7050 0% 065T 1000W BK N/T,18247,1413,1250,250,2014-02-17 17:17,178,188.2,183.2,184.1,192.7,193.7,180.4,180,180.2,180,179.7,215.4,201.8,200.4,201.7,211.3,181,180.1,180.1,43.9,76.7,68.5,7.204,7.21,41.859,960,194.7,11.2,197.913,2014-02-17 16:32,,
2014-02-17 16:39,Extruder 1,14-A-108,90310-000065100004,7050 0% 065T 1000W BK N/T,18247,1413,1250,1000,2014-02-17 16:39,175.5,186.7,182,182.9,191.4,192.2,180,179.1,179.9,179.8,180.2,214.6,201.3,199,201.5,211.1,181,180,179.9,43.1,75.9,67.6,7.398,7.405,41.513,1023,193,12.1,192.481,2014-02-17 14:07,,
2014-02-17 15:27,Extruder 1,14-A-108,90310-000065100004,7050 0% 065T 1000W BK N/T,18247,1413,1250,500,2014-02-17 15:27,178,188.1,182.9,183.7,192.8,192.9,180,180,180,179.8,179.8,215,202.3,200.1,202,211,181,180,180.3,43.6,76.5,68.2,7.202,7.204,41.863,959,194,10.2,194.521,2014-02-17 14:07,,
2014-02-17 14:53,Extruder 1,14-A-108,90310-000065100004,7050 0% 065T 1000W BK N/T,18247,1413,1250,250,2014-02-17 14:53,178,187.6,182.8,183.6,192.5,192.9,180.4,180.2,180.1,180,180,215.3,202.1,200.1,201.5,211.1,180.8,180,180,43.6,76.3,68.1,7.202,7.208,41.875,943,194.5,12.5,195.209,2014-02-17 14:07,,
2014-02-17 14:15,Extruder 1,14-A-108,90310-000065100004,7050 0% 065T 1000W BK N/T,18247,1413,1250,1000,2014-02-17 14:15,175.6,186.8,181.8,182.7,191.4,192.6,179.8,179.3,180,180,178.3,214.8,202.1,199.3,201.3,211.1,180,180,179.8,43,75.7,67.6,7.276,7.289,41.733,1019,193.1,11.5,199.597,2014-02-17 14:07,,
2014-02-17 13:04,Extruder 1,14-A-107,90310-000065100004,7050 0% 065T 1000W BK N/T,18247,1413,1250,500,2014-02-17 13:04,178,188,183.5,183.2,193,193.5,180,180,180.1,180.1,180,215.1,203.2,200.4,202.1,211.2,180.3,180.1,180,43.3,76.8,67.8,7.2,7.21,41.738,1005,194.3,11,199.549,2014-02-17 11:44,,
2014-02-17 12:30,Extruder 1,14-A-107,90310-000065100004,7050 0% 065T 1000W BK N/T,18247,1413,1250,250,2014-02-17 12:30,177.8,188.3,182.7,183.7,192.7,194.3,180.4,180.1,180.1,180,179.6,215.5,202.3,200.5,201.6,211.5,180.3,180.1,180.2,43.3,77,68.9,7.2,7.21,41.818,996,194.6,11.8,199.051,2014-02-17 11:44,,
2014-02-17 11:52,Extruder 1,14-A-106,90310-000065100004,7050 0% 065T 1000W BK N/T,18247,1413,1250,1000,2014-02-17 11:52,175.6,186.8,181.6,182.7,191.4,191.7,179.8,179,179.9,179.8,180,215.2,201.1,199.4,200.9,211.9,180.6,179.7,180,42.9,75.7,67.9,7.202,7.188,41.934,1087,193,10.5,199.929,2014-02-17 9:21,,
2014-02-17 10:39,Extruder 1,14-A-106,90310-000065100004,7050 0% 065T 1000W BK N/T,18247,1413,1250,500,2014-02-17 10:39,178.1,187.9,182.8,183.6,192.9,194.4,180.3,180,180.2,180.1,179.9,214.9,201.6,200,201.5,211.1,182.7,180,180,43.3,76.5,68.8,7.2,7.216,41.85,1034,194.9,12,199.051,2014-02-17 9:21,,
2014-02-17 10:05,Extruder 1,14-A-106,90310-000065100004,7050 0% 065T 1000W BK N/T,18247,1413,1250,250,2014-02-17 10:05,177.9,187.8,182.8,182.6,192.8,194.3,180.3,180.2,180.2,180,180,215.3,201.4,200.7,201.2,211.2,182.3,180,180.1,43.5,77.4,69.2,7.2,7.193,41.904,1017,194.9,12,197.249,2014-02-17 9:21,,
2014-02-17 9:27,Extruder 1,14-A-105,90310-000065100004,7050 0% 065T 1000W BK N/T,18247,1413,1250,1000,2014-02-17 9:27,175.4,186.8,181.4,181.3,191.6,191.9,180,179.4,180,180,180.3,214.8,200.7,199.2,200.7,211.3,182.3,179.8,180,43,76.7,69.4,7.2,7.228,42.08,1046,193.7,10.5,196.181,2014-02-17 6:58,,
2014-02-17 8:16,Extruder 1,14-A-105,90310-000065100004,7050 0% 065T 1000W BK N/T,18247,1413,1250,500,2014-02-17 8:16,178,188.3,183.3,183.4,193,194.2,180.4,180,180.1,180,179.8,214.9,201.7,200.3,201.5,210.9,182.1,180,180.1,43.1,76.8,69.7,7.202,7.216,41.863,1028,195.1,12.8,196.75,2014-02-17 6:58,,
2014-02-17 7:42,Extruder 1,14-A-105,90310-000065100004,7050 0% 065T 1000W BK N/T,18247,1413,1250,250,2014-02-17 7:42,177.7,187.7,183.2,183.7,192.8,194.3,180.6,180.4,180.2,180.1,179.7,215.5,201.6,200.7,201.5,211.5,181.2,179.9,180.1,43.1,76.9,69.8,7.2,7.193,41.973,1013,195.1,11.1,193.525,2014-02-17 6:58,,
2014-02-17 7:04,Extruder 1,14-A-104,90310-000065100004,7050 0% 065T 1000W BK N/T,18247,1580,1250,1000,2014-02-17 7:04,175.6,186.7,181.6,182,191.6,191.7,179.7,178.8,179.9,179.8,179.6,214.5,199.2,197.6,199,210.9,181.2,179.6,179.6,42.3,81.2,78.9,7.173,7.23,42.039,1112,192.3,12.5,193.667,2014-02-17 4:25,,
2014-02-17 5:48,Extruder 1,14-A-104,90310-000065100004,7050 0% 065T 1000W BK N/T,18247,1580,1250,500,2014-02-17 5:48,178,188.6,183.1,182.4,192.8,193.5,180.4,179.7,179.9,180,179.7,214.8,201.8,199.9,201.6,210.9,182.8,180,179.8,42.8,82.7,79,7.202,7.22,42.134,1049,194.9,11.5,195.517,2014-02-17 4:25,,
2014-02-17 5:14,Extruder 1,14-A-104,90310-000065100004,7050 0% 065T 1000W BK N/T,18247,1580,1250,250,2014-02-17 5:14,177.8,188.5,183.1,182.9,192.7,195.4,180.6,180.1,180.2,180.1,180,215.3,201.7,200.7,201.6,211.4,182.4,180,180.1,43.9,84.2,80.7,7.193,7.22,42.13,1061,195.2,10.9,201.826,2014-02-17 4:25,,
2014-02-17 4:27,Extruder 1,14-A-103,90310-000065100004,7050 0% 065T 1000W BK N/T,18247,1580,1250,1000,2014-02-17 4:27,178.1,186,183.2,182.5,193,193.4,180.2,180,180.1,180,180,215.2,201.6,200,201.7,211.2,183.3,180,180,43.6,83.9,81.1,7.2,7.226,42.21,1033,195,10.8,202.585,2014-02-17 1:57,,
2014-02-17 3:20,Extruder 1,14-A-103,90310-000065100004,7050 0% 065T 1000W BK N/T,18247,1580,1250,500,2014-02-17 3:20,177.9,187.7,182.9,182.7,192.9,193.9,180.5,179.9,180.1,180,180.3,215,201.8,200.1,201.8,211,182.7,180,179.9,43.8,84,80.9,7.2,7.226,42.15,1036,195.2,11.4,199.81,2014-02-17 1:57,,
2014-02-17 2:46,Extruder 1,14-A-103,90310-000065100004,7050 0% 065T 1000W BK N/T,18247,1580,1250,250,2014-02-17 2:46,178,188.3,182.8,183.8,192.8,195.4,180.5,180.1,180.3,180.1,180.3,215.5,201.9,201,201.8,211.5,182.1,180,180,43.7,83.9,80.8,7.2,7.23,42.251,1031,195.3,12.3,202.443,2014-02-17 1:57,,
2014-02-17 1:59,Extruder 1,14-A-102,90310-000065100004,7050 0% 065T 1000W BK N/T,18247,1580,1250,1000,2014-02-17 1:59,177.9,187.8,182.9,182.3,192.9,193,180,180,180,179.8,179.1,215,201.5,199.9,200.8,210.9,181.9,180,180,43.8,84.5,81.3,7.202,7.224,42.091,981,194.3,11.8,191.129,2014-02-16 22:03,,
2014-02-17 0:52,Extruder 1,14-A-102,90310-000065100004,7050 0% 065T 1000W BK N/T,18247,1580,1250,500,2014-02-17 0:52,178,188.2,183.2,183.2,193,193,180,180,180,180,180.6,214.9,201.4,199.9,201,211,181.7,180,179.8,43.9,84,81.2,7.206,7.224,41.834,970,194.4,11,191.793,2014-02-16 22:03,,
2014-02-17 0:18,Extruder 1,14-A-102,90310-000065100004,7050 0% 065T 1000W BK N/T,18247,1580,1250,250,2014-02-17 0:18,178,188.3,183.4,182.8,192.9,192.8,180,179.7,179.7,179.8,178.7,214.5,202.4,200.5,202.1,210.4,181.5,180,179.8,43.7,83.9,81,7.202,7.22,41.241,987,194.1,10.7,201.115,2014-02-16 22:03,,
2014-02-16 21:52,Extruder 1,14-A-101,90310-000065100004,7050 0% 065T 1000W BK N/T,18247,1580,1250,1000,2014-02-16 21:52,177.9,188.1,182.8,182.1,193.1,193.3,180,180,179.8,180,180.2,214.9,201.5,199.9,201.6,210.8,184.3,180,180,43.7,84,80.7,7.193,7.224,43.228,1023,194.9,10.7,201.874,2014-02-16 19:17,,
2014-02-16 20:44,Extruder 1,14-A-101,90310-000065100004,7050 0% 065T 1000W BK N/T,18247,1580,1250,500,2014-02-16 20:44,177.9,188.2,182.8,182.6,193.1,194.1,180.3,180.4,180.1,180,180.1,215,202,200.1,201.8,211.1,185.3,180,180.2,44,84.7,80.9,7.193,7.228,43.273,1024,195.3,12.9,197.533,2014-02-16 19:17,,
2014-02-16 20:10,Extruder 1,14-A-101,90310-000065100004,7050 0% 065T 1000W BK N/T,18247,1580,1250,250,2014-02-16 20:10,177.9,188.5,182.9,183.3,192.8,194.7,180.3,180.1,180.2,180,180,215.4,201.7,200.2,201.6,211.4,185,180,180.1,43.9,84.3,81.3,7.202,7.216,43.255,1030,195.1,12.1,195.304,2014-02-16 19:17,,
2014-02-16 19:22,Extruder 1,14-A-100,90310-000065100004,7050 0% 065T 1000W BK N/T,18247,1580,1250,1000,2014-02-16 19:22,178,187.6,183.4,182.7,193.1,193.9,180.4,180.1,180,179.8,180,215.1,201.7,199.9,201.9,210.9,186.2,180,180,43.6,83.8,80.9,7.202,7.224,43.228,1022,195.4,11.6,198.506,2014-02-16 17:00,,
2014-02-16 18:14,Extruder 1,14-A-100,90310-000065100004,7050 0% 065T 1000W BK N/T,18247,1731,1250,500,2014-02-16 18:14,178,188.2,183.1,182.6,193,193.3,180.4,179.9,180.1,180,180.1,215,201.8,200.2,202,210.9,185.8,180,180,43.6,83.9,80.6,7.195,7.216,43.244,1021,195.5,11.2,198.482,2014-02-16 17:00,,
2014-02-16 17:40,Extruder 1,14-A-100,90310-000065100004,7050 0% 065T 1000W BK N/T,18247,1731,1250,250,2014-02-16 17:40,178,188.4,183.3,182.2,192.7,193.7,180.3,179.8,180,180,180,215.2,201.5,200.3,201.6,211.1,185.5,180,180.1,43.7,84.2,81.2,7.197,7.22,43.246,1030,195.3,10.8,199.431,2014-02-16 17:00,,
2014-02-16 17:02,Extruder 1,14-A-99,90310-000065100004,7050 0% 065T 1000W BK N/T,18247,1731,1250,1000,2014-02-16 17:02,175.5,186.8,182.2,182,192.3,192,180.6,178.9,180,180,180,214.8,200.9,199,200.9,210.9,185.5,179.7,179.6,42.9,82.6,80,7.195,7.218,43.244,1111,194.2,11,197.628,2014-02-16 14:36,,
2014-02-16 15:50,Extruder 1,14-A-99,90310-000065100004,7050 0% 065T 1000W BK N/T,18247,1731,1250,500,2014-02-16 15:50,178,188.3,183.8,183,192.9,193.5,180.4,180,180,180,180.1,215.1,201.8,200.2,202,211,186.1,180,180,43.9,84,80.7,7.204,7.21,43.287,1008,195.4,11.5,196.11,2014-02-16 14:36,,
2014-02-16 15:16,Extruder 1,14-A-99,90310-000065100004,7050 0% 065T 1000W BK N/T,18247,1731,1250,250,2014-02-16 15:16,177.8,187.7,182.3,181.9,192.7,193.4,180.2,179.8,180,179.9,180,215.2,201.5,200.5,201.6,211.2,185.6,180,180,43.8,83.8,80.8,7.202,7.214,43.251,1019,195.2,11.4,196.584,2014-02-16 14:36,,
2014-02-16 14:37,Extruder 1,14-A-98,90310-000065100004,7050 0% 065T 1000W BK N/T,18247,1731,1250,1000,2014-02-16 14:37,175.5,186.9,181.4,182.2,191.3,192,180.4,179,180,179.9,180,214.8,201,199.2,201.1,211,185.6,179.8,179.8,43,82.6,80.1,7.197,7.226,43.235,1107,194.3,11.6,201.162,2014-02-16 12:07,,
2014-02-16 13:25,Extruder 1,14-A-98,90310-000065100004,7050 0% 065T 1000W BK N/T,18247,1731,1250,500,2014-02-16 13:25,178,187.8,183.4,183.6,193,193.1,180.3,179.8,180,180,180,214.9,201.6,199.9,201.7,211,186.1,180.1,180,43.5,84.2,80.8,7.202,7.228,43.287,991,195.2,12.2,193.098,2014-02-16 12:07,,
2014-02-16 12:51,Extruder 1,14-A-98,90310-000065100004,7050 0% 065T 1000W BK N/T,18247,1731,1250,250,2014-02-16 12:51,178,188.7,183,182.6,193,193.2,180.4,180,180,180,180,215,201.7,200,201.8,211,185.8,180,180,43.6,84.4,80.9,7.204,7.228,43.241,1027,195.3,12.4,192.244,2014-02-16 12:07,,
2014-02-16 12:12,Extruder 1,14-A-97,90310-000065100004,7050 0% 065T 1000W BK N/T,18247,1731,1250,1000,2014-02-16 12:12,178,188.5,182.8,181.9,193,192.9,180.4,180,180,180,179.9,214.9,201.5,200.2,201.6,210.8,185.5,180,180,43.8,84.3,81,10.006,10.085,43.235,1018,195.4,12.7,197.106,2014-02-16 9:49,,
2014-02-16 11:04,Extruder 1,14-A-97,90310-000065100004,7050 0% 065T 1000W BK N/T,18247,1731,1250,500,2014-02-16 11:04,178.2,188.6,183.2,184.2,193,193.9,180.2,180.3,180.1,180,180.2,215.1,201.2,200.5,201.2,211,184.1,180,180.1,43.2,83.5,78.9,7.151,7.166,43.262,1010,195.1,11.4,200.64,2014-02-16 9:49,,
2014-02-16 10:28,Extruder 1,14-A-97,90310-000065100004,7050 0% 065T 1000W BK N/T,18247,1731,1250,250,2014-02-16 10:28,177.8,188,182.9,184,192.6,193.1,180.3,180.1,180.2,180,180,215.3,201,200.5,201.2,211.4,183.1,180,180,43.1,83.6,79,6.5,6.527,39.077,966,194.6,11.1,186.409,2014-02-16 9:49,,
2014-02-16 9:46,Extruder 1,14-A-96,90310-000065100004,7050 0% 065T 1000W BK N/T,18247,1731,1250,1000,2014-02-16 9:46,175.4,186.7,181.4,182,191.2,192,179.8,179,180,180,179.8,214.8,199.2,198.7,199.1,211.1,182.1,179.7,179.8,42,82,78.3,6.505,6.52,39.014,998,192.9,11.4,187.974,2014-02-16 4:43,,
2014-02-16 8:26,Extruder 1,14-A-96,90310-000065100004,7050 0% 065T 1000W BK N/T,18247,1731,1250,500,2014-02-16 8:26,177.9,187.8,182.5,183.4,193,193,180,180.1,180,180.1,179.9,214.8,200.3,199.7,200.3,210.8,182.3,180.1,180,43.3,83.4,79,6.505,6.517,39.071,1003,193.7,11.9,185.579,2014-02-16 4:43,,
2014-02-16 7:09,Extruder 1,14-A-96,90310-000065100004,7050 0% 065T 1000W BK N/T,18247,1731,1250,250,2014-02-16 7:09,178.2,188.5,183.6,183.6,192.7,193.7,181.3,180.6,180.6,180,180.1,218,204.8,201.8,204.1,213.4,181.2,180.1,179.7,43.1,83.8,78.6,6.704,6.714,38.761,970,193.2,12.3,186.101,2014-02-16 4:43,,
2014-02-16 4:42,Extruder 1,14-A-95,90310-000065060004,7050 0% 065T 600W BK N/T,18248,1580,1250,1000,2014-02-16 4:42,178,188,182.9,183,193,192.7,179.9,180,179.8,180,180,200.1,200,199.9,200,199.9,180,180,179.9,43.4,83.6,79.3,8.001,8.002,25.806,1009,191.7,11.6,165.797,2014-02-16 2:22,,
2014-02-16 3:41,Extruder 1,14-A-95,90310-000065060004,7050 0% 065T 600W BK N/T,18248,1580,1250,500,2014-02-16 3:41,177.7,187.9,183,183,192.8,193.2,180,180,180,180,180,200,200.1,200.1,200.2,199.9,180,180,180,41.7,81.5,76.7,7.998,7.998,25.954,1010,191.7,10.7,165.655,2014-02-16 2:22,,
2014-02-16 3:10,Extruder 1,14-A-95,90310-000065060004,7050 0% 065T 600W BK N/T,18248,1580,1250,250,2014-02-16 3:10,177.4,187.8,182.6,183,192.4,192.6,180,179.8,180,180,180.2,200.1,200,200.1,200,200.1,180.1,180.1,180,41.4,81.4,76.6,8.001,8.008,25.95,940,191.5,11.3,167.718,2014-02-16 2:22,,
2014-02-16 2:29,Extruder 1,14-A-94,90310-000065060004,7050 0% 065T 600W BK N/T,18248,1580,1250,1000,2014-02-16 2:29,178.1,188.1,183.1,183.1,193,193.7,180.1,180.1,180.6,180.3,179.6,200.5,200.7,200.3,200.4,200.4,180.8,180,180.2,41.3,81.3,76.3,7.996,8.002,25.941,1017,191.7,10.4,171.798,2014-02-16 0:17,,
2014-02-16 1:28,Extruder 1,14-A-94,90310-000065060004,7050 0% 065T 600W BK N/T,18248,1580,1250,500,2014-02-16 1:28,177.6,187.9,182.9,182.9,192.9,192.9,179.8,179.6,180,180,179.4,199.6,199.9,200.1,200,199.9,180.1,179.8,179.7,40.5,79.7,76.1,8.001,7.998,25.986,1040,191.4,10.7,169.07,2014-02-16 0:17,,
2014-02-16 0:58,Extruder 1,14-A-94,90310-000065060004,7050 0% 065T 600W BK N/T,18248,1580,1250,250,2014-02-16 0:58,177.5,187.9,182.8,183,192.4,192.9,180,180,180,180.1,180,200.1,200.3,200.3,200.2,200.1,180.7,179.8,180,42,82.8,78,7.998,8.005,25.989,1040,191.7,11.6,169.639,2014-02-16 0:17,,
2014-02-16 0:16,Extruder 1,14-A-93,90310-000065060004,7050 0% 065T 600W BK N/T,18248,1580,1250,1000,2014-02-16 0:16,178,188.1,182.9,182.9,193.1,192.7,180,180.1,180,180,179.9,200,200,199.9,200,200,179.9,180,180,42,82.2,77.9,7.998,7.988,26.15,1032,191.9,11,169.141,2014-02-15 21:51,,
2014-02-15 23:15,Extruder 1,14-A-93,90310-000065060004,7050 0% 065T 600W BK N/T,18248,1580,1250,500,2014-02-15 23:15,178,188,183,183,192.8,192.8,179.9,180,180,180,180.1,199.9,200.1,200.1,200.2,200,179.8,180,180,43.9,83.6,79.9,7.996,8,26.002,1031,191.6,11.1,173.458,2014-02-15 21:51,,
2014-02-15 22:45,Extruder 1,14-A-93,90310-000065060004,7050 0% 065T 600W BK N/T,18248,1580,1250,250,2014-02-15 22:45,177.6,187.9,182.9,183.1,192.4,192.9,180.4,180.2,180,180,180.2,200.4,200.8,200.5,200.6,200.2,180.3,180,180,43.8,83.2,79.3,8.001,8.002,26.075,1019,191.7,11.2,170.351,2014-02-15 21:51,,
2014-02-15 21:58,Extruder 1,14-A-92,90310-000065060004,7050 0% 065T 600W BK N/T,18248,1580,1250,1000,2014-02-15 21:58,178,187.9,183,183,193,192.7,180,179.9,179.9,180,180,200.1,200.1,200,200.1,200,180.1,180,180,43.8,83.9,79.9,7.998,8.005,25.991,1011,191.5,10.9,159.369,2014-02-15 19:31,,
2014-02-15 20:57,Extruder 1,14-A-92,90310-000065060004,7050 0% 065T 600W BK N/T,18248,1580,1250,500,2014-02-15 20:57,177.9,188,183,183,192.9,193,180,180,180,179.9,180,199.9,200,200.2,200,200,180.2,180,180.1,43.8,83.6,79.9,7.998,7.994,25.982,1017,191.6,10.5,162.524,2014-02-15 19:31,,
2014-02-15 20:26,Extruder 1,14-A-92,90310-000065060004,7050 0% 065T 600W BK N/T,18248,1580,1250,250,2014-02-15 20:26,177.7,188,182.8,183.1,192.7,192.8,180.2,180.3,180.2,180,180,200.3,200.9,200.7,200.8,200.3,180.2,180,180,43.7,83.5,79.7,8.003,8,26.071,1026,191.6,11.2,172.509,2014-02-15 19:31,,
2014-02-15 19:34,Extruder 1,14-A-91,90310-000065060004,7050 0% 065T 600W BK N/T,18248,1580,1250,1000,2014-02-15 19:34,178,188.1,183,182.9,192.9,193,180,180,180,180,180,199.9,200,199.9,199.9,200,179.8,180,180,44.1,83.9,80,7.998,7.994,25.957,1023,191.7,10.9,162.998,2014-02-15 17:29,,
2014-02-15 18:33,Extruder 1,14-A-91,90310-000065060004,7050 0% 065T 600W BK N/T,18248,1731,1250,500,2014-02-15 18:33,177.9,187.9,183,182.9,192.7,192.9,180,180.1,180.1,180,179.9,200,199.9,200.1,200,199.9,179.8,180,180,43.9,83.8,79.9,8.003,8.012,25.938,1002,191.5,10.5,168.027,2014-02-15 17:29,,
2014-02-15 18:02,Extruder 1,14-A-91,90310-000065060004,7050 0% 065T 600W BK N/T,18248,1731,1250,250,2014-02-15 18:02,177.3,187.8,182.7,182.9,192.3,192.9,180,180,180,180,180.2,200.3,200.3,200.3,200.2,200.1,180.4,180,180,43.7,83.8,80,8.003,7.974,25.945,1020,191.5,11.4,168.809,2014-02-15 17:29,,
2014-02-15 17:30,Extruder 1,14-A-90,90310-000065060004,7050 0% 065T 600W BK N/T,18248,1731,1250,1000,2014-02-15 17:30,175.1,186.2,180.8,181.1,191,191.6,180,179.4,180,180,180,199.8,199.3,199.4,199.6,199.9,179.4,179.8,179.9,43.3,82.4,79,8.001,8,25.948,1079,191.1,10.6,177.372,2014-02-15 15:25,,
2014-02-15 16:25,Extruder 1,14-A-90,90310-000065060004,7050 0% 065T 600W BK N/T,18248,1731,1250,500,2014-02-15 16:25,177.8,187.9,182.9,182.9,192.7,193.3,180,179.9,180,179.9,179.9,199.9,200,200.1,200.1,199.9,180.1,180,180,44.4,84.3,80.4,8.003,8.008,25.986,939,191.6,10.3,166.485,2014-02-15 15:25,,
2014-02-15 15:54,Extruder 1,14-A-90,90310-000065060004,7050 0% 065T 600W BK N/T,18248,1731,1250,250,2014-02-15 15:54,177.5,187.8,182.6,182.7,192.3,192.6,180.1,180,180,180,180.3,200.1,200.3,200.3,200.2,200.1,180.1,180,180,44.3,84.2,80.1,7.998,7.99,25.952,950,191.6,11.2,176.186,2014-02-15 15:25,,
2014-02-15 15:21,Extruder 1,14-A-89,90310-000065060004,7050 0% 065T 600W BK N/T,18248,1731,1250,1000,2014-02-15 15:21,175.1,186.4,180.8,181.3,190.6,192.4,179.8,179.6,180,179.9,180,199.7,199.6,199.7,199.9,200,179.6,180,180.1,43.6,83.3,79.7,7.996,8.002,25.948,1015,191,10.4,165.583,2014-02-15 13:04,,
2014-02-15 14:12,Extruder 1,14-A-89,90310-000065060004,7050 0% 065T 600W BK N/T,18248,1731,1250,500,2014-02-15 14:12,177.8,188,183,182.9,192.8,192.9,179.8,180,179.8,180,180.2,199.9,200,200.1,200.1,200,180.2,179.9,180,44.3,85.9,80.6,6.841,6.85,22.597,897,191,11,169.046,2014-02-15 13:04,,
2014-02-15 13:37,Extruder 1,14-A-89,90310-000065060004,7050 0% 065T 600W BK N/T,18248,1731,1250,250,2014-02-15 13:37,177.7,187.7,182.6,182.5,192.2,192.7,180,179.6,180,180,180,200.2,200.3,200.2,200.2,200.3,180,180,180,44.4,98.5,93,6.502,6.5,21.007,846,190.9,10.5,165.797,2014-02-15 13:04,,
2014-02-15 13:02,Extruder 1,14-A-88,90310-000065060004,7050 0% 065T 600W BK N/T,18248,1731,1250,1000,2014-02-15 13:02,175.1,186.1,180.9,181,190.5,191.6,180,179.6,180,180,180.1,199.8,199.5,199.7,200,200.2,179.7,179.9,180,43.9,85,83.1,8.001,8.008,25.964,1004,191,10.8,177.135,2014-02-15 4:29,,
2014-02-15 11:57,Extruder 1,14-A-88,90310-000065060004,7050 0% 065T 600W BK N/T,18248,1731,1250,500,2014-02-15 11:57,178,188,183.1,182.9,192.7,193.7,179.9,180.1,179.8,180,180,199.9,199.7,199.9,199.8,199.9,180.2,180,180,44.4,84.8,80.7,7.996,7.982,25.961,920,191.1,11,175.996,2014-02-15 4:29,,
2014-02-15 11:26,Extruder 1,14-A-88,90310-000065060004,7050 0% 065T 600W BK N/T,18248,1731,1250,250,2014-02-15 11:26,177.9,187.9,182.8,182.7,192.7,193,180.6,180,180.3,180,180.1,199.8,200.2,200.1,200.3,199.9,180.3,180,179.8,44.3,84.9,80.4,7.998,8.002,25.093,973,191.3,10.2,183.325,2014-02-15 4:29,,
2014-01-23 14:08,Extruder 1,14-A-68,90310-000065100004,7050 0% 065T 1000W BK N/T,17651,1580,1250,1000,2014-01-23 14:08,177.9,188,182.7,181.7,193,193.3,188.5,180.3,190,180,180,215.2,201.3,199.9,201.3,211.1,182,180,180,40.3,74.1,70.8,6.5,6.47,40.36,893,202.6,12.8,200.142,2014-01-23 11:29,,
2014-01-23 12:52,Extruder 1,14-A-68,90310-000065100004,7050 0% 065T 1000W BK N/T,17651,1580,1250,500,2014-01-23 12:52,178.2,187.9,183.6,181.5,192.8,193.3,188.5,180.4,190.1,180,180,214.9,201.4,199.9,201.3,210.9,181.6,180,180,40.4,73.9,70.2,6.498,6.474,40.408,900,202.7,13.1,193.88,2014-01-23 11:29,,
2014-01-23 12:14,Extruder 1,14-A-68,90310-000065100004,7050 0% 065T 1000W BK N/T,17651,1580,1250,250,2014-01-23 12:14,178,187.5,183.3,182.1,192.7,193.3,188,180.1,190,180,180,215.2,201.7,200.4,201.5,211.3,181,180,180,40.5,73.7,70.4,6.496,6.446,40.417,897,202.3,12.5,201.589,2014-01-23 11:29,,
2014-01-23 11:21,Extruder 1,14-A-67,90310-000065100004,7050 0% 065T 1000W BK N/T,17651,1580,1250,1000,2014-01-23 11:21,178,187.5,183,182.7,193,192.7,188.4,179.7,190,180,179.8,215,201,200.5,201.3,210.9,181.5,180,180.1,40.2,73.7,70.2,6.5,6.466,40.378,892,202.5,11.8,195.209,2014-01-23 8:33,,
2014-01-23 10:05,Extruder 1,14-A-67,90310-000065100004,7050 0% 065T 1000W BK N/T,17651,1580,1250,500,2014-01-23 10:05,178,188.4,183.6,183.2,193,193.3,188.3,180.3,190.2,180,180.1,214.9,200.9,200,201.2,211.1,180.7,180.2,180,40.5,73.8,70,6.5,6.46,40.33,883,202.5,11.8,193.43,2014-01-23 8:33,,
2014-01-23 9:27,Extruder 1,14-A-67,90310-000065100004,7050 0% 065T 1000W BK N/T,17651,1580,1250,250,2014-01-23 9:27,177.7,187.6,182.7,182.1,192.8,193.1,187.8,180,190.1,180.1,180,215.5,201.6,200.6,201.3,211.4,180.6,180,180,40.5,73.8,70.2,6.5,6.464,40.328,883,202,10.6,190.346,2014-01-23 8:33,,
2014-01-23 8:34,Extruder 1,14-A-66,90310-000065100004,7050 0% 065T 1000W BK N/T,17651,1580,1250,1000,2014-01-23 8:34,178.1,188.4,183,181.9,193,193.2,188.3,180.3,190,180,179.7,214.9,200.9,200.2,201.1,210.9,181.7,180,180.1,40.2,73.8,70.2,6.498,6.47,40.289,936,202.6,12.5,200.783,2014-01-23 6:01,,
2014-01-23 7:18,Extruder 1,14-A-66,90310-000065100004,7050 0% 065T 1000W BK N/T,17651,1580,1250,500,2014-01-23 7:18,178,188.1,183,183.7,193,192.9,188,179.9,190,180,180,214.9,201.2,200.2,201.4,210.8,181.6,180,180,40.2,73.9,70.5,6.505,6.474,40.267,902,202.1,12.6,200.237,2014-01-23 6:01,,
2014-01-23 6:40,Extruder 1,14-A-66,90310-000065100004,7050 0% 065T 1000W BK N/T,17651,1546,1250,250,2014-01-23 6:40,178,187.7,182.6,183.5,192.8,193,187.4,180.1,190.2,180,179.8,215.5,201.4,200.6,201.4,211.5,180.9,180.1,180,40.5,74.7,71.7,6.5,6.466,40.223,899,201.6,12,199.194,2014-01-23 6:01,,
2014-01-23 5:50,Extruder 1,14-A-65,90310-000065100004,7050 0% 065T 1000W BK N/T,17651,1546,1250,1000,2014-01-23 5:50,178.1,188.1,183,182.2,193,193,187.7,180.1,190,180,180.1,215,200.6,200.1,201.1,210.9,181.3,180,180,40.7,74.5,71.5,6.5,6.492,40.219,854,201.8,11.2,194.521,2014-01-23 3:17,,
2014-01-23 4:34,Extruder 1,14-A-65,90310-000065100004,7050 0% 065T 1000W BK N/T,17651,1546,1250,500,2014-01-23 4:34,178,187.7,183.5,182,193,192.9,187.9,180.1,190.2,180,179.8,214.9,200.7,200.1,201,211.1,180.9,180,179.9,40.8,74.6,71.5,6.5,6.472,40.226,856,201.9,13,196.964,2014-01-23 3:17,,
2014-01-23 3:56,Extruder 1,14-A-65,90310-000065100004,7050 0% 065T 1000W BK N/T,17651,1546,1250,250,2014-01-23 3:56,177.7,188,182.9,179.9,192.7,193,187.5,180,189.9,180,179.7,215.1,200.8,200.2,200.8,211.1,180.7,180.1,179.9,40.5,74.5,71.3,6.498,6.474,40.223,832,201.6,12.4,192.623,2014-01-23 3:17,,
2014-01-23 3:08,Extruder 1,14-A-64,90310-000065100004,7050 0% 065T 1000W BK N/T,17651,1546,1250,1000,2014-01-23 3:08,178,188,183,181.3,193,192.7,187.8,180,190.1,180,180.5,214.9,200.7,200,200.9,210.9,181.1,180,180,40.7,74.5,71.4,6.505,6.472,40.116,835,201.7,10.7,190.655,2014-01-23 0:35,,
2014-01-23 1:52,Extruder 1,14-A-64,90310-000065100004,7050 0% 065T 1000W BK N/T,17651,1546,1250,500,2014-01-23 1:52,177.9,187.5,182.7,184.2,193,193,188.1,180.1,190.7,180.2,179.8,215.4,201.5,200.5,201.6,211.3,181.7,180,180.2,40,74,70.3,6.5,6.47,39.624,879,202.2,12.3,194.829,2014-01-23 0:35,,
2014-01-23 1:14,Extruder 1,14-A-64,90310-000065100004,7050 0% 065T 1000W BK N/T,17651,1546,1250,250,2014-01-23 1:14,177.8,188.3,183.7,182,192.5,192.9,187.3,180,190.1,180,179.7,215.1,201.4,200.2,201.4,211.4,180.9,180,179.8,40.2,73.2,69.7,6.505,6.476,39.982,899,201.8,11.8,199.075,2014-01-23 0:35,,
2014-01-23 0:26,Extruder 1,14-A-63,90310-000065100004,7050 0% 065T 1000W BK N/T,17651,1546,1250,1000,2014-01-23 0:26,177.8,188.2,183.2,184,193.1,192.9,187.1,180.3,189.9,179.8,180,214.8,201.2,200.1,201.2,210.9,181.3,180,180,40.2,74.2,70.7,6.5,6.474,40.002,913,201.6,12.3,199.122,2014-01-22 21:53,,
2014-01-22 23:10,Extruder 1,14-A-63,90310-000065100004,7050 0% 065T 1000W BK N/T,17651,1546,1250,500,2014-01-22 23:10,177.9,188.2,183.2,182.3,192.8,193.2,187,179.6,189.9,180,180.5,215.1,201.2,200.1,200.9,210.9,180.9,180,180,40,73.4,70.2,6.498,6.466,39.954,869,201.3,11.9,201.186,2014-01-22 21:53,,
2014-01-22 22:32,Extruder 1,14-A-63,90310-000065100004,7050 0% 065T 1000W BK N/T,17651,1546,1250,250,2014-01-22 22:32,177.7,188.4,182.5,184.8,192.8,193.2,187.1,180.3,190.2,180.1,179.9,215.3,201.3,200.4,201,211.2,180.6,180.1,180,40,73.3,70.3,6.5,6.466,40.016,874,201.4,12.8,195.351,2014-01-22 21:53,,
2014-01-22 21:45,Extruder 1,14-A-62,90310-000065100004,7050 0% 065T 1000W BK N/T,17651,1546,1250,1000,2014-01-22 21:45,177.9,187.9,182.7,183.2,192.9,193,187.1,179.8,189.7,179.8,179.8,214.8,201.2,200.1,201.1,211,180.7,180,179.8,40,74.4,70.3,6.496,6.462,40,887,201.5,12.2,196.774,2014-01-22 19:08,,
2014-01-22 20:29,Extruder 1,14-A-62,90310-000065100004,7050 0% 065T 1000W BK N/T,17651,1546,1250,500,2014-01-22 20:29,177.9,188.2,183.6,183.8,192.9,192.7,187.7,179.7,190.1,180,179.9,214.9,201.3,200.1,201.5,211.1,181,180.1,180,40.5,74.4,70.7,6.5,6.454,40.23,876,201.7,12.1,194.213,2014-01-22 19:08,,
2014-01-22 19:51,Extruder 1,14-A-62,90310-000065100004,7050 0% 065T 1000W BK N/T,17651,1546,1250,250,2014-01-22 19:51,177.8,187.9,182.5,183.7,192.7,193.3,187.1,180.3,190.1,180,179.9,215.4,201.5,200.5,201.5,211.3,180.9,180,180.1,40.6,74,70.6,6.5,6.472,40.292,899,201.5,12.2,197.391,2014-01-22 19:08,,
2014-01-22 19:03,Extruder 1,14-A-61,90310-000065100004,7050 0% 065T 1000W BK N/T,17651,1546,1250,1000,2014-01-22 19:03,178,187.8,183,183.1,193,192.8,186.8,180.3,190.1,180,180.1,215.1,201.5,199.9,201.1,211.1,181.1,180,180,40.1,74.9,70.7,6.5,6.476,40.103,905,201.2,10.5,198.458,2014-01-22 16:22,,
2014-01-22 17:47,Extruder 1,14-A-61,90310-000065100004,7050 0% 065T 1000W BK N/T,17651,1580,1250,500,2014-01-22 17:47,178,188.2,182.7,182.4,193,192.5,187.5,180,190.2,180,180,214.9,202,200.3,201.9,211,181.3,180.1,180,40.2,75,70.6,6.5,6.476,39.907,915,201.6,11.6,198.506,2014-01-22 16:22,,
2014-01-22 17:09,Extruder 1,14-A-61,90310-000065100004,7050 0% 065T 1000W BK N/T,17651,1580,1250,250,2014-01-22 17:09,178,188.2,183,183.4,193.1,193.7,187.1,180,190.1,180,180,215.2,202.3,200.5,202.2,211.5,181.4,180,180,40.2,75.1,70.9,6.5,6.454,39.934,967,201.6,10.7,203.036,2014-01-22 16:22,,
2014-01-22 16:14,Extruder 1,14-A-60,90310-000065100004,7050 0% 065T 1000W BK N/T,17651,1580,1250,1000,2014-01-22 16:14,178,188,183,182.3,192.9,193.6,187.6,180,190.1,180,180.9,214.8,201.9,200.3,201.9,211.1,182.3,180.1,180,40.5,75.3,70.8,6.498,6.47,39.884,959,201.8,10.9,204.032,2014-01-22 11:51,,
2014-01-22 14:59,Extruder 1,14-A-60,90310-000065100004,7050 0% 065T 1000W BK N/T,17651,1580,1250,500,2014-01-22 14:59,178.1,188.2,182.9,183.2,193,193.2,186.1,180,189.9,180,180,215,201.5,199.7,201.5,211,181.4,180,180,40.5,75,70.5,6.505,6.466,39.904,894,200.3,10.2,204.222,2014-01-22 11:51,,
2014-01-22 14:21,Extruder 1,14-A-60,90310-000065100004,7050 0% 065T 1000W BK N/T,17651,1580,1250,250,2014-01-22 14:21,177.9,188,183,182.8,193,193,185.5,180.3,190.7,179.7,179.8,214.9,202.3,200.3,202.4,210.8,181.1,180.1,179.8,40.3,75,70.7,6.496,6.47,39.945,869,199.3,10.6,199.881,2014-01-22 11:51,,
2014-01-22 11:43,Extruder 1,14-A-59,90310-000065100004,7050 0% 065T 1000W BK N/T,17651,1580,1250,1000,2014-01-22 11:43,178,187.8,182.7,180.2,193,192.7,187.5,180,190.1,180.1,180.2,215.2,201.8,200,201.5,211,181.5,180,180.1,39.9,74.4,69.6,5.997,5.972,39.51,310,201.6,11.2,40.109,2014-01-22 9:11,,
2014-01-22 10:27,Extruder 1,14-A-59,90310-000065100004,7050 0% 065T 1000W BK N/T,17651,1580,1250,500,2014-01-22 10:27,178.1,187.6,183.3,183.8,193,193,187.4,179.9,190.2,180,180,215,201.6,200.2,201.5,210.9,181.3,180.1,180,39.4,73.6,68.4,6.498,6.47,39.433,886,201.7,11.8,196.727,2014-01-22 9:11,,
2014-01-22 9:49,Extruder 1,14-A-59,90310-000065100004,7050 0% 065T 1000W BK N/T,17651,1580,1250,250,2014-01-22 9:49,178.1,188.1,182.8,183,193,193.1,186.9,180.2,190.2,180,179.8,215.3,202.2,201,202,211.4,181.4,180,180,38.7,72.2,68,6.496,6.474,39.629,896,201.6,11.3,206.784,2014-01-22 9:11,,
2014-01-22 8:48,Extruder 1,14-A-58,90310-000065100004,7050 0% 065T 1000W BK N/T,17651,1580,1250,1000,2014-01-22 8:48,177.9,187.8,182.5,182,193,193.1,187.3,180,189.9,180,180.3,215,201.5,200.1,201.2,211.1,180.8,180,180,38.7,72.4,68,6.502,6.474,39.456,886,201.9,11.9,202.633,2014-01-22 6:10,,
2014-01-22 7:32,Extruder 1,14-A-58,90310-000065100004,7050 0% 065T 1000W BK N/T,17651,1580,1250,500,2014-01-22 7:32,178.1,188.2,183,182.7,192.9,192.9,186.9,180.1,190.2,180,180,215.1,200.9,200,200.8,211,180.6,180,180.1,38.7,72.5,68.3,6.505,6.462,39.658,861,201.5,11.8,199.194,2014-01-22 6:10,,
2014-01-22 6:54,Extruder 1,14-A-58,90310-000065100004,7050 0% 065T 1000W BK N/T,17651,1731,1250,250,2014-01-22 6:54,177.9,188.1,183,183.3,192.8,193.4,186.6,180.1,189.8,180.1,180.2,215.2,200.8,200.1,200.8,211.1,180.6,180.1,180.2,38.6,72.2,68.2,6.496,6.484,39.574,864,201.1,12.9,197.77,2014-01-22 6:10,,
2014-01-22 6:13,Extruder 1,14-A-57,90310-000065100004,7050 0% 065T 1000W BK N/T,17651,1731,1250,1000,2014-01-22 6:13,175.3,186.7,181.8,179.3,191.7,192.7,187,179.3,189.9,180,179.8,214.4,200.5,199.3,200.5,210.9,179.8,179.7,179.8,38.5,72.1,68.2,6.498,6.474,39.595,909,200.8,10.4,201.85,2014-01-22 3:35,,
2014-01-22 4:54,Extruder 1,14-A-57,90310-000065100004,7050 0% 065T 1000W BK N/T,17651,1731,1250,500,2014-01-22 4:54,178,187.8,182.6,182.9,192.8,192.7,187.5,180,190,180,180.2,214.9,201.4,200.1,201.1,210.9,180.4,180,179.9,39.2,73.1,68.6,6.493,6.484,39.535,928,202,12.5,196.798,2014-01-22 3:35,,
2014-01-22 4:17,Extruder 1,14-A-57,90310-000065100004,7050 0% 065T 1000W BK N/T,17651,1731,1250,250,2014-01-22 4:17,177.9,187.8,182.7,183.3,192.7,193.3,187.3,180.3,190,180,180,215.2,201.4,200.2,200.9,211.2,180.3,180,180,39.6,73,68.9,6.498,6.464,39.585,948,201.7,11.1,202.609,2014-01-22 3:35,,
2014-01-22 3:36,Extruder 1,14-A-56,90310-000065100004,7050 0% 065T 1000W BK N/T,17651,1731,1250,1000,2014-01-22 3:36,175.4,186.7,181.8,181,191.3,192.3,187.5,179,189.8,180,180.1,214.2,201,198.9,200.3,210.6,180.5,179.7,179.7,38.9,72,68,6.502,6.472,39.585,998,201.3,10.7,204.175,2014-01-22 0:56,,
2014-01-22 2:17,Extruder 1,14-A-56,90310-000065100004,7050 0% 065T 1000W BK N/T,17651,1731,1250,500,2014-01-22 2:17,178,187.7,183.2,181.1,192.9,193,187.3,179.9,190.1,180,179.8,214.8,201.8,200.2,201.4,211.1,181,180.1,180,39.5,73.2,69.2,6.498,6.474,39.544,960,201.7,13.4,200.19,2014-01-22 0:56,,
2014-01-22 1:39,Extruder 1,14-A-56,90310-000065100004,7050 0% 065T 1000W BK N/T,17651,1731,1250,250,2014-01-22 1:39,177.8,188.3,182.9,179.8,192.6,192.9,186.9,179.8,190.1,180.1,180,215.1,201.7,200.2,201.1,211.1,180.6,179.8,179.9,39.7,73.1,68.9,6.498,6.464,39.567,951,201.2,11.2,201.257,2014-01-22 0:56,,
2014-01-22 0:59,Extruder 1,14-A-55,90310-000065100004,7050 0% 065T 1000W BK N/T,17651,1731,1250,1000,2014-01-22 0:59,175.4,186.7,181,182,191.2,192.1,187,179.2,190,180,180,214.4,201.2,199.3,200.6,210.8,180.4,179.9,179.8,39.1,72.4,69.1,6.502,6.462,39.613,980,200.9,10.9,207.021,2014-01-21 22:15,,
2014-01-21 23:40,Extruder 1,14-A-55,90310-000065100004,7050 0% 065T 1000W BK N/T,17651,1731,1250,500,2014-01-21 23:40,178.1,188.1,182.8,180.7,192.9,193,187.6,180,190,180,180,215,202.1,200,201.6,210.9,181.2,180.1,179.8,40.2,73.4,69.3,6.496,6.476,39.87,952,201.8,13,201.66,2014-01-21 22:15,,
2014-01-21 23:02,Extruder 1,14-A-55,90310-000065100004,7050 0% 065T 1000W BK N/T,17651,1731,1250,250,2014-01-21 23:02,178,187.6,182.9,183.7,192.8,192.7,187.6,180,190.1,180,179.8,214.9,202,200.2,201.6,211.1,181.2,180,179.9,40.1,74.1,69.4,6.502,6.472,39.895,962,201.7,12.3,204.91,2014-01-21 22:15,,
2014-01-21 22:20,Extruder 1,14-A-54,90310-000065100004,7050 0% 065T 1000W BK N/T,17651,1731,1250,1000,2014-01-21 22:20,175.4,186.5,181.5,182,191.3,192.7,187.4,178.9,189.9,179.8,179.5,214.2,200.8,198.9,200.3,210.6,180.6,179.8,180,39.2,73.4,69.5,6.496,6.462,39.872,1023,200.7,10.6,209.63,2014-01-21 15:27,,
2014-01-21 20:59,Extruder 1,14-A-54,90310-000065100004,7050 0% 065T 1000W BK N/T,17651,1731,1250,500,2014-01-21 20:59,178,188,183.1,183.7,192.9,192.5,186.9,180,189.7,180,180,214.8,202,199.6,201.5,210.8,181.1,180,180,40.3,74.3,70.4,6.5,6.484,39.82,990,201,10.5,199.739,2014-01-21 15:27,,
2014-01-21 20:21,Extruder 1,14-A-54,90310-000065100004,7050 0% 065T 1000W BK N/T,17651,1731,1250,250,2014-01-21 20:21,178.1,187.9,183.5,184.5,193,192.3,187.4,180,190.4,180,180.8,215,202.3,200,202.2,210.9,181,180,180,40.5,74.5,70.8,6.498,6.454,39.822,996,201.3,12.5,202.514,2014-01-21 15:27,,
2014-01-21 15:30,Extruder 1,14-A-53,90310-000065100004,7050 0% 065T 1000W BK N/T,17651,1413,1250,1000,2014-01-21 15:30,177.3,187.8,182.6,182.1,192.2,192.1,183.1,180.1,188.7,180,179.4,213.9,196.9,196.8,196.7,209.6,180.3,180,180,44.4,77.2,67.2,7.532,7.463,48.563,1384,194.5,11,224.478,2014-01-21 12:38,,
2014-01-21 13:48,Extruder 1,14-A-53,90310-000065100004,7050 0% 065T 1000W BK N/T,17651,1413,1250,500,2014-01-21 13:48,178.1,187.5,183.2,183.1,192.9,196.3,188.6,180,190.3,180,179.3,214.9,203.8,201.8,203.6,211,184.5,180,180,40.7,79.4,66.9,8.001,7.968,48.118,1027,204.2,12.2,208.658,2014-01-21 12:38,,
2014-01-21 13:17,Extruder 1,14-A-53,90310-000065100004,7050 0% 065T 1000W BK N/T,17651,1413,1250,250,2014-01-21 13:17,177.9,188.6,183,183.7,192.7,195.7,187.8,180.3,189.8,180,178.8,215.5,203.4,201.2,203.1,211.4,184.2,180,180,40.6,79.5,68.3,8.005,7.962,48.096,1028,203.5,12.4,207.495,2014-01-21 12:38,,
2014-01-21 12:42,Extruder 1,14-A-52,90310-000065100004,7050 0% 065T 1000W BK N/T,17651,1413,1250,1000,2014-01-21 12:42,175.7,186.8,181.6,181.5,190.9,193.3,188.5,178.5,190,179.9,179.3,214.1,203.2,200.5,202.6,210.5,184.1,179.8,179.7,40.2,78,69.5,9.508,9.488,47.535,1152,202.7,11.3,206.57,2014-01-21 8:57,,
2014-01-21 11:35,Extruder 1,14-A-52,90310-000065100004,7050 0% 065T 1000W BK N/T,17651,1413,1250,500,2014-01-21 11:35,178.1,186.2,183.6,182.8,192.8,195.5,188.2,180.2,190.6,180,180,214.8,204.1,202.2,204.3,210.9,183.9,180,180,40.5,79.3,68,7.994,7.988,48.337,1009,203.7,9.9,207.519,2014-01-21 8:57,,
2014-01-21 11:04,Extruder 1,14-A-52,90310-000065100004,7050 0% 065T 1000W BK N/T,17651,1413,1250,250,2014-01-21 11:04,177.9,187.6,183.6,184,192.9,196,186.3,180.1,191,180,179.7,215.3,204.3,203,204.9,211.4,183.2,180.1,179.9,40.2,78.9,66.6,8.005,7.982,49.121,999,202.1,11,204.293,2014-01-21 8:57,,
2014-01-21 9:02,Extruder 1,14-A-51,90310-000065100004,7050 0% 065T 1000W BK N/T,17651,1413,1250,1000,2014-01-21 9:02,178,188.5,183,183.7,193,192.9,186.5,180,189.9,179.8,180.2,215,200.8,200,200.6,210.9,180.3,180,180,39.4,80.1,67.5,6.998,7.013,37.777,919,200.7,11.4,194.853,2014-01-21 6:21,,
2014-01-21 7:42,Extruder 1,14-A-51,90310-000065100004,7050 0% 065T 1000W BK N/T,17651,1413,1250,500,2014-01-21 7:42,178,187.8,183,183.6,192.8,193,186.7,180,190.1,180,180.1,214.8,200.8,199.9,200.7,210.9,180.3,179.9,179.9,40,86.4,77.3,6.101,6.104,37.743,944,200.8,11.5,194.924,2014-01-21 6:21,,
2014-01-21 7:01,Extruder 1,14-A-51,90310-000065100004,7050 0% 065T 1000W BK N/T,17651,1413,1250,250,2014-01-21 7:01,177.9,188.3,183,181,192.6,193.2,186.2,180.1,189.9,180.1,180.1,215.3,201,200.3,200.8,211.2,180.3,180,180,40.3,87.2,77.2,6.101,6.09,38.066,945,200.5,12.1,199.692,2014-01-21 6:21,,
2014-01-21 6:10,Extruder 1,14-A-50,90310-000065100004,7050 0% 065T 1000W BK N/T,17651,1546,1250,1000,2014-01-21 6:10,178,187.9,183.6,183.2,193,192.6,186.9,180.1,190.1,180,180.1,214.8,201.1,199.9,201.1,211.1,180.4,180,180,39.9,86.5,77.7,6.099,6.1,38.05,956,201.1,12.5,197.249,2014-01-21 3:23,,
2014-01-21 4:49,Extruder 1,14-A-50,90310-000065100004,7050 0% 065T 1000W BK N/T,17651,1546,1250,500,2014-01-21 4:49,178,188.3,183.1,182.1,192.8,192.9,186.5,180,190.1,180,180,215.2,201.2,200,201.2,210.9,180.6,180,179.9,40,86.6,76.8,6.101,6.104,37.993,955,200.9,12.2,199.763,2014-01-21 3:23,,
2014-01-21 4:09,Extruder 1,14-A-50,90310-000065100004,7050 0% 065T 1000W BK N/T,17651,1546,1250,250,2014-01-21 4:09,177.8,188.4,182.6,184.1,192.9,193.2,186.4,180,190,180,179.7,215.2,201.2,200.5,201.2,211.3,180.3,180,180,40.2,86,76.9,6.099,6.104,38.262,958,200.5,11.6,198.387,2014-01-21 3:23,,
2014-01-21 0:29,Extruder 1,14-A-48,90310-000065100004,7050 0% 065T 1000W BK N/T,17651,1546,1250,1000,2014-01-21 0:29,178,188.3,183,183.8,193.1,193,186.8,180,190,180,180,214.9,201.1,199.9,201.1,211.2,180.5,180,180,40.5,87.1,78.3,6.101,6.111,38.308,954,200.8,12.1,202.443,2014-01-20 4:59,,
2014-01-20 23:08,Extruder 1,14-A-48,90310-000065100004,7050 0% 065T 1000W BK N/T,17651,1546,1250,500,2014-01-20 23:08,178,188.4,183.3,182.5,193,193.3,186.5,180.1,190.1,180,179.8,214.7,201.6,199.9,201.8,211,180.6,180,179.9,40.7,87.3,78.5,6.101,6.106,38.235,950,200.5,10.9,192.196,2014-01-20 4:59,,
2014-01-20 22:28,Extruder 1,14-A-48,90310-000065100004,7050 0% 065T 1000W BK N/T,17651,1546,1250,250,2014-01-20 22:28,178.1,188.5,182.9,184.1,193.1,193.3,185.7,180.2,190.1,180,178.9,215.8,202.5,201.5,202.4,212.1,180.9,180,180.2,40.9,87.2,78.6,6.101,6.094,38.595,958,199.7,10.2,196.656,2014-01-20 4:59,,
2014-01-20 21:25,Extruder 1,14-A-48,90310-000065100004,7050 0% 065T 1000W BK N/T,17651,1546,1250,250,2014-01-20 21:25,177.8,188.1,183.1,183.5,192.8,193.6,185,180.5,190.4,180.3,180.3,208.2,200.4,200.5,201,211.8,179.9,180,179.8,40.3,85.9,78,6.199,6.187,35.779,949,197.9,10.4,190.773,2014-01-20 4:59,,
2014-01-20 4:53,Extruder 1,14-A-47,90310-000065100004,7050 0% 065T 1000W BK N/T,17651,1580,1250,1000,2014-01-20 4:53,178,187.6,183.6,182.8,193,193.3,186.6,180,190,180,180.3,207,200.1,200,200,207.1,180,180,180,40.8,88.4,79.1,6.101,6.088,38.155,1032,200,10.9,187.31,2014-01-20 2:03,,
2014-01-20 3:33,Extruder 1,14-A-47,90310-000065100004,7050 0% 065T 1000W BK N/T,17651,1580,1250,500,2014-01-20 3:33,178,188.5,182.5,183.3,193,193.2,186.7,179.8,190.1,180,179.9,206.8,199.7,199.9,200.2,206.9,180.4,180,179.9,41.2,87.9,79.6,6.099,6.108,37.736,1038,200.2,10,188.33,2014-01-20 2:03,,
2014-01-20 2:52,Extruder 1,14-A-47,90310-000065100004,7050 0% 065T 1000W BK N/T,17651,1580,1250,250,2014-01-20 2:52,177.9,187.9,183,182.9,193.1,193,186.1,180.2,190.1,180,180.1,207.3,201.3,200.7,201.4,207.5,180.1,180,180,40.8,87.9,79.6,6.099,6.104,37.736,1026,199.7,10.6,189.208,2014-01-20 2:03,,
2014-01-20 1:48,Extruder 1,14-A-46,90310-000065100004,7050 0% 065T 1000W BK N/T,17651,1580,1250,1000,2014-01-20 1:48,178.2,188.4,182.9,183.1,193.1,192.8,186.8,180.1,190.2,180,179.9,207,200,200.1,200.2,207,180,180.1,179.9,40.9,88,78.9,6.099,6.094,37.811,1058,200.4,10.9,190.133,2014-01-19 22:07,,
2014-01-20 0:28,Extruder 1,14-A-46,90310-000065100004,7050 0% 065T 1000W BK N/T,17651,1580,1250,500,2014-01-20 0:28,178.2,188.1,183.1,182.9,193.1,193,186.5,180.3,190.2,180,180.7,206.8,199.9,199.9,200.1,206.9,180,180,180,41.3,87.6,79.4,6.099,6.086,37.852,1002,200,11,185.674,2014-01-19 22:07,,
2014-01-19 23:48,Extruder 1,14-A-46,90310-000065100004,7050 0% 065T 1000W BK N/T,17651,1580,1250,250,2014-01-19 23:48,178,187.9,183.2,182,192.8,193.3,185.4,180.2,190.7,180,180.6,207,201.2,200.5,201.7,207,180.2,180,179.9,41,88.4,79.1,6.104,6.104,37.863,1002,199,10.4,188.615,2014-01-19 22:07,,
2014-01-19 22:06,Extruder 1,14-A-45,90310-000065100004,7050 0% 065T 1000W BK N/T,17651,1580,1250,1000,2014-01-19 22:06,178,188.3,182.7,183.2,193.1,193,186.5,180,190,180,180.1,207,199.9,200,199.9,207.1,179.9,180,180,40.6,87.9,79,6.101,6.096,37.535,1016,200.3,10.4,176.755,2014-01-19 19:01,,
2014-01-19 20:46,Extruder 1,14-A-45,90310-000065100004,7050 0% 065T 1000W BK N/T,17651,1580,1250,500,2014-01-19 20:46,178,188.5,182.7,181.3,192.9,192.9,186.6,179.7,190.1,180,180.2,206.9,199.6,199.7,199.9,207,179.8,180,179.8,40.8,87.9,78.8,6.099,6.094,37.615,992,200.4,10,187.287,2014-01-19 19:01,,
2014-01-19 20:05,Extruder 1,14-A-45,90310-000065100004,7050 0% 065T 1000W BK N/T,17651,1580,1250,250,2014-01-19 20:05,178,188.3,183,180.5,193,193.3,186.1,180.2,190.2,180,180.2,207.2,201.4,200.6,201.4,207.4,180,180,180,41,88.1,78.3,6.095,6.104,37.604,999,199.8,10.3,191.983,2014-01-19 19:01,,
2014-01-19 18:59,Extruder 1,14-A-44,90310-000065100004,7050 0% 065T 1000W BK N/T,17651,1580,1250,1000,2014-01-19 18:59,178.1,188.1,182.9,183.4,193,192.9,186.7,180,190.1,179.8,178.8,207,199.7,199.9,199.9,206.9,180,180,180,40.9,87.9,79,6.101,6.09,37.633,1000,200.2,10.6,186.931,2014-01-19 16:04,,
2014-01-19 17:38,Extruder 1,14-A-44,90310-000065100004,7050 0% 065T 1000W BK N/T,17651,1580,1250,500,2014-01-19 17:38,178,188.1,182.9,182.8,193,193.1,186.8,180,190,180,179.1,206.8,199.8,199.9,200,206.7,180,180.1,179.9,41.2,88.4,79.6,6.099,6.104,37.845,1033,200.8,10.5,195.232,2014-01-19 16:04,,
2014-01-19 16:58,Extruder 1,14-A-44,90310-000065100004,7050 0% 065T 1000W BK N/T,17651,1580,1250,250,2014-01-19 16:58,178,187.5,183,182.9,192.8,193.3,186.6,180,190.1,180,180,207.2,201,200.8,200.8,207.1,180.1,180,180,41.6,88.7,79.7,6.099,6.096,38.039,999,200.5,9.9,188.971,2014-01-19 16:04,,
2014-01-19 16:00,Extruder 1,14-A-43,90310-000065100004,7050 0% 065T 1000W BK N/T,17651,1580,1250,1000,2014-01-19 16:00,178,187.7,182.9,183.6,192.8,193.2,186.8,180,189.9,180,178.6,207,199.9,199.8,200,207.1,180.1,180,180,41.7,88.5,79.9,6.101,6.1,37.601,956,200.4,10.8,188.164,2014-01-19 12:54,,
2014-01-19 14:39,Extruder 1,14-A-43,90310-000065100004,7050 0% 065T 1000W BK N/T,17651,1580,1250,500,2014-01-19 14:39,178,187.7,183.1,183,193,193,187,179.8,190.1,180,180.7,207.9,200.9,199.5,200.8,208.1,179.8,180.1,180,37.2,88.2,75.8,6.101,6.096,36.934,946,200.6,10,188.828,2014-01-19 12:54,,
2014-01-19 13:59,Extruder 1,14-A-43,90310-000065100004,7050 0% 065T 1000W BK N/T,17651,1580,1250,250,2014-01-19 13:59,177.9,188.5,183.3,181.9,192.7,193.4,186.5,180.1,190.2,180,179.9,200.2,200.7,200.5,200.7,200.4,180.1,180.1,180,44.4,87.9,75.5,6.099,6.098,37.264,966,200.2,10,184.986,2014-01-19 12:54,,
2014-01-19 12:55,Extruder 1,14-A-42,90310-000065100004,7050 0% 065T 1000W BK N/T,17651,1580,1250,1000,2014-01-19 12:55,178,187.8,182.9,183.2,192.9,193.2,186.8,180,190,180.1,180.5,202.5,199.9,200,199.9,202.3,179.7,180,180,44.8,88.8,76,6.006,6.005,37.093,933,200.3,9.6,190.655,2014-01-19 10:08,,
2014-01-19 11:36,Extruder 1,14-A-42,90310-000065100004,7050 0% 065T 1000W BK N/T,17651,1580,1250,500,2014-01-19 11:36,178.1,187.9,183.2,183.2,193,192.8,186.9,180.1,190.8,180,179.4,202.5,199.9,200,199.7,202.7,180,180,179.9,44.8,88.1,76.1,6.252,6.265,38.107,885,200.5,9.9,182.448,2014-01-19 10:08,,
2014-01-19 10:56,Extruder 1,14-A-42,90310-000065100004,7050 0% 065T 1000W BK N/T,17651,1580,1250,250,2014-01-19 10:56,178.1,188.6,183.1,181.8,193,193.5,184.8,180.5,191,180,180.5,203.5,202.1,201.5,202.1,203.4,180.4,180,180,44.6,88.3,75.8,6.201,6.177,37.836,907,198.3,10.7,190.37,2014-01-19 10:08,,
2014-01-19 9:15,Extruder 1,14-A-41,90310-000065100004,7050 0% 065T 1000W BK N/T,17651,1580,1250,1000,2014-01-19 9:15,178,187.9,183.2,183.4,193,193,187.3,180.2,189.9,180.1,180,203.1,200,200.2,200,203,180,180,180,45.2,90,76.4,6.5,6.49,39.185,1056,201.2,11.2,199.502,2014-01-19 4:32,,
2014-01-19 8:00,Extruder 1,14-A-41,90310-000065100004,7050 0% 065T 1000W BK N/T,17651,1580,1250,500,2014-01-19 8:00,178.2,188.5,183.2,183.4,193.2,193.3,188.4,180.1,190.2,180,181.3,203,200.1,200.1,200.2,203.1,180.7,180,180,44.4,87.4,74.9,6.5,6.504,39.351,1060,202.3,11.1,195.493,2014-01-19 4:32,,
2014-01-19 7:22,Extruder 1,14-A-41,90310-000065100004,7050 0% 065T 1000W BK N/T,17651,1580,1250,250,2014-01-19 7:22,178.1,188,183.1,182,192.9,193.3,187.1,180.5,191,180.2,181.1,203,200.6,200.2,200.4,202.9,180.8,180.1,180,43.6,87.1,74.7,6.498,6.484,39.052,1000,201.2,10.9,194.853,2014-01-19 4:32,,
2014-01-19 5:20,Extruder 1,14-A-41,90310-000065100004,7050 0% 065T 1000W BK N/T,17651,1580,1250,250,2014-01-19 5:20,178,188.2,183.2,181.2,192.9,193.3,187.3,180.1,190.1,180,180.2,203.5,201,200.8,200.9,203.5,180.4,180,180.1,44.3,87.4,75.1,6.502,6.51,39.1,946,200.9,10.3,186.361,2014-01-19 4:32,,
2014-01-19 4:27,Extruder 1,14-A-40,90310-000065100004,7050 0% 065T 1000W BK N/T,17651,1580,1250,1000,2014-01-19 4:27,177.8,187.6,183,183.3,193.1,193.3,188,180.4,190.3,180.3,180.4,203.2,200.2,200.2,200.1,203.2,180.5,180.1,180,44.4,87.9,75.5,6.5,6.512,38.991,983,201.6,10.2,185.199,2014-01-19 1:35,,
2014-01-19 3:11,Extruder 1,14-A-40,90310-000065100004,7050 0% 065T 1000W BK N/T,17651,1580,1250,500,2014-01-19 3:11,178,187.6,183.1,183.3,192.9,192.9,188.3,180,190.1,180,179.7,202.9,199.9,199.9,200,202.8,180.6,180.1,180,44.7,87.5,75.2,6.502,6.494,38.92,1032,202,10.3,192.481,2014-01-19 1:35,,
2014-01-19 2:33,Extruder 1,14-A-40,90310-000065100004,7050 0% 065T 1000W BK N/T,17651,1580,1250,250,2014-01-19 2:33,177.9,188.5,182.7,183.3,192.8,193,187.8,180,190.3,180,179,203.4,201.2,200.8,201.2,203.3,181.1,180,180,44.7,87.5,75.1,6.498,6.51,38.74,1037,201.7,10.4,203.748,2014-01-19 1:35,,
2014-01-19 1:39,Extruder 1,14-A-39,90310-000065100004,7050 0% 065T 1000W BK N/T,17651,1580,1250,1000,2014-01-19 1:39,178,187.9,183.1,183,192.8,193.1,188,180,189.9,180,179.4,203.1,199.9,199.8,200,203,180.2,180.1,179.9,44.6,87.5,75.2,6.5,6.517,38.579,1016,201.8,10.8,194.497,2014-01-18 22:00,,
2014-01-19 0:23,Extruder 1,14-A-39,90310-000065100004,7050 0% 065T 1000W BK N/T,17651,1580,1250,500,2014-01-19 0:23,178.2,188.1,182.9,182.9,193,193.3,188,180,190.7,180.3,180.1,203.2,200.2,200.2,200.1,203.1,180.9,180,180,43.8,86.9,74.5,6.5,6.492,38.478,1012,202.2,10.2,198.98,2014-01-18 22:00,,
2014-01-18 23:45,Extruder 1,14-A-39,90310-000065100004,7050 0% 065T 1000W BK N/T,17651,1580,1250,250,2014-01-18 23:45,178.2,187.9,183.3,181.8,193.2,193.4,185.7,180.5,190.8,179.8,179.7,202.4,200,200.2,200.1,202.5,180.1,180,179.8,42.2,85.8,72,6.5,6.497,38.444,986,200.2,10,192.007,2014-01-18 22:00,,
2014-01-18 20:35,Extruder 1,14-A-38,90310-000065100004,7050 0% 065T 1000W BK N/T,17651,1580,1250,500,2014-01-18 20:35,178,188,182.9,183.4,193,192.6,185.8,180,190,180,180.7,202.9,199.9,199.9,199.8,203,180,180,180,43.1,86.8,71.9,6,6,37.364,924,199.8,9.6,182.59,2014-01-18 18:53,,
2014-01-18 19:54,Extruder 1,14-A-38,90310-000065100004,7050 0% 065T 1000W BK N/T,17651,1580,1250,250,2014-01-18 19:54,177.9,188,182.9,180.5,193,193.1,185.5,179.9,190,180,180.7,203.2,200.5,200.2,200.4,203,180.1,180,180.1,43.6,87,72.1,6,6.015,37.262,919,199.5,9.8,186.433,2014-01-18 18:53,,
2014-01-18 18:43,Extruder 1,14-A-37,90310-000065100004,7050 0% 065T 1000W BK N/T,17651,1546,1250,1000,2014-01-18 18:43,178,187.8,183,182.4,193.1,193.3,187.1,180.2,190.1,180,179.5,203.2,200.3,200.3,200.2,203.1,180.2,180,180,45.1,89.5,76.6,6.101,6.094,37.055,930,200.8,11.2,182.97,2014-01-18 8:44,,
2014-01-18 16:39,Extruder 1,14-A-37,90310-000065100004,7050 0% 065T 1000W BK N/T,17651,1546,1250,500,2014-01-18 16:39,178.1,188.3,183.1,183.7,192.9,192.1,187.2,179.7,190.1,180,180,202.2,199.5,200.3,199.8,202.6,180.2,179.8,179.8,45.3,90,76.6,6.201,6.212,37.424,955,200.3,10.9,189.374,2014-01-18 8:44,,
2014-01-18 15:59,Extruder 1,14-A-37,90310-000065100004,7050 0% 065T 1000W BK N/T,17651,1546,1250,250,2014-01-18 15:59,177.9,187.8,183.4,183,193.2,196.2,186.8,180.5,190.7,180,180.1,204.7,204.8,204,204.1,204.7,181.9,180,180.2,44.9,90,76.6,6.097,6.09,37.062,790,201.6,11.2,177.894,2014-01-18 8:44,,
2014-01-18 14:17,Extruder 1,14-A-37,90310-000065100004,7050 0% 065T 1000W BK N/T,17651,1580,1250,500,2014-01-18 14:17,177.7,187.1,183.5,182.3,193,196.9,190.2,179,192.3,179.8,181.5,202.1,202.7,203.6,202.8,202.4,183.9,179.9,179.6,45.4,84.6,80.5,8.2,8.205,50.132,934,204.7,10.4,197.011,2014-01-18 8:44,,
2014-01-18 13:47,Extruder 1,14-A-37,90310-000065100004,7050 0% 065T 1000W BK N/T,17651,1580,1250,250,2014-01-18 13:47,178.6,187.8,183.2,181.4,193.2,196,187.8,182.3,194.1,180.7,184.2,206.3,206.9,204.7,205.9,205.9,182.8,180.1,179.6,45.4,84.5,80.3,7.998,8.005,50.096,955,202.6,10.2,200.261,2014-01-18 8:44,,
2013-12-07 23:10,Extruder 1,13-B-2294,90310-000065080004,7050 0% 065T 800W BK N/T,16877,1546,1250,500,2013-12-07 23:10,73.3,84.6,127.9,162.3,162.4,172.6,175.1,175,174.9,174.9,175,175.4,175.8,175.3,176.1,185.3,175.7,174.9,175,30.1,38.9,12.7,20.501,20.502,16.109,1233,181.3,10.7,230.74,2013-12-07 22:44,,
2013-12-07 22:58,Extruder 1,13-B-2294,90310-000065080004,7050 0% 065T 800W BK N/T,16877,1546,1250,250,2013-12-07 22:58,71.1,81.9,127.7,161.6,162.3,172.5,175.1,174.7,175.1,174.8,172.5,175.1,175.3,175.2,176.4,186.4,176.4,175.1,175.1,30.7,38.7,12.8,19.998,19.997,16.1,1236,181.1,9.9,231.855,2013-12-07 22:44,,
2013-12-07 22:11,Extruder 1,13-B-2502,90310-000065080004,7050 0% 065T 800W BK N/T,16877,1546,1250,2000,2013-12-07 22:11,75.4,88.3,128,162.9,163,173,174.9,175,175,175.1,175.1,175,175.1,174.9,175.1,175,175.1,175.1,175.1,30.9,39.1,12.6,20.007,20,16.055,1228,181.4,10.2,231.262,2013-12-07 20:38,,
2013-12-07 21:22,Extruder 1,13-B-2502,90310-000065080004,7050 0% 065T 800W BK N/T,16877,1546,1250,1000,2013-12-07 21:22,75.4,87.2,127.8,162.7,162.7,173,175.1,175.1,174.9,175,174.8,175.1,175.3,175.1,175.4,175.3,175.1,174.9,174.9,30.5,38.7,12.7,20.002,20.005,16.064,1226,181.5,10.1,237.12,2013-12-07 20:38,,
2013-12-07 20:57,Extruder 1,13-B-2502,90310-000065080004,7050 0% 065T 800W BK N/T,16877,1546,1250,500,2013-12-07 20:57,75.1,85.4,127.8,161.7,162.3,172.5,175.3,175,174.7,175,175.5,174.4,175.1,175.5,175.2,174.8,175.7,175,175.1,30.1,38.9,12.7,19.988,19.997,16.112,1220,181.4,10.1,236.48,2013-12-07 20:38,,
2013-12-07 20:45,Extruder 1,13-B-2502,90310-000065080004,7050 0% 065T 800W BK N/T,16877,1546,1250,250,2013-12-07 20:45,73.4,83.2,127.4,160.6,161.9,172.1,175.1,174.4,174.8,174.8,173.1,175.1,174.9,175.1,174.6,174.6,176.4,175,175,30,38.9,12.5,20.009,20.007,16.046,1214,181,10,245.47,2013-12-07 20:38,,
2013-12-07 20:05,Extruder 1,13-B-2509,90310-000065080004,7050 0% 065T 800W BK N/T,16877,1546,1250,2000,2013-12-07 20:05,74.6,86,128,162.7,162.6,172.8,175.3,175.1,175.1,175.2,175.6,175.2,175.2,175.3,175.4,175.2,175.5,175,175.1,30.1,39,12.6,20,20.091,16.084,1279,181.5,10.3,229.957,2013-12-07 17:40,,
2013-12-07 18:55,Extruder 1,13-B-2509,90310-000065080004,7050 0% 065T 800W BK N/T,16877,1580,1250,1000,2013-12-07 18:55,73.9,86.8,128,163,162.7,172.8,174.7,175,175,175,175.1,175,174.8,174.9,174.9,175,175,175,175,30.5,42.6,13,18.188,18.292,15.246,1145,180.9,10.3,225.617,2013-12-07 17:40,,
2013-12-07 18:29,Extruder 1,13-B-2509,90310-000065080004,7050 0% 065T 800W BK N/T,16877,1580,1250,500,2013-12-07 18:29,73.9,85.5,127.8,162.1,162.3,172.5,175.1,175.2,175.2,175.1,175.4,175.4,175,175,175.3,175.6,175.1,175,175,31,42.7,13.1,18.199,18.308,15.467,1153,181.3,10,231.072,2013-12-07 17:40,,
2013-12-07 18:15,Extruder 1,13-B-2509,90310-000065080004,7050 0% 065T 800W BK N/T,16877,1580,1250,250,2013-12-07 18:15,71.9,83.7,127.4,159.6,161.9,172,175.1,175,175.2,175.1,174.6,175.2,175.4,175.2,175.1,174.9,175.5,175,174.9,30.7,42.7,13.2,18.215,18.292,15.672,1157,181,10.4,233.729,2013-12-07 17:40,,
2013-12-07 17:14,Extruder 1,13-B-2505,90310-000065080004,7050 0% 065T 800W BK N/T,16880,1580,1250,2000,2013-12-07 17:14,67.5,86.2,128,163,163.1,173.1,175.1,174.9,174.9,175,175.1,174.9,175.2,175.1,174.9,174.9,175.1,175.1,175.1,30.1,42.6,13.1,18.088,18.285,15.064,1120,181.3,10.5,229.625,2013-12-07 15:23,,
2013-12-07 16:20,Extruder 1,13-B-2505,90310-000065080004,7050 0% 065T 800W BK N/T,16880,1580,1250,1000,2013-12-07 16:20,73.2,86.4,128,162.8,162.7,172.8,175.1,175.1,175.1,175.1,174.8,175,174.9,175.1,175.2,175.2,175.1,175,175.1,30.1,42.6,13.3,18.1,18.285,15.105,1137,181.2,10.7,222.32,2013-12-07 15:23,,
2013-12-07 15:53,Extruder 1,13-B-2505,90310-000065080004,7050 0% 065T 800W BK N/T,16880,1580,1250,500,2013-12-07 15:53,74.4,84.8,127.8,162.1,162.2,172.5,175,175,174.8,175.1,175.8,174.9,174.9,174.9,175,175,175.8,175,174.9,30.8,42.5,13.3,18.111,18.305,15.082,1133,180.9,10.7,226.803,2013-12-07 15:23,,
2013-12-07 15:40,Extruder 1,13-B-2505,90310-000065080004,7050 0% 065T 800W BK N/T,16880,1580,1250,250,2013-12-07 15:40,71.9,83,127.6,160.8,162.1,172.2,174.5,175,175.1,175,174,175.2,175.2,175,174.8,174.8,176.6,175,174.9,30,42.5,13.8,6.142,17.392,15.03,1147,180.3,11.2,236.622,2013-12-07 15:23,,
2013-12-07 14:38,Extruder 1,13-B-2507,90310-000065080004,7050 0% 065T 800W BK N/T,16880,1580,1250,2000,2013-12-07 14:38,74.1,86.7,128,163,162.9,173,175.1,174.8,175.1,175,174.9,175.1,175.2,174.8,174.8,175.1,175,174.9,174.9,30.5,42.5,13.2,17.993,18.22,14.831,1150,181.2,10.6,227.585,2013-12-07 12:02,,
2013-12-07 13:44,Extruder 1,13-B-2507,90310-000065080004,7050 0% 065T 800W BK N/T,16880,1580,1250,1000,2013-12-07 13:44,72.1,85.9,128.1,162.5,162.7,172.8,175.2,175.1,174.9,175.1,174.8,175.1,175.1,175.2,175.1,175,175.1,175.1,175,30.7,42.6,13.3,18.008,18.224,14.911,1143,181.3,10,225.213,2013-12-07 12:02,,
2013-12-07 13:18,Extruder 1,13-B-2507,90310-000065080004,7050 0% 065T 800W BK N/T,16880,1580,1250,500,2013-12-07 13:18,72.4,83.7,127.8,162,162.4,172.5,175.1,174.9,174.8,175.1,175,174.9,174.6,175.2,175.4,175.3,175.3,175,175.1,30.2,42.6,13.3,18.013,18.217,14.797,1144,181,10.2,230.005,2013-12-07 12:02,,
2013-12-07 13:04,Extruder 1,13-B-2507,90310-000065080004,7050 0% 065T 800W BK N/T,16880,1580,1250,250,2013-12-07 13:04,71,81.6,127.5,161,162,172.2,175,174.9,175,175.1,174.1,175,174.5,175.1,175.3,175.3,175.8,175.1,174.9,30.4,42.6,13.2,17.998,18.186,14.866,1136,180.6,10.2,232.211,2013-12-07 12:02,,
2013-12-07 11:27,Extruder 1,13-B-2506,90310-000065080004,7050 0% 065T 800W BK N/T,16880,1580,1250,2000,2013-12-07 11:27,73.1,85.4,128,163,163,173.1,174.9,174.9,175.1,175,174.8,174.9,175.1,175,174.9,175,175,175,175.1,30.6,42.5,13.4,18.52,18.616,13.893,1080,181.1,10.3,225.972,2013-12-07 9:20,,
2013-12-07 10:34,Extruder 1,13-B-2506,90310-000065080004,7050 0% 065T 800W BK N/T,16880,1580,1250,1000,2013-12-07 10:34,73.7,84,128,162.8,162.8,172.9,174.7,174.8,174.7,175.1,174.5,175,174.7,175,175.4,175.4,175.1,174.9,175,30.1,42.4,13.5,18.292,18.423,14.752,1122,180.9,10.5,233.397,2013-12-07 9:20,,
2013-12-07 10:07,Extruder 1,13-B-2506,90310-000065080004,7050 0% 065T 800W BK N/T,16880,1580,1250,500,2013-12-07 10:07,74.3,82.7,128,162.5,162.5,172.9,175.1,174.6,174.8,175.1,175.7,174.8,175.3,175,174.6,174.5,175.7,174.9,175,30.5,42.5,13.5,18.121,18.21,14.743,1126,180.9,10,230.977,2013-12-07 9:20,,
2013-12-07 9:54,Extruder 1,13-B-2506,90310-000065080004,7050 0% 065T 800W BK N/T,16880,1580,1250,250,2013-12-07 9:54,71.9,79.5,127.8,161.5,162.3,172.7,174.8,174.6,175.1,174.7,172.4,175.3,174.9,174.9,174.9,175.4,175.9,174.9,174.9,30.1,42.6,13.8,18.026,18.141,15.066,1141,180.4,11.2,235.911,2013-12-07 9:20,,
2013-12-07 8:48,Extruder 1,13-B-2506,90310-000065080004,7050 0% 065T 800W BK N/T,16880,1580,1250,2000,2013-12-07 8:48,74.8,86.3,128.1,163,163,172.9,174.8,174.7,175,175.1,175.1,175,175.1,174.9,175.1,175.1,175.1,175.1,174.9,30.8,42.5,13.5,18.061,18.134,15.558,1153,181,10.7,233.207,2013-12-07 6:50,,
2013-12-07 7:53,Extruder 1,13-B-2506,90310-000065080004,7050 0% 065T 800W BK N/T,16880,1580,1250,1000,2013-12-07 7:53,73.7,84.5,127.8,162.8,162.8,172.8,175.2,175.3,175.1,175.2,175,175.1,174.9,175.1,175.1,175.1,175.2,175.1,175,31,42.5,13.4,17.592,17.717,15.109,1142,181.3,10.4,233.017,2013-12-07 6:50,,
2013-12-07 7:26,Extruder 1,13-B-2506,90310-000065080004,7050 0% 065T 800W BK N/T,16880,1580,1250,500,2013-12-07 7:26,72.8,80.4,128.2,162.4,162.5,172.8,174.8,174.8,174.9,175.1,175.1,175.1,174.8,175,175,175,175.5,174.9,174.9,30.2,42.5,13.5,18.488,18.568,15.909,1164,180.7,10.2,236.006,2013-12-07 6:50,,
2013-12-07 7:11,Extruder 1,13-B-2506,90310-000065080004,7050 0% 065T 800W BK N/T,16880,1580,1250,250,2013-12-07 7:11,71.7,79,127.2,161.7,162.5,172.4,175,173.7,174.8,174.9,173.7,175.2,175.2,175.1,175.1,175.2,176.1,175,175.1,31,42.5,13.5,16.004,16.093,13.269,1051,180.6,10.1,229.246,2013-12-07 6:50,,
2013-12-07 6:17,Extruder 1,13-B-2503,90310-000065080004,7050 0% 065T 800W BK N/T,16880,1546,1250,2000,2013-12-07 6:17,70.8,82.8,128,163,163,172.9,175,175.4,174.9,175.1,174.8,175.4,175.3,174.9,175,175.1,175.8,175.1,175.3,30.7,42.5,13.5,15.992,16.073,13.059,1041,181,9.7,225.498,2013-12-06 22:53,,
2013-12-07 5:15,Extruder 1,13-B-2503,90310-000065080004,7050 0% 065T 800W BK N/T,16880,1546,1250,1000,2013-12-07 5:15,71.5,83.2,127.9,162.9,162.9,172.9,174.2,175.1,174.8,174.9,174.7,174.9,174.6,174.8,174.6,174.8,175,175,175.1,30.8,42.4,13.7,15.609,15.731,13.139,1051,180.4,9.6,223.838,2013-12-06 22:53,,
2013-12-07 4:43,Extruder 1,13-B-2503,90310-000065080004,7050 0% 065T 800W BK N/T,16880,1546,1250,500,2013-12-07 4:43,74.9,85.9,127.9,162.2,162.4,172.5,175.1,174.8,175.1,175.1,174.8,175,174.3,175.1,174.8,175.2,175.2,175.1,175,30.3,42.5,13.7,20.149,20.179,15.856,1158,181.3,10.4,230.527,2013-12-06 22:53,,
2013-12-07 4:31,Extruder 1,13-B-2503,90310-000065080004,7050 0% 065T 800W BK N/T,16880,1546,1250,250,2013-12-07 4:31,72.1,83.5,127.8,161.7,162.2,172.4,174.9,174.8,175.2,175,174.9,174.4,173.9,174.5,174.4,175.1,175.2,174.9,174.8,31,42.5,13.5,20.202,20.212,17.649,1224,181.3,10.1,240.346,2013-12-06 22:53,,
2013-12-07 0:06,Extruder 1,13-B-2503,90310-000065080004,7050 0% 065T 800W BK N/T,16880,1546,1250,2000,2013-12-07 0:06,117.9,131.8,139.2,145.6,149,193.4,166.8,160.1,161.2,159.9,165.7,171.2,182.6,189.3,183.1,171.2,182,166.1,166.1,17.7,44.3,40.7,15,15.003,50.128,1735,183,16.3,234.179,2013-12-06 22:53,,
2013-12-06 22:51,Extruder 1,13-A-807,90310-000065080004,7050 0% 065T 800W BK N/T,16880,1546,1250,1000,2013-12-06 22:51,116.6,132.5,138.7,144.2,149.4,153.4,158.1,160.8,160.5,159.7,165.1,171.6,172.4,172.9,172.7,171.8,166.8,166,166,38.3,42.8,40.2,9.999,10.113,29.125,1752,167.5,11.1,314.374,2013-12-06 16:45,,
2013-12-06 17:59,Extruder 1,13-A-807,90310-000065080004,7050 0% 065T 800W BK N/T,16880,1580,1250,500,2013-12-06 17:59,177.7,188,182.9,183.3,192.7,192.8,180,180,180,180.1,179.7,215.2,200.5,200.1,201.2,215.2,183.6,180,180.1,47.6,83.8,75.5,8.007,7.968,34.56,1116,192.8,12.2,185.65,2013-12-06 16:45,,
2013-12-06 17:28,Extruder 1,13-A-807,90310-000065080004,7050 0% 065T 800W BK N/T,16880,1580,1250,250,2013-12-06 17:28,177.2,188.1,182.8,183.4,192.5,192.8,180.2,179.7,179.9,180,180.3,215.1,200.4,200,200.7,215.1,183.5,180,180,46.9,84.1,75.4,8.1,8.073,34.531,1151,192.6,9.9,181.95,2013-12-06 16:45,,
2013-12-06 16:45,Extruder 1,13-A-806,90310-000065080004,7050 0% 065T 800W BK N/T,16880,1580,1250,1000,2013-12-06 16:45,178,188.7,183.1,182.7,193,193.2,180.1,180.3,179.9,180,180.1,215,201.7,200.1,202.2,214.9,185,180,180,47.5,84.1,75.7,7.998,7.95,37.984,1128,193.7,10.2,191.603,2013-12-06 14:31,,
2013-12-06 15:43,Extruder 1,13-A-806,90310-000065080004,7050 0% 065T 800W BK N/T,16880,1580,1250,500,2013-12-06 15:43,178.1,190,183.1,183.5,193.3,193.4,180.3,180,180.1,180,179.6,215.1,201.7,200.1,202.3,214.9,184.9,180,180,47.3,84.4,75.7,8.001,7.97,37.973,1128,193.9,10.3,190.726,2013-12-06 14:31,,
2013-12-06 15:12,Extruder 1,13-A-806,90310-000065080004,7050 0% 065T 800W BK N/T,16880,1580,1250,250,2013-12-06 15:12,178.1,188,182.9,183.4,192.8,193.3,180.3,180.3,180,180.1,180.3,215.1,200.7,200.4,201.4,215.4,184.4,180,180,46.8,84.3,75.5,8.001,7.972,36.533,1155,193.5,10.1,190.631,2013-12-06 14:31,,
2013-12-06 14:25,Extruder 1,13-A-805,90310-000065080004,7050 0% 065T 800W BK N/T,16880,1580,1250,1000,2013-12-06 14:25,177.9,184.7,182.6,183.5,192.9,193.2,180.3,180.3,180,180,179.8,214.8,201.9,200,202.6,215,185.7,180,179.9,47.7,84.2,75.7,8.005,7.962,38.367,1161,194,10.4,193.05,2013-12-06 12:02,,
2013-12-06 13:23,Extruder 1,13-A-805,90310-000065080004,7050 0% 065T 800W BK N/T,16880,1580,1250,500,2013-12-06 13:23,178,187.8,183.1,183.7,193,193.2,180.4,180,180.2,180,180,215.1,202,200.3,202.5,215.3,185.2,180,180,47.1,83.8,75.2,7.998,7.984,38.362,1144,194.2,10.2,191.319,2013-12-06 12:02,,
2013-12-06 12:52,Extruder 1,13-A-805,90310-000065080004,7050 0% 065T 800W BK N/T,16880,1580,1250,250,2013-12-06 12:52,177.8,187.6,182.8,181.8,192.8,192.9,180.3,180.2,180,180.1,180,215.1,201.4,200.2,201.8,215.2,184.5,180,180,47.3,83.3,75.3,7.998,7.998,37.788,1157,193.7,9.9,193.287,2013-12-06 12:02,,
2013-12-06 12:04,Extruder 1,13-A-804,90310-000065080004,7050 0% 065T 800W BK N/T,16880,1580,1250,1000,2013-12-06 12:04,178,188,183.1,181.7,193.1,193,180.2,179.8,180,180,179.9,215,201.9,200.4,202.6,215.1,185.5,180,180,47.2,83.4,75.4,7.998,7.962,38.21,1145,193.9,10.2,195.659,2013-12-06 9:56,,
2013-12-06 11:03,Extruder 1,13-A-804,90310-000065080004,7050 0% 065T 800W BK N/T,16880,1580,1250,500,2013-12-06 11:03,178.5,187.9,183,179,192.7,193.1,180,180.2,180.1,180,180,215.1,200.6,200.4,201.2,215,183.9,180.2,180,47.2,83,75.1,7.998,7.968,37.777,1134,193.1,11.8,193.999,2013-12-06 9:56,,
2013-12-06 10:32,Extruder 1,13-A-804,90310-000065080004,7050 0% 065T 800W BK N/T,16880,1580,1250,250,2013-12-06 10:32,177.4,188.2,183.2,181.8,192.4,193,179.9,180.3,179.9,180,180.6,215,200.5,200.1,200.7,215.2,183.8,180,180,47.1,82.8,75,7.998,7.978,34.399,1189,192.7,11.4,187.263,2013-12-06 9:56,,
2013-12-06 9:48,Extruder 1,13-A-803,90310-000065080004,7050 0% 065T 800W BK N/T,16880,1580,1250,1000,2013-12-06 9:48,178.3,188.3,183.1,183.8,193,193.2,180.2,179.5,180,179.9,180,215.2,201.6,200.4,202,215,185.5,180,180,47.8,83.3,75.5,8.007,7.978,36.132,1120,193.6,10.1,187.429,2013-12-06 7:25,,
2013-12-06 8:47,Extruder 1,13-A-803,90310-000065080004,7050 0% 065T 800W BK N/T,16880,1580,1250,500,2013-12-06 8:47,178,187.8,182.9,183.9,193,193.1,180.1,180.2,180,180,180,215,201.4,200.2,201.6,215,184.9,180,180,47.4,83.4,75.1,8.1,8.06,34.779,1224,193.4,10.5,194.995,2013-12-06 7:25,,
2013-12-06 8:16,Extruder 1,13-A-803,90310-000065080004,7050 0% 065T 800W BK N/T,16880,1580,1250,250,2013-12-06 8:16,177.7,188.1,183.1,183.6,192.5,193.3,180.4,180.4,180.2,180,179.8,215.3,201.4,200.7,201.3,215,184.1,180,180,47.2,83,75.4,8.001,7.99,34.793,1219,193.6,9.9,190.607,2013-12-06 7:25,,
2013-12-06 7:24,Extruder 1,13-A-802,90310-000065080004,7050 0% 065T 800W BK N/T,16880,1580,1250,1000,2013-12-06 7:24,178.1,187.9,182.9,183.1,192.8,192.5,180,180.4,180,179.9,180,215.1,200.4,199.9,200.8,215.2,184.1,180,179.9,47.3,79.5,69.1,7.998,7.972,34.399,1161,193,10.1,186.788,2013-12-06 5:15,,
2013-12-06 6:22,Extruder 1,13-A-802,90310-000065080004,7050 0% 065T 800W BK N/T,16880,1413,1250,500,2013-12-06 6:22,178,188,183,183.5,192.9,193.2,180.2,180.5,180.2,180.1,180.2,215.4,201.3,200.4,201.2,215.4,184.2,180,180,46.7,79.8,68.9,8.003,7.962,34.257,1185,193.3,9.6,185.555,2013-12-06 5:15,,
2013-12-06 5:51,Extruder 1,13-A-802,90310-000065080004,7050 0% 065T 800W BK N/T,16880,1413,1250,250,2013-12-06 5:51,177.4,187.9,182.9,183.2,192.5,192.6,180,180.3,180,180.1,180.4,216.1,201.1,200.7,200.8,215.5,183.7,180,180.2,46.9,79.6,69.2,8.003,7.968,34.28,1179,192.8,11.5,183.847,2013-12-06 5:15,,
2013-12-06 5:15,Extruder 1,13-A-801,90310-000065080004,7050 0% 065T 800W BK N/T,16880,1413,1250,1000,2013-12-06 5:15,174.5,186.3,180.9,181.1,191.1,191.7,179.9,179.2,179.8,179.8,180.3,214.7,199.4,198.7,199,215.2,184.4,179.8,180.2,46.5,78,68.6,7.502,7.43,30.21,1242,191.7,10.4,173.909,2013-12-06 2:51,,
2013-12-06 4:08,Extruder 1,13-A-801,90310-000065080004,7050 0% 065T 800W BK N/T,16880,1413,1250,500,2013-12-06 4:08,178,188.2,183.2,183.2,193,194,180.1,180.3,180.1,180,180,214.7,200.5,200.2,200.9,214.8,183.6,180.1,180,47.2,79.3,69.4,8.001,7.994,34.364,1180,193.3,11.1,187.974,2013-12-06 2:51,,
2013-12-06 3:37,Extruder 1,13-A-801,90310-000065080004,7050 0% 065T 800W BK N/T,16880,1413,1250,250,2013-12-06 3:37,177.6,188.2,183.2,183.7,193,193.4,181,180.5,180.7,180.1,180.3,215.7,202.6,201.9,202.4,215.6,181.9,180,180,47.7,79.9,69.3,7.802,7.765,33.503,1158,193.3,10.2,183.918,2013-12-06 2:51,,
2013-12-06 2:23,Extruder 1,13-A-800,90310-000065080004,7050 0% 065T 800W BK N/T,16880,1413,1250,1000,2013-12-06 2:23,178,188,182.9,183.3,192.9,193,180,180,180,180,180,215,200,199.9,199.8,214.8,185.2,180,179.8,46.7,80.1,69.2,8.998,8.953,34.292,1162,192.9,10.2,190.157,2013-12-06 0:09,,
2013-12-06 1:21,Extruder 1,13-A-800,90310-000065080004,7050 0% 065T 800W BK N/T,16880,1413,1250,500,2013-12-06 1:21,177.9,188.1,183.1,182.7,193,192.9,180,179.7,180.1,180,179.8,215.1,200.3,200.2,200.2,215.2,184.5,180,180.2,46.9,79.7,69.2,8.003,7.962,34.271,1157,192.9,10.1,187.049,2013-12-06 0:09,,
2013-12-06 0:50,Extruder 1,13-A-800,90310-000065080004,7050 0% 065T 800W BK N/T,16880,1413,1250,250,2013-12-06 0:50,177.6,188.1,183,183.3,192.6,193.1,180.4,180,179.9,180.1,180.2,215.4,200.6,200.5,200.7,215.2,184,180,180.1,48.8,81.6,71.2,7.8,7.773,33.531,1160,192.8,13,190.251,2013-12-06 0:09,,
2013-12-06 0:15,Extruder 1,13-A-799,90310-000065080004,7050 0% 065T 800W BK N/T,16880,1413,1250,1000,2013-12-06 0:15,174.8,186.2,181.1,181.6,190.8,191.8,179.7,179,179.9,180,180.1,214.8,199.3,199,199.1,215.1,184,180,180.1,48,80.5,71,7.001,6.973,30.121,1157,191.5,10.4,186.456,2013-12-05 21:50,,
2013-12-05 23:06,Extruder 1,13-A-799,90310-000065080004,7050 0% 065T 800W BK N/T,16880,1413,1250,500,2013-12-05 23:06,177.9,188,183,183.6,192.7,192.9,180.1,179.7,180.1,180,179.8,214.9,200.2,200,200.3,214.9,185.3,180,179.9,49.1,83.4,71.9,7.6,7.592,32.674,1208,193,10.2,191.793,2013-12-05 21:50,,
2013-12-05 22:33,Extruder 1,13-A-799,90310-000065080004,7050 0% 065T 800W BK N/T,16880,1413,1250,250,2013-12-05 22:33,177.5,188,182.8,182.8,192.5,192.9,180.1,179.7,179.9,180,180.2,215.2,200.5,200.5,200.7,215.2,184.8,180,180.1,51.8,83.7,72.3,7.498,7.478,32.36,1201,192.8,13.2,191.39,2013-12-05 21:50,,
2013-12-05 21:57,Extruder 1,13-A-799,90310-000065080004,7050 0% 065T 800W BK N/T,16880,1413,1250,1000,2013-12-05 21:57,174.7,186.2,181,180.9,190.9,192.3,180,179.2,180,180,180.1,214.8,199.5,199.2,199.5,215.1,184.5,180,179.8,56.8,82.8,73.8,7.001,6.971,29.95,1201,192.2,10.1,193.074,2013-12-05 21:50,,
2013-12-05 20:47,Extruder 1,13-A-798,90310-000065080004,7050 0% 065T 800W BK N/T,16880,1413,1250,500,2013-12-05 20:47,178,188.1,182.9,183.6,192.9,193.5,180,179.7,180,180,180,214.9,200.2,200.2,200.3,215,183.9,179.9,180,56.7,83.4,74.2,7.507,7.471,32.551,1144,192.4,12.1,187.049,2013-12-05 19:29,,
2013-12-05 20:13,Extruder 1,13-A-798,90310-000065080004,7050 0% 065T 800W BK N/T,16880,1413,1250,250,2013-12-05 20:13,177.5,188,182.7,182.9,192.4,192.7,180.3,179.9,179.8,180,180.1,215.2,200.5,200.2,200.2,215.2,183.6,180,180,56.8,83.6,73.9,7.001,6.969,30.191,1111,192.4,10,183.705,2013-12-05 19:29,,
2013-12-05 19:35,Extruder 1,13-A-798,90310-000065080004,7050 0% 065T 800W BK N/T,16880,1413,1250,1000,2013-12-05 19:35,174.6,186.2,180.8,179.4,191.1,192.5,180,179.3,180,180,180.3,214.6,199.2,199,199.2,215.2,184,180,180.1,56,81.9,73.7,7.1,7.089,29.977,1188,191.8,10,186.124,2013-12-05 17:18,,
2013-12-05 18:25,Extruder 1,13-A-797,90310-000065080004,7050 0% 065T 800W BK N/T,16880,1731,1250,500,2013-12-05 18:25,178.1,187.9,183,182.7,192.9,193.2,180.1,179.8,180.2,180.1,180,215.1,200.2,200.2,200.3,215.1,184.2,180.1,180,57.1,83.4,75.8,7.493,7.501,32.474,1164,192.7,10,190.56,2013-12-05 17:18,,
2013-12-05 17:52,Extruder 1,13-A-797,90310-000065080004,7050 0% 065T 800W BK N/T,16880,1731,1250,250,2013-12-05 17:52,177.6,187.9,182.9,183,192.6,192.7,180.1,180,180.1,180,180.3,215.5,200.9,200.8,201,215.4,183.4,180,180.1,57.2,83.4,75.9,7.498,7.498,32.449,1161,192.5,11.9,189.658,2013-12-05 17:18,,
2013-12-05 17:15,Extruder 1,13-A-796,90310-000065080004,7050 0% 065T 800W BK N/T,16880,1731,1250,1000,2013-12-05 17:15,175.1,186.2,181.2,181.1,191.1,191.7,180,178.6,180,180,180.3,215,199.4,198.6,198.9,215.3,182.9,179.7,179.6,56.2,81.5,75.2,7.994,8,32.442,1294,191.3,12.1,185.65,2013-12-05 14:23,,
2013-12-05 16:01,Extruder 1,13-A-796,90310-000065080004,7050 0% 065T 800W BK N/T,16880,1731,1250,500,2013-12-05 16:01,177.9,187.9,182.9,182.9,193,192.6,179.8,180,180,179.8,180.3,214.6,199.9,199.8,200.7,214.8,183.7,180,179.9,56.6,82.9,75.4,7.297,7.306,31.938,1147,192.5,10.1,187.334,2013-12-05 14:23,,
2013-12-05 15:28,Extruder 1,13-A-796,90310-000065080004,7050 0% 065T 800W BK N/T,16880,1731,1250,250,2013-12-05 15:28,177.7,188,182.9,183.1,192.7,193,180.6,180.2,180.8,180.1,179.9,215.9,202.2,201.5,202.5,215.6,183,180.1,180,56.8,82.7,75.3,7.299,7.291,31.968,1160,193.1,9.8,186.788,2013-12-05 14:23,,
2013-12-05 13:38,Extruder 1,13-A-795,90310-000065080004,7050 0% 065T 800W BK N/T,16880,1731,1250,500,2013-12-05 13:38,178,188,182.8,183.5,193,193.1,180,180.3,180.1,180,180.1,214.8,200.3,200,200.8,214.8,184.7,180,180,56.7,83.1,75.7,7.295,7.301,33.961,1139,192.7,10.2,191.722,2013-12-05 12:18,,
2013-12-05 13:04,Extruder 1,13-A-795,90310-000065080004,7050 0% 065T 800W BK N/T,16880,1731,1250,250,2013-12-05 13:04,177.9,187.8,183,183.2,192.9,193.2,180.3,179.8,180,180,179.9,215.3,200.7,200.4,200.8,215.2,184.3,180,180.1,57,83,75.7,7.297,7.294,33.97,1142,192.8,10,189.611,2013-12-05 12:18,,
2013-12-05 12:22,Extruder 1,13-A-794,90310-000065080004,7050 0% 065T 800W BK N/T,16880,1731,1250,1000,2013-12-05 12:22,175.1,186.6,181.1,180.3,192.1,192.4,179.8,178.7,179.8,180,180,214.8,199.6,198.7,200,215.4,184.4,179.8,179.9,56.1,81.9,79,7.297,7.319,33.979,1329,191.7,10.7,190.204,2013-12-04 21:38,,
2013-12-05 11:09,Extruder 1,13-A-794,90310-000065080004,7050 0% 065T 800W BK N/T,16880,1731,1250,500,2013-12-05 11:09,178.2,187.7,182.9,180.2,193,193.2,180.4,180,180.1,180.1,180,214.7,201.4,199.9,201.7,214.8,184.5,180.1,180,54.4,83.1,75.5,7.297,7.294,34.645,1162,193.3,10.7,198.221,2013-12-04 21:38,,
2013-12-05 10:37,Extruder 1,13-A-794,90310-000065080004,7050 0% 065T 800W BK N/T,16880,1731,1250,250,2013-12-05 10:37,178.2,188.5,183.2,182.8,192.9,193.3,180.3,180.3,180.1,180,180,215.5,203,200.3,203,215.4,183.1,180.1,179.8,55.4,83.2,75.5,8.007,8.01,35.97,1190,192.8,11.1,198.814,2013-12-04 21:38,,
2013-12-04 20:38,Extruder 1,13-A-793,90310-00011700004,7050 0% 117T 1000W BK N/T,16979,1731,1250,500,2013-12-04 20:38,177.8,187.8,182.7,183.6,193,197.6,183.3,179.7,180.2,180,180,225,206.5,200.4,203.1,215,193,180,180,65.2,87.5,90.4,5,4.994,53.403,988,198.2,12.5,206.025,2013-12-04 18:59,,
2013-12-04 19:48,Extruder 1,13-A-793,90310-00011700004,7050 0% 117T 1000W BK N/T,16979,1731,1250,250,2013-12-04 19:48,177.9,187.9,182.8,183.1,192.9,195.6,182.8,179.7,180,180,179.8,225,205.7,199.9,202.5,215.1,192.1,180,180,64.4,87.1,90.1,5.002,5.006,53.551,922,197.4,10.4,210.223,2013-12-04 18:59,,
2013-12-04 17:59,Extruder 1,13-A-792,90310-00011700004,7050 0% 117T 1000W BK N/T,16979,1731,1250,500,2013-12-04 17:59,177.9,187.4,182.4,182.7,192.9,196,182.6,179.9,179.7,180,180.1,225,206.3,200.4,203,214.8,191.6,180,180,64.4,87.3,90.3,5.002,4.996,53.467,908,197.2,11,199.526,2013-12-04 10:58,,
2013-12-04 17:09,Extruder 1,13-A-792,90310-00011700004,7050 0% 117T 1000W BK N/T,16979,1731,1250,250,2013-12-04 17:09,177.9,188.3,182.6,184.2,193.1,198.4,183.1,180,180.5,180,180.1,224.8,207.1,201.8,204.4,215,190.6,180,180,65,86.9,90,5.002,4.988,53.169,964,197.7,10.2,204.768,2013-12-04 10:58,,
2013-12-04 14:42,Extruder 1,13-A-792,90310-00011700004,7050 0% 117T 1000W BK N/T,16979,1731,1250,1000,2013-12-04 14:42,176.2,187.3,182,182.7,191.8,193.3,181.6,181,181.1,180.4,181,226.3,204.7,203.2,204.6,216.8,184.2,180,180.1,54.4,80.7,74,5.9,5.857,34.993,910,193,11.2,172.438,2013-12-04 10:58,,
2013-12-04 10:21,Extruder 1,13-A-791,90310-000065080004,7050 0% 065T 800W BK N/T,16880,1731,1250,1000,2013-12-04 10:21,177.9,187.9,182.9,183,193,193.3,180,179.8,179.8,180,180,225,203.4,199.8,200.5,214.8,184.4,180,179.9,56.2,83,74.6,7.398,7.399,33.97,1053,192.5,10,156.143,2013-12-04 8:10,,
2013-12-04 9:15,Extruder 1,13-A-791,90310-000065080004,7050 0% 065T 800W BK N/T,16880,1731,1250,500,2013-12-04 9:15,177.7,188.4,182.8,182.9,192.9,192.9,180.2,180,180.1,180,180,225,204.5,199.9,201.5,215.4,185.1,180,180,45.3,83.3,76.9,8.01,8.106,37.802,1094,193.2,10.3,193.335,2013-12-04 8:10,,
2013-12-04 8:45,Extruder 1,13-A-791,90310-000065080004,7050 0% 065T 800W BK N/T,16880,1731,1250,250,2013-12-04 8:45,177.7,187.8,183.2,183.1,192.6,193.4,180.1,180,180,180,180.1,225.1,204.2,200.2,201.2,215.3,185.1,179.9,179.9,56.2,83.4,75,7.998,8.073,37.777,1111,193,10.3,195.043,2013-12-04 8:10,,
2013-12-04 8:09,Extruder 1,13-A-790,90310-000065080004,7050 0% 065T 800W BK N/T,16880,1731,1250,1000,2013-12-04 8:09,175.2,186.6,181.6,180.7,191.4,192.4,180.5,179.2,180.1,180,180,225,204.6,199.8,201.4,215.3,185.5,180,180,56.6,82.7,74.8,7.971,8.103,37.77,1274,192.9,10.8,196.513,2013-12-04 5:50,,
2013-12-04 7:05,Extruder 1,13-A-790,90310-000065080004,7050 0% 065T 800W BK N/T,16880,1546,1250,500,2013-12-04 7:05,177.9,188,183.3,184,192.9,192.9,180.6,179.8,180,180,180,224.8,204.7,200,201.6,214.8,185.8,180,179.8,56.1,83.1,74.9,8.001,8.111,37.82,1157,193.7,10.2,200.878,2013-12-04 5:50,,
2013-12-04 6:35,Extruder 1,13-A-790,90310-000065080004,7050 0% 065T 800W BK N/T,16880,1546,1250,250,2013-12-04 6:35,178,187.8,183.7,184,192.7,193.3,180.4,180.1,180.2,180,179.8,225.2,204.6,200.5,201.5,215.3,185.5,180,180,56.4,83,75.1,7.992,8.113,37.765,1145,193.5,11.7,200.664,2013-12-04 5:50,,
2013-12-04 5:39,Extruder 1,13-A-789,90310-000065080004,7050 0% 065T 800W BK N/T,16880,1546,1250,1000,2013-12-04 5:39,178.1,187.8,183.5,181.8,193.1,193,180.5,180.2,180.1,180,180.3,225.5,204.7,200,201.8,215.3,186.2,180,180,56.8,83.7,75.4,7.996,8.088,37.815,1140,193.5,9.7,198.482,2013-12-04 3:36,,
2013-12-04 4:38,Extruder 1,13-A-789,90310-000065080004,7050 0% 065T 800W BK N/T,16880,1546,1250,500,2013-12-04 4:38,177.9,188.1,183,183.3,192.9,192.6,180.5,179.4,180,180,179.8,225,204.7,200.5,201.8,215.2,185.8,180,179.9,56.5,83.3,75.3,7.998,8.093,37.768,1146,193.5,11.5,196.679,2013-12-04 3:36,,
2013-12-04 4:08,Extruder 1,13-A-789,90310-000065080004,7050 0% 065T 800W BK N/T,16880,1546,1250,250,2013-12-04 4:08,177.9,188.5,183.3,182.1,192.6,193.3,180.3,179.8,180,180,180,225.1,204.3,200.5,201.5,215.2,185.5,180,180,56.4,83.8,75.4,7.996,8.093,37.813,1142,193.2,9.7,197.699,2013-12-04 3:36,,
2013-12-04 3:26,Extruder 1,13-A-788,90310-000065080004,7050 0% 065T 800W BK N/T,16880,1546,1250,1000,2013-12-04 3:26,178,187.9,182.6,183.1,192.9,193,180.7,180.4,180.1,180,180,225,204.7,199.9,201.7,214.8,186.4,180,180,56.5,83.3,75.1,8.005,8.099,37.911,1157,194,9.9,198.814,2013-12-04 1:22,,
2013-12-04 2:25,Extruder 1,13-A-788,90310-000065080004,7050 0% 065T 800W BK N/T,16880,1546,1250,500,2013-12-04 2:25,177.8,187.5,183.2,182.8,192.9,193.1,180.4,180,180,180,180,225,204.5,200.3,201.8,215.1,186,180,180,55.9,83.2,74.8,7.996,8.083,37.688,1129,193.7,10,194.687,2013-12-04 1:22,,
2013-12-04 1:54,Extruder 1,13-A-788,90310-000065080004,7050 0% 065T 800W BK N/T,16880,1546,1250,250,2013-12-04 1:54,177.7,188.1,182.6,183.2,192.7,193,180.2,180,180,180,180.3,225.3,204.3,200.2,201.3,215,185.6,179.9,180.1,56.3,83.2,75.1,7.996,8.096,37.679,1128,193.2,9.9,198.506,2013-12-04 1:22,,
2013-12-04 1:16,Extruder 1,13-A-787,90310-000065080004,7050 0% 065T 800W BK N/T,16880,1546,1250,1000,2013-12-04 1:16,178,188.3,183.1,178.4,193.3,193.2,180.8,180.3,180.1,180,180,225.2,204.7,199.9,201.9,215,186.2,180,180,56,83.4,75.2,7.994,8.091,37.658,1135,193.6,9.8,198.838,2013-12-03 23:16,,
2013-12-04 0:15,Extruder 1,13-A-787,90310-000065080004,7050 0% 065T 800W BK N/T,16880,1546,1250,500,2013-12-04 0:15,178,187.9,183,181.9,193,193,180.8,180.3,180.1,180,180.1,225.3,204.7,200.6,202.5,214.9,185.2,180,180,56.5,83.3,75,8.005,8.096,37.699,1115,193.8,9.8,193.121,2013-12-03 23:16,,
2013-12-03 23:44,Extruder 1,13-A-787,90310-000065080004,7050 0% 065T 800W BK N/T,16880,1546,1250,250,2013-12-03 23:44,178,188.2,183.2,182.8,192.9,193.3,181.5,180.5,180.9,180.1,180,225.6,203.6,201.9,202.6,215.6,183.7,180,180,57.6,83.1,75.1,8.003,8.088,38.642,1103,194.2,11.1,197.32,2013-12-03 23:16,,
2013-12-03 22:19,Extruder 1,13-A-786,90310-000065080004,7050 0% 065T 800W BK N/T,16880,1546,1250,1000,2013-12-03 22:19,178,188.1,182.9,182.9,193.1,193.1,180.2,180,179.9,180,180,224.9,204.6,199.7,202.3,215,185.6,180,179.9,56.4,83.5,75.1,8.1,8.242,38.672,1122,193.3,11.2,196.632,2013-12-03 20:13,,
2013-12-03 21:19,Extruder 1,13-A-786,90310-000065080004,7050 0% 065T 800W BK N/T,16880,1546,1250,500,2013-12-03 21:19,178,188.1,182.4,181.2,192.7,193,180.5,179.9,180.4,180.1,179.9,225.6,204.4,200.7,202,215.2,185.3,180,180,56,83.2,75,8.109,8.195,38.663,1095,193.4,9.7,192.766,2013-12-03 20:13,,
2013-12-03 20:48,Extruder 1,13-A-786,90310-000065080004,7050 0% 065T 800W BK N/T,16880,1546,1250,250,2013-12-03 20:48,178,188,183,182.8,192.7,192.9,180.4,180.2,180,180,180.2,225.2,203.8,200.3,201.4,215.3,184.8,180,180.1,56.4,83,75.1,8.001,8.111,38.718,1097,193.3,9.8,193.952,2013-12-03 20:13,,
2013-12-03 20:06,Extruder 1,13-A-785,90310-000065080004,7050 0% 065T 800W BK N/T,16880,1546,1250,1000,2013-12-03 20:06,177.8,188.2,182.9,183.9,193,193.2,180.3,179.9,179.7,179.9,180,224.8,204.7,199.9,202.1,214.9,185.9,180,180,56.2,83.2,74.9,8.1,8.212,38.524,1104,193.4,9.7,190.892,2013-12-03 17:53,,
2013-12-03 19:06,Extruder 1,13-A-785,90310-000065080004,7050 0% 065T 800W BK N/T,16880,1546,1250,500,2013-12-03 19:06,177.9,187.6,182.7,183.7,193,193,180.6,179.8,180.2,180,180,225,204.7,200.3,202.3,215.2,185.2,180,180,57.1,82.9,75.1,8.1,8.199,38.877,1119,193.5,10,197.154,2013-12-03 17:53,,
2013-12-03 18:36,Extruder 1,13-A-785,90310-000065080004,7050 0% 065T 800W BK N/T,16880,1580,1250,250,2013-12-03 18:36,177.9,187.6,182.7,182,192.7,193.3,180.5,180.1,180,180,180.4,225.2,203.9,200.7,201.7,215.3,184.6,180.1,180,56.1,82.8,75.1,8.096,8.201,38.918,1115,193.5,10,196.039,2013-12-03 17:53,,
2013-12-03 17:54,Extruder 1,13-A-784,90310-000065080004,7050 0% 065T 800W BK N/T,16880,1580,1250,1000,2013-12-03 17:54,177.8,188.1,182.6,183.2,192.9,193,180.2,180.1,180,180,180.2,225.2,204.7,199.8,202.3,215.2,185.3,180,180,56.1,82.9,74.9,8.098,8.205,38.856,1114,193.3,10.2,193.501,2013-12-03 15:27,,
2013-12-03 16:54,Extruder 1,13-A-784,90310-000065080004,7050 0% 065T 800W BK N/T,16880,1580,1250,500,2013-12-03 16:54,178.1,188.7,183.7,184.5,193.1,193.1,180.7,180.3,180.3,179.9,180.1,225.2,204.7,200.5,202.6,215,184.2,180.2,180.1,56.5,82.3,74.9,8.102,8.187,38.784,1113,193.7,9.7,192.932,2013-12-03 15:27,,
2013-12-03 16:24,Extruder 1,13-A-784,90310-000065080004,7050 0% 065T 800W BK N/T,16880,1580,1250,250,2013-12-03 16:24,178,188.5,182.6,184.5,193,193.2,180.7,180.5,180.3,180.2,180.8,225,203.5,201.2,202,215.3,183,180,180.1,55.8,82.2,74.9,8.107,8.207,38.838,1099,193.5,9.7,190.655,2013-12-03 15:27,,
2013-12-03 15:32,Extruder 1,13-A-783,90310-000065080004,7050 0% 065T 800W BK N/T,16880,1580,1250,1000,2013-12-03 15:32,178.2,187.7,183.1,184.1,193,193.1,180.3,179.8,180,180,180,225.1,204.8,200,202.1,215,185.5,180.1,180,56.7,83.1,75,8.1,8.191,38.882,1085,193.3,9.8,190.536,2013-12-03 13:18,,
2013-12-03 14:32,Extruder 1,13-A-783,90310-000065080004,7050 0% 065T 800W BK N/T,16880,1580,1250,500,2013-12-03 14:32,177.7,187.7,182.6,180.6,193,192.7,180.4,179.9,180.1,180,180.1,225.1,204.9,200.2,202.2,215.2,185.1,179.9,180.1,56.6,82.9,75,8.098,8.212,38.882,1120,193.7,10.3,190.607,2013-12-03 13:18,,
2013-12-03 14:02,Extruder 1,13-A-783,90310-000065080004,7050 0% 065T 800W BK N/T,16880,1580,1250,250,2013-12-03 14:02,177.8,188.4,182.9,182.7,192.7,193.1,180.3,180.3,180,180,180.6,225,204.4,200.7,201.7,215.2,184.9,180.1,180.1,56.7,83,74.9,8.096,8.217,38.859,1130,193.5,12,191.746,2013-12-03 13:18,,
2013-12-03 13:21,Extruder 1,13-A-782,90310-000065080004,7050 0% 065T 800W BK N/T,16880,1580,1250,1000,2013-12-03 13:21,178,188.2,183.2,183.7,192.9,192.8,180.2,179.8,179.8,180,179.9,225,204.8,200,202.2,214.9,185.8,180,180,56.7,83,75.3,8.102,8.197,38.87,1138,193.5,11.4,191.39,2013-12-03 11:04,,
2013-12-03 12:21,Extruder 1,13-A-782,90310-000065080004,7050 0% 065T 800W BK N/T,16880,1580,1250,500,2013-12-03 12:21,178.1,187.7,183,183.3,193,193.2,180.8,179.7,180.2,180,180,225.2,205.1,200.3,202.5,215.2,185.6,180,179.9,56.1,82.9,74.8,8.056,8.143,38.882,1143,194,11,198.79,2013-12-03 11:04,,
2013-12-03 11:50,Extruder 1,13-A-782,90310-000065080004,7050 0% 065T 800W BK N/T,16880,1580,1250,250,2013-12-03 11:50,178,188.5,182.7,182.1,192.7,194,180.5,180.1,180.2,180.1,180.1,225.5,204.3,200.8,201.8,215.4,185.2,180.1,180,56.5,83.2,75.2,8.056,8.169,38.929,1146,193.9,10.6,198.956,2013-12-03 11:04,,
2013-12-03 11:05,Extruder 1,13-A-781,90310-000065080004,7050 0% 065T 800W BK N/T,16880,1580,1250,1000,2013-12-03 11:05,178,187.7,183,181.3,193,192.9,180.4,179.8,180,180.1,180,225,205.1,200.2,202.4,214.9,186.3,180,179.9,56.8,83.9,75.4,8.093,8.201,38.872,1153,193.8,12.1,201.447,2013-12-03 8:54,,
2013-12-03 10:05,Extruder 1,13-A-781,90310-000065080004,7050 0% 065T 800W BK N/T,16880,1580,1250,500,2013-12-03 10:05,177.9,187.8,183.6,183.9,193,193.2,180.7,179.7,180.3,180,180,225.2,205.1,200.2,202.5,215.2,185.9,180.1,180,56.1,83.7,75.3,8.091,8.209,38.781,1152,194.2,11,196.324,2013-12-03 8:54,,
2013-12-03 9:35,Extruder 1,13-A-781,90310-000065080004,7050 0% 065T 800W BK N/T,16880,1580,1250,250,2013-12-03 9:35,178,187.8,183,183,192.9,193.5,180.3,179.9,180,180.1,180.3,225.1,204.2,200.4,201.6,215.3,185.2,180,180.2,56,83.2,75.1,8.001,8.099,38.759,1147,193.8,10.4,194.663,2013-12-03 8:54,,
2013-12-03 8:52,Extruder 1,13-A-780,90310-000065080004,7050 0% 065T 800W BK N/T,16880,1580,1250,1000,2013-12-03 8:52,178,187.8,182.7,182,193.1,193.7,180.3,180.1,180,180,179.9,225.4,205,200.2,202.4,215.1,186.2,180.1,180,56.4,84.1,75.6,8.001,8.099,38.788,1147,193.8,11.5,201.613,2013-12-03 6:50,,
2013-12-03 7:51,Extruder 1,13-A-780,90310-000065080004,7050 0% 065T 800W BK N/T,16880,1580,1250,500,2013-12-03 7:51,177.9,187.7,182.9,182.6,192.9,192.9,180.3,180.1,180.1,180.1,180.1,225.3,204.7,200.2,202.1,215.2,185.6,180,180,56.1,83.5,75.4,8.1,8.212,38.759,1107,193.7,10.6,197.438,2013-12-03 6:50,,
2013-12-03 7:21,Extruder 1,13-A-780,90310-000065080004,7050 0% 065T 800W BK N/T,16880,1546,1250,250,2013-12-03 7:21,177.8,188.3,182.9,181.8,192.7,193.4,180.1,180.3,180,180,180.1,225,204.1,200.4,201.6,215.2,185.2,180,180,56.1,83.3,75.1,8.001,8.106,38.795,1104,193.3,10.2,196.679,2013-12-03 6:50,,
2013-12-03 6:40,Extruder 1,13-A-779,90310-000065080004,7050 0% 065T 800W BK N/T,16880,1546,1250,1000,2013-12-03 6:40,178,188.4,183.2,183,193,192.9,180.3,180,180,179.8,179.7,225.1,204.6,199.6,202.2,214.9,186,180,180,56.1,83.6,75.3,8.098,8.185,38.485,1114,193.4,10,195.209,2013-12-03 4:37,,
2013-12-03 5:40,Extruder 1,13-A-779,90310-000065080004,7050 0% 065T 800W BK N/T,16880,1546,1250,500,2013-12-03 5:40,178,187.9,182.6,182.7,192.9,192.8,180.5,179.7,180.1,180,179.9,225.4,204.8,200.4,202.5,215.1,186.2,180,180,56.1,83.5,75,7.996,8.116,38.41,1115,193.7,10.8,198.814,2013-12-03 4:37,,
2013-12-03 5:09,Extruder 1,13-A-779,90310-000065080004,7050 0% 065T 800W BK N/T,16880,1546,1250,250,2013-12-03 5:09,177.7,188.5,183.2,183.8,192.7,193.4,180.1,179.8,180,180,180,225.1,204.4,200.1,202,215.2,185.6,180,180,56.6,83.4,75.3,7.994,8.093,38.692,1138,193.4,10.4,194.331,2013-12-03 4:37,,
2013-12-03 4:29,Extruder 1,13-A-778,90310-000065080004,7050 0% 065T 800W BK N/T,16880,1546,1250,1000,2013-12-03 4:29,178.1,187.9,182.9,184.3,193,193.3,180.3,180.4,179.9,180,180.1,225,204.7,200.1,202.2,214.9,186.1,180,180.1,55.8,83.5,75.3,7.996,8.081,38.449,1113,193.7,10.7,200.996,2013-12-03 2:29,,
2013-12-03 3:28,Extruder 1,13-A-778,90310-000065080004,7050 0% 065T 800W BK N/T,16880,1546,1250,500,2013-12-03 3:28,177.9,188.1,183.5,183.9,193,193,180.5,180.2,180.1,180,180,225.1,204.7,200.3,202.3,215.1,185.8,180,180.1,56.4,84,75.6,7.998,8.111,38.481,1110,193.4,10.5,196.822,2013-12-03 2:29,,
2013-12-03 2:57,Extruder 1,13-A-778,90310-000065080004,7050 0% 065T 800W BK N/T,16880,1546,1250,250,2013-12-03 2:57,178,187.9,183,184.3,192.6,193,180.3,180,180,180,180.3,225.1,204.2,200.6,201.8,215.1,185.1,180,180.1,56.5,83.8,75.5,8.001,8.088,38.433,1098,193.2,10.2,196.656,2013-12-03 2:29,,
2013-12-03 2:17,Extruder 1,13-A-777,90310-000065080004,7050 0% 065T 800W BK N/T,16880,1546,1250,1000,2013-12-03 2:17,178,188,183.7,182.6,193.1,193,180.3,180,180,180,179.7,224.6,204.7,199.8,202.3,214.8,185.4,180,180,56,83.8,75.4,8.102,8.201,38.114,1078,193.1,10.6,196.086,2013-12-03 0:14,,
2013-12-03 1:16,Extruder 1,13-A-777,90310-000065080004,7050 0% 065T 800W BK N/T,16880,1546,1250,500,2013-12-03 1:16,177.8,188.1,182.9,184.5,192.9,192.6,180.3,179.7,180.1,180,180,227.2,203.8,200,202.9,215,185,179.9,180,56.4,83.2,75.1,8.098,8.109,37.959,1076,192.9,10.1,188.805,2013-12-03 0:14,,
2013-12-03 0:46,Extruder 1,13-A-777,90310-000065080004,7050 0% 065T 800W BK N/T,16880,1546,1250,250,2013-12-03 0:46,177.7,188.5,182.9,180,192.8,193.3,180.3,180.3,180,180,180.5,215.2,201.2,200.7,202.8,215.3,185,180,180.1,55.8,83.4,75.4,8.209,8.212,37.982,1111,193.2,9.8,197.936,2013-12-03 0:14,,
2013-12-03 0:01,Extruder 1,13-A-776,90310-000065080004,7050 0% 065T 800W BK N/T,16880,1546,1250,1000,2013-12-03 0:01,178,188.1,183,184,193,192.8,180.4,180.3,180.1,180,180,215,201.5,200,203.2,214.8,185.8,180.1,180,56.8,83.2,75.1,8.206,8.225,37.979,1144,193.4,10.5,203.344,2013-12-02 8:31,,
2013-12-02 23:01,Extruder 1,13-A-776,90310-000065080004,7050 0% 065T 800W BK N/T,16880,1546,1250,500,2013-12-02 23:01,177.9,187.7,183,183.4,193,193,180.6,180,180,180,180,214.5,202.5,200.8,203.8,215.1,185.3,180,179.9,56.2,83.4,71.6,8.204,8.201,37.982,1150,193.4,10,201.921,2013-12-02 8:31,,
2013-12-02 22:31,Extruder 1,13-A-776,90310-000065080004,7050 0% 065T 800W BK N/T,16880,1546,1250,250,2013-12-02 22:31,178,188.1,183.1,184,193,193.7,180.8,180.3,180.6,179.8,179.5,216.5,204.4,201.6,204.2,215.9,184.5,180.1,180.3,56.8,83.4,71.5,8.202,8.195,37.993,1147,193.6,10.9,199.549,2013-12-02 8:31,,
2013-11-16 10:56,Extruder 1,13-A-761,90310-000065070004,7050 0% 065T 700W BK N/T,16418,1413,1250,1000,2013-11-16 10:56,178.2,188,183.1,183,193,193.3,180,180,180,180,180,210.9,203,202,202.9,210.1,182.8,180,180,40.4,77.7,63.4,8.003,7.902,29.453,1176,192.4,11.1,188.733,2013-11-16 8:26,,
2013-11-16 9:53,Extruder 1,13-A-761,90310-000065070004,7050 0% 065T 700W BK N/T,16418,1413,1250,500,2013-11-16 9:53,177.9,188.1,183.1,182.9,192.7,193,180,179.9,180,180,179.8,210.9,203.2,202.1,203.2,209.9,182.7,180,180,39.2,76.1,61.4,7.996,7.904,29.444,1189,192.4,9.9,186.053,2013-11-16 8:26,,
2013-11-16 9:22,Extruder 1,13-A-761,90310-000065070004,7050 0% 065T 700W BK N/T,16418,1413,1250,250,2013-11-16 9:22,177.5,188.1,183,183.3,192.7,192.8,180.8,180.2,180.4,180.1,180.4,211.4,204,203,203.9,210.5,182.1,180.1,180,39.5,76.2,61.6,7.998,7.894,29.478,1195,192.9,9.7,187.927,2013-11-16 8:26,,
2013-11-16 8:32,Extruder 1,13-A-761,90310-000065070004,7050 0% 065T 700W BK N/T,16418,1413,1250,1000,2013-11-16 8:32,178,188,182.9,183.1,193,193.7,180,180.1,180.1,180.1,180.2,211.1,203.1,202,203,210,183.3,180,180.2,40.2,78,63,8.998,8.898,29.383,1187,192.5,9.9,191.248,2013-11-16 8:26,,
2013-11-16 7:30,Extruder 1,13-A-760,90310-000065070004,7050 0% 065T 700W BK N/T,16418,1413,1250,500,2013-11-16 7:30,177.9,188,183,183.1,192.7,193.1,180,180,180.1,180,180,211.1,203.1,202.2,203.2,210,182.9,180,180,40.8,77.7,63.3,7.992,7.889,29.408,1164,192.4,11.4,186.433,2013-11-16 6:21,,
2013-11-16 6:59,Extruder 1,13-A-760,90310-000065070004,7050 0% 065T 700W BK N/T,16418,1731,1250,250,2013-11-16 6:59,177.4,187.8,182.6,182.9,192.4,192.7,180,180.2,180,180,180.2,211.2,203.2,202.2,203.1,210,182.4,180,180,40,78,63.4,7.996,7.912,29.535,1158,192.1,9.9,186.243,2013-11-16 6:21,,
2013-11-16 6:25,Extruder 1,13-A-759,90310-000065070004,7050 0% 065T 700W BK N/T,16418,1731,1250,1000,2013-11-16 6:25,174.2,186.1,180.7,181.1,190.5,192.4,180.2,179.6,180,179.9,180.2,210.9,202.8,201.6,202.6,210.3,182.4,180,180,40.4,77.5,63,7.994,8.02,29.535,1211,191.7,9.9,180.218,2013-11-16 4:12,,
2013-11-16 5:21,Extruder 1,13-A-759,90310-000065070004,7050 0% 065T 700W BK N/T,16418,1731,1250,500,2013-11-16 5:21,177.8,188.1,183,183.2,192.8,193.5,180.4,180,180.3,179.8,180,210.8,203.4,202.2,203.3,209.7,182.3,180,180,40.3,78.3,59.8,7.998,7.982,29.547,1149,192.3,12.1,183.895,2013-11-16 4:12,,
2013-11-16 4:50,Extruder 1,13-A-759,90310-000065070004,7050 0% 065T 700W BK N/T,16418,1731,1250,250,2013-11-16 4:50,177.3,187.9,182.7,183,192.4,193.1,181.4,180.4,180.4,180.2,180.5,211.9,205.3,203.9,205.3,211,181.4,180,180,40.5,78.3,59.6,8.001,8.012,28.991,1132,192.6,12.2,178.202,2013-11-16 4:12,,
2013-11-16 3:43,Extruder 1,13-A-758,90310-000065070004,7050 0% 065T 700W BK N/T,16418,1731,1250,1000,2013-11-16 3:43,178.1,188,182.9,183.6,193.1,193.1,180,179.9,180,180,180.1,210.8,203.1,202,203,210.2,181.8,180,180,41,78.1,56.3,8.003,8.01,29.522,1102,191.8,10.5,184.345,2013-11-16 1:36,,
2013-11-16 2:41,Extruder 1,13-A-758,90310-000065070004,7050 0% 065T 700W BK N/T,16418,1731,1250,500,2013-11-16 2:41,177.8,188,182.9,182.9,192.9,192.5,179.8,179.9,180,180,179.8,210.9,202.9,201.8,202.9,209.8,181.8,180,180,41.2,78.5,60,8.001,7.988,29.446,1090,191.7,10.1,183.966,2013-11-16 1:36,,
2013-11-16 2:11,Extruder 1,13-A-758,90310-000065070004,7050 0% 065T 700W BK N/T,16418,1731,1250,250,2013-11-16 2:11,177.5,188,182.9,182.8,192.4,193.3,180.1,179.9,180,180,180.5,210.9,203.3,202.3,203.3,210.3,182.2,180,179.8,39.2,76.5,58.8,7.996,8,29.506,1141,192,10,187.785,2013-11-16 1:36,,
2013-11-16 1:35,Extruder 1,13-A-757,90310-000065070004,7050 0% 065T 700W BK N/T,16418,1731,1250,1000,2013-11-16 1:35,174.9,186.2,181,181.5,190.8,191.8,180,179.2,180,180,180.3,211,202.8,201.5,202.7,210.3,182.2,180,180,38.9,75.3,58.1,7.992,8,28.957,1248,191.4,10.2,183.159,2013-11-15 23:16,,
2013-11-16 0:29,Extruder 1,13-A-757,90310-000065070004,7050 0% 065T 700W BK N/T,16418,1731,1250,500,2013-11-16 0:29,177.9,188.1,183,183.4,192.9,192.6,180,179.7,179.8,180,180.2,210.9,203.1,202.1,203.2,210.1,182.6,180,180,39.6,76.3,58.4,8.001,8.015,30.032,1178,191.7,10,191.414,2013-11-15 23:16,,
2013-11-15 23:58,Extruder 1,13-A-757,90310-000065070004,7050 0% 065T 700W BK N/T,16418,1731,1250,250,2013-11-15 23:58,177.7,188,183,183.1,192.6,192.8,180,179.6,180.1,180,180,211.2,203.3,202.2,203.4,210.2,182.4,180,180.1,39.8,76,58.3,7.998,8.005,30.036,1174,191.7,9.9,189.374,2013-11-15 23:16,,
2013-11-15 23:18,Extruder 1,13-A-756,90310-000065070004,7050 0% 065T 700W BK N/T,16418,1731,1250,1000,2013-11-15 23:18,174.6,186.1,180.2,180.9,190.7,192.2,179.9,179.8,180,180,180.6,211,202.9,201.7,202.9,210.8,182.6,179.9,179.8,39.3,75.1,57.8,8.003,8.005,30,1242,191.3,10,185.176,2013-11-15 9:12,,
2013-11-15 22:13,Extruder 1,13-A-756,90310-000065070004,7050 0% 065T 700W BK N/T,16418,1731,1250,500,2013-11-15 22:13,178,188.1,182.9,183.2,193,192.8,180.3,180,179.8,180,179.7,211.1,202.6,201.9,202.8,209.8,182.6,180,180,40.2,76.7,58.8,7.998,7.984,30.007,1199,192,9.9,189.564,2013-11-15 9:12,,
2013-11-15 21:42,Extruder 1,13-A-756,90310-000065070004,7050 0% 065T 700W BK N/T,16418,1731,1250,250,2013-11-15 21:42,177.7,187.9,183,182.9,192.6,192.6,179.8,179.7,180.1,180,179.6,210.8,203.3,202.2,203.1,209.7,182,180,180,40.2,76.6,58.7,7.998,7.99,30.075,1208,191.5,10.9,190.56,2013-11-15 9:12,,
2013-11-15 21:11,Extruder 1,13-A-756,90310-000065070004,7050 0% 065T 700W BK N/T,16418,1731,1250,250,2013-11-15 21:11,177.2,187.5,182.5,182.9,192,193,181.1,180.6,180.6,180.1,180.6,211.8,204.9,203.9,205.1,211,181.6,180,180,39.2,76.7,58.7,7.998,7.992,28.444,1210,191.8,10.3,188.117,2013-11-15 9:12,,
2013-11-15 9:06,Extruder 1,13-A-755,90310-000065070004,7050 0% 065T 700W BK N/T,16418,1413,1250,1000,2013-11-15 9:06,178,188.1,182.9,183.3,193.4,198.8,180.7,179.9,179.9,180,179.9,209.8,203.1,204.4,203.4,209.9,187.7,180,180,40.4,78.1,59.4,8.501,8.396,35.56,3374,194.6,10.2,216.912,2013-11-15 7:02,,
2013-11-15 8:04,Extruder 1,13-A-755,90310-000065070004,7050 0% 065T 700W BK N/T,16418,1413,1250,500,2013-11-15 8:04,178.3,188.3,182.7,181.4,192.7,199,181,179.8,180.6,180.1,180,210.1,202.2,202.9,202.6,210.2,187.1,180.1,180,40.2,77.8,58.9,7.998,7.897,35.337,3257,195.2,10.1,217.6,2013-11-15 7:02,,
2013-11-15 7:33,Extruder 1,13-A-755,90310-000065070004,7050 0% 065T 700W BK N/T,16418,1413,1250,250,2013-11-15 7:33,178,188.7,182.7,183.8,193.1,196.6,180.8,180.5,180.5,180.2,180.4,211,201.2,201,201.2,210.7,186,180.2,180.1,40.3,77.8,58.8,8.001,7.892,35.034,3157,194.6,10.4,209.82,2013-11-15 7:02,,
2013-11-15 6:45,Extruder 1,13-A-754,90310-000065070004,7050 0% 065T 700W BK N/T,16418,1546,1250,1000,2013-11-15 6:45,178.1,188.5,182.9,180.8,193.3,196.6,180.2,180.1,180.1,180,180,210.1,201.7,202,202,210,186.6,180,180,40.5,77.5,59,7.998,7.907,36.03,3154,193.9,10.1,209.203,2013-11-15 4:48,,
2013-11-15 5:43,Extruder 1,13-A-754,90310-000065070004,7050 0% 065T 700W BK N/T,16418,1546,1250,500,2013-11-15 5:43,178,187.9,182.9,183.2,192.8,194.5,180,179.8,180,180,180,209.7,200.9,200.7,201.2,209.8,185.7,180,180,40.1,77.4,58.9,8.001,7.879,34.15,3052,193.4,10.8,206.214,2013-11-15 4:48,,
2013-11-15 5:12,Extruder 1,13-A-754,90310-000065070004,7050 0% 065T 700W BK N/T,16418,1546,1250,250,2013-11-15 5:12,177.9,187.8,182.7,183.1,192.9,193.8,180.1,180,179.9,180,180.3,210,200.8,200.5,200.8,210,185.6,180,180,39.5,76.5,58.7,7.998,7.909,33.604,3024,193.3,10.4,206.143,2013-11-15 4:48,,
2013-11-15 4:31,Extruder 1,13-A-753,90310-000065070004,7050 0% 065T 700W BK N/T,16418,1546,1250,1000,2013-11-15 4:31,178,188.1,183.1,184.3,193.5,195.7,180.2,180,180,180,180.1,210,201.9,202.2,202.3,210,186.5,180,179.9,40.3,77.7,59.2,8.001,7.894,35.38,2995,194,10.4,206.499,2013-11-15 2:31,,
2013-11-15 3:28,Extruder 1,13-A-753,90310-000065070004,7050 0% 065T 700W BK N/T,16418,1546,1250,500,2013-11-15 3:28,178,187.9,183,184.2,192.9,195.3,180,180,180.2,180,180,210,201.5,201.7,202,210.2,185.4,180,179.8,39.8,77.8,59.1,8.001,7.909,35.032,2842,193.4,10.2,201.85,2013-11-15 2:31,,
2013-11-15 2:57,Extruder 1,13-A-753,90310-000065070004,7050 0% 065T 700W BK N/T,16418,1546,1250,250,2013-11-15 2:57,178.3,188,183.2,182,192.8,194.3,180.8,180.3,180.5,180,180.4,210.6,201.4,201.1,201.3,210.4,184.5,180.1,180,39.8,77,58.8,7.998,7.897,35.016,2789,193.9,10.3,207.377,2013-11-15 2:31,,
2013-11-15 2:10,Extruder 1,13-A-752,90310-000065070004,7050 0% 065T 700W BK N/T,16418,1546,1250,1000,2013-11-15 2:10,178.1,188.2,183.4,182.9,193.3,195.2,179.7,179.9,180,180,180.2,209.9,201.3,201.9,202.4,210,186.5,180,180,40.2,76.9,59.1,8.003,7.912,35.296,2933,193.3,10.4,209.488,2013-11-15 0:09,,
2013-11-15 1:08,Extruder 1,13-A-752,90310-000065070004,7050 0% 065T 700W BK N/T,16418,1546,1250,500,2013-11-15 1:08,178.3,188.1,183.6,182.1,192.8,195.3,180.1,180.3,180.2,180,180.1,210.1,201.2,201.2,201.7,210,186.3,180,180.1,39.5,76.5,58.7,8.003,7.892,35.018,2829,193.5,10.8,205.977,2013-11-15 0:09,,
2013-11-15 0:37,Extruder 1,13-A-752,90310-000065070004,7050 0% 065T 700W BK N/T,16418,1546,1250,250,2013-11-15 0:37,178.3,188,182.9,181.3,193,194.1,180.2,180.5,180,180.1,180.3,210.3,200.5,200.5,200.8,210.4,185.8,180,180.2,40,77.7,59.3,8.098,8.018,35.021,2805,193.5,10.3,207.732,2013-11-15 0:09,,
2013-11-14 23:53,Extruder 1,13-A-751,90310-000065070004,7050 0% 065T 700W BK N/T,16418,1546,1250,1000,2013-11-14 23:53,178.1,188.1,183.2,183.2,193,196,180.2,180.1,180.2,180,179.9,210.2,201.5,201.5,201.6,210.2,187.3,180,180,40.9,77.9,59.7,7.996,7.892,35.043,2831,193.7,10.3,209.962,2013-11-14 21:51,,
2013-11-14 22:51,Extruder 1,13-A-751,90310-000065070004,7050 0% 065T 700W BK N/T,16418,1546,1250,500,2013-11-14 22:51,178.2,188,183.1,184.8,193.2,193.4,180,179.9,180,180,180.1,209.9,200.7,200.6,200.9,210,186.3,180,180,40.5,77.5,59.3,8.2,8.106,34.043,2631,193.5,10.8,207.946,2013-11-14 21:51,,
2013-11-14 22:21,Extruder 1,13-A-751,90310-000065070004,7050 0% 065T 700W BK N/T,16418,1546,1250,250,2013-11-14 22:21,177.8,187.6,182.8,181.8,192.9,193.4,180.5,180,180.1,180,180.3,210.3,201,200.8,200.9,210.4,185.8,180,180.2,40.2,77.5,59.4,8.197,8.121,33.467,2541,194,10.4,206.357,2013-11-14 21:51,,
2013-11-14 21:40,Extruder 1,13-A-750,90310-000065070004,7050 0% 065T 700W BK N/T,16418,1546,1250,1000,2013-11-14 21:40,178.3,188.2,183.1,182.8,193.2,193,180.1,180.4,180.1,180,180,210.1,200.1,200.1,200.4,209.9,186.7,180,180.1,40.8,77.4,59.5,8.202,8.103,33.326,2520,193.8,10.4,201.992,2013-11-14 19:40,,
2013-11-14 20:40,Extruder 1,13-A-750,90310-000065070004,7050 0% 065T 700W BK N/T,16418,1546,1250,500,2013-11-14 20:40,178,188,183.1,179.3,193.1,193.3,180.1,180.3,180.3,179.9,180.1,210,200.8,200.4,200.8,210,186.2,180,180,40.6,77.6,59.6,8.2,8.096,33.339,2425,193.7,10.6,202.491,2013-11-14 19:40,,
2013-11-14 20:09,Extruder 1,13-A-750,90310-000065070004,7050 0% 065T 700W BK N/T,16418,1546,1250,250,2013-11-14 20:09,177.7,188,183,184.2,192.7,193.3,180.3,180.6,180.3,180.2,180.5,210.6,201.1,200.9,201,210.6,185.3,180.1,180.2,40.3,77.6,59.8,8.204,8.096,33.342,2413,193.7,10.4,193.667,2013-11-14 19:40,,
2013-11-14 19:26,Extruder 1,13-A-749,90310-000065070004,7050 0% 065T 700W BK N/T,16418,1546,1250,1000,2013-11-14 19:26,178.2,188,183,182.2,193,193.3,180,180.3,180,179.9,180.1,210,200.1,200.2,200.1,209.9,186,180,180,40.2,77.6,59.6,8.2,8.106,33.239,2368,193.5,10.7,199.881,2013-11-14 16:58,,
2013-11-14 18:26,Extruder 1,13-A-749,90310-000065070004,7050 0% 065T 700W BK N/T,16418,1580,1250,500,2013-11-14 18:26,177.9,188.1,183.1,182.9,193,193.4,180,180.4,180,180,180.4,209.8,200.5,200.3,200.7,209.9,184.6,180.1,180,41.2,77.6,59.8,8.197,8.099,33.171,2209,193.3,10.1,187.144,2013-11-14 16:58,,
2013-11-14 17:55,Extruder 1,13-A-749,90310-000065070004,7050 0% 065T 700W BK N/T,16418,1580,1250,250,2013-11-14 17:55,177.2,187.9,182.8,183.3,192.5,193.1,180.9,180.9,180.7,180.1,180.1,210.7,202.2,201.9,202.1,210.7,183,180,180.2,40.2,77.4,59.3,8.204,8.091,32.925,2138,193.8,10.1,188.093,2013-11-14 16:58,,
2013-11-14 16:50,Extruder 1,13-A-748,90310-000065070004,7050 0% 065T 700W BK N/T,16418,1580,1250,1000,2013-11-14 16:50,178.1,188.1,183,184.3,192.9,193,180,179.6,179.8,180,179.8,209.8,200.1,200,199.9,209.9,183.5,180,179.9,40.2,77.6,59.2,8.2,8.086,33.497,2018,192.8,10.7,185.555,2013-11-14 14:05,,
2013-11-14 15:50,Extruder 1,13-A-748,90310-000065070004,7050 0% 065T 700W BK N/T,16418,1580,1250,500,2013-11-14 15:50,178.1,188.1,183.1,183.2,192.8,193.3,180,180.3,180,180,180,210,200,200,200,209.9,181,180,179.9,40.6,77.8,59.3,8.202,8.103,33.369,1945,192.3,10.1,185.247,2013-11-14 14:05,,
2013-11-14 15:19,Extruder 1,13-A-748,90310-000065070004,7050 0% 065T 700W BK N/T,16418,1580,1250,250,2013-11-14 15:19,177.5,187.9,182.9,183.6,192.5,192.7,180,180.3,180.3,180,179.8,210.1,200.8,200.5,201,210.3,180.2,180,179.9,40.1,77.3,59,8.2,8.099,32.563,1900,191.7,10.1,180.076,2013-11-14 14:05,,
2013-11-14 13:57,Extruder 1,13-A-747,90310-000065070004,7050 0% 065T 700W BK N/T,16418,1580,1250,1000,2013-11-14 13:57,178.1,188.1,182.9,183.4,192.8,193,180,180,180.1,180,179.8,209.9,199.9,200,200.4,209.9,185.2,179.9,179.9,40.2,77.8,59.4,8.202,8.091,32.36,2204,193.3,10.8,199.62,2013-11-14 11:14,,
2013-11-14 12:56,Extruder 1,13-A-747,90310-000065070004,7050 0% 065T 700W BK N/T,16418,1580,1250,500,2013-11-14 12:56,178,188,183.1,184.5,193,193,179.8,180.3,180,180,180,209.6,200.9,200.4,201.5,209.7,184.6,180.1,179.8,39.8,77.1,58.6,8.204,8.103,32.228,2168,193.3,10.3,200.047,2013-11-14 11:14,,
2013-11-14 12:26,Extruder 1,13-A-747,90310-000065070004,7050 0% 065T 700W BK N/T,16418,1580,1250,250,2013-11-14 12:26,177.7,188,182.9,179.7,192.6,193,180.7,180.7,180.8,180.2,179.9,210.7,202.5,202,202.5,210.8,183,180,180,40.1,77.7,58.7,8.2,8.103,32.257,2151,194.1,10.3,201.755,2013-11-14 11:14,,
2013-11-14 11:10,Extruder 1,13-A-746,90310-000065070004,7050 0% 065T 700W BK N/T,16418,1580,1250,1000,2013-11-14 11:10,178.2,188.1,183.2,182.6,192.9,193,180.1,180.1,180.1,179.9,180,210.1,200.1,200.1,200,210,183.9,180,180.1,40.6,77.6,58.7,8.197,8.106,32.169,2014,193.2,10.2,184.417,2013-11-14 8:34,,
2013-11-14 10:10,Extruder 1,13-A-746,90310-000065070004,7050 0% 065T 700W BK N/T,16418,1580,1250,500,2013-11-14 10:10,177.9,187.8,183,183.2,192.8,193,179.9,180.2,179.8,180,180,209.7,200.2,199.4,200.3,209.8,183.2,180,179.9,39.9,77.5,58.8,8.2,8.106,31.995,1976,193.1,10.1,191.366,2013-11-14 8:34,,
2013-11-14 9:39,Extruder 1,13-A-746,90310-000065070004,7050 0% 065T 700W BK N/T,16418,1580,1250,250,2013-11-14 9:39,177.5,187.9,182.9,183.2,192.4,192.8,180.1,180.1,180.4,180,179.8,210.2,201.8,201,202,210.5,182.3,180,179.9,40.2,77.3,58.7,8.2,8.088,31.977,1979,193.1,10,191.153,2013-11-14 8:34,,
2013-11-14 8:12,Extruder 1,13-A-745,90310-000065070004,7050 0% 065T 700W BK N/T,16418,1580,1250,1000,2013-11-14 8:12,178,188,183.1,183.6,193.1,192.8,180,179.8,180.1,180,180.2,210.1,199.8,199.9,199.9,210,184.7,180.1,180,39.8,77.7,58.7,8.096,7.988,32.251,2027,193,10.1,197.533,2013-11-14 6:09,,
2013-11-14 7:11,Extruder 1,13-A-745,90310-000065070004,7050 0% 065T 700W BK N/T,16418,1580,1250,500,2013-11-14 7:11,177.9,188,183,182.7,193,193.3,180.1,179.9,180,179.9,180.1,209.7,200.4,200.6,200.4,209.7,184.3,180,179.9,39.9,77.6,58.7,8.096,7.99,32.351,2015,193.4,10,193.027,2013-11-14 6:09,,
2013-11-14 6:40,Extruder 1,13-A-745,90310-000065070004,7050 0% 065T 700W BK N/T,16418,1546,1250,250,2013-11-14 6:40,177.4,187.9,182.8,182.7,192.4,192.9,180.1,180.1,180,180,180.3,210.4,201,201,201.3,210.4,183.6,180,180,39.2,76.6,58.5,8.098,7.988,31.034,1980,193.3,10,191.793,2013-11-14 6:09,,
2013-11-14 5:55,Extruder 1,13-A-744,90310-000065070004,7050 0% 065T 700W BK N/T,16418,1546,1250,1000,2013-11-14 5:55,177.9,188.1,182.9,182.8,193,192.6,180.1,180.2,179.9,180,180,209.9,200,199.8,200,210.1,185.1,180.1,180,39.2,75.7,58.3,8.105,7.99,33.558,1896,193.5,10.3,200.237,2013-11-14 3:51,,
2013-11-14 4:53,Extruder 1,13-A-744,90310-000065070004,7050 0% 065T 700W BK N/T,16418,1546,1250,500,2013-11-14 4:53,178.1,187.9,183,182.7,193,192.7,180.3,180.1,180.3,180.1,180.1,210,200.7,200.4,200.7,210,183.8,180,180,38.9,75.8,57.7,8.102,8,33.039,1818,193.5,10.2,198.767,2013-11-14 3:51,,
2013-11-14 4:22,Extruder 1,13-A-744,90310-000065070004,7050 0% 065T 700W BK N/T,16418,1546,1250,250,2013-11-14 4:22,178.2,188,182.8,183.7,192.7,193.3,180.2,180.3,180,180.2,180.6,210.5,201.1,200.9,201,210.3,182.7,180,180,39.1,75.4,57.8,8.1,7.984,33.554,1822,193,9.9,206.025,2013-11-14 3:51,,
2013-11-14 3:37,Extruder 1,13-A-743,90310-000065070004,7050 0% 065T 700W BK N/T,16418,1546,1250,1000,2013-11-14 3:37,177.9,188,183.1,182.9,193,193.2,180.1,180,180.1,180,180.1,210.3,199.9,199.9,199.9,210,184.5,179.9,179.9,39,75.7,58.1,8.1,7.99,33.034,1769,193.2,10.4,199.051,2013-11-14 1:35,,
2013-11-14 2:36,Extruder 1,13-A-743,90310-000065070004,7050 0% 065T 700W BK N/T,16418,1546,1250,500,2013-11-14 2:36,178,188.1,183.1,181.1,192.8,193,180,180,180.3,180,180,209.7,200.3,200.1,200.5,210,184.2,180.1,180,39.3,76,58.2,8.102,8.01,33.032,1793,193.4,10.2,205.076,2013-11-14 1:35,,
2013-11-14 2:05,Extruder 1,13-A-743,90310-000065070004,7050 0% 065T 700W BK N/T,16418,1546,1250,250,2013-11-14 2:05,178.2,188,183,183,192.7,193.3,180.4,180.5,180.3,180.2,180.5,210.4,201.2,201.2,201,210.3,183.2,180,180.1,38.8,75.9,58.2,8.1,7.984,32.563,1785,193.6,10.2,205.408,2013-11-14 1:35,,
2013-11-14 1:17,Extruder 1,13-A-742,90310-000065070004,7050 0% 065T 700W BK N/T,16418,1546,1250,1000,2013-11-14 1:17,178.3,188,183.2,180.6,193,193.1,180.7,180.1,179.6,180.2,181,210.7,200.1,200,200.2,210.3,184.3,180.1,180.2,40,76.2,58.6,8.102,8.02,33.014,1781,194.4,10.7,207.211,2013-11-13 23:13,,
2013-11-14 0:16,Extruder 1,13-A-742,90310-000065070004,7050 0% 065T 700W BK N/T,16418,1546,1250,500,2013-11-14 0:16,178.6,188,182.9,180.3,193.1,193.3,180,180.1,179.5,179.7,180.5,210.1,200.6,200.3,200.6,209.6,184.4,180.1,179.8,40.8,77.8,59,8.096,7.982,33.073,1768,192.6,12.3,202.514,2013-11-13 23:13,,
2013-11-13 23:45,Extruder 1,13-A-742,90310-000065070004,7050 0% 065T 700W BK N/T,16418,1546,1250,250,2013-11-13 23:45,178,188,182.7,181.4,192.7,192.8,179.8,179.9,180.7,179.6,179.6,209.9,201.3,200.8,201.5,209.8,184.2,180,180,40.5,77.5,59,8.1,7.984,33.062,1721,192.2,11.9,207.59,2013-11-13 23:13,,
2013-11-13 23:03,Extruder 1,13-A-741,90310-000065070004,7050 0% 065T 700W BK N/T,16418,1546,1250,1000,2013-11-13 23:03,178.3,188,183.1,183.3,193,193,180.1,180.2,180.1,180,180.2,210.1,200.1,200.1,200,210.1,184.4,180.1,180.2,40.7,77.5,58.3,8.1,8.018,33.091,1672,193.3,10.6,201.826,2013-11-13 21:00,,
2013-11-13 22:01,Extruder 1,13-A-741,90310-000065070004,7050 0% 065T 700W BK N/T,16418,1546,1250,500,2013-11-13 22:01,178.5,188.1,183.1,183.3,193,193.3,180.2,180,180.3,180,180.1,210.2,200.5,200.2,200.5,210.1,183.2,180,180,39.7,77.1,58.4,8.098,7.998,33.121,1605,193.1,10.5,196.584,2013-11-13 21:00,,
2013-11-13 21:31,Extruder 1,13-A-741,90310-000065070004,7050 0% 065T 700W BK N/T,16418,1546,1250,250,2013-11-13 21:31,178.3,187.8,182.7,183.1,192.5,193.1,180.3,180.2,180,180.1,180.3,210.4,200.6,200.8,200.9,210.4,182.6,180,180.1,40.2,77.4,58.6,8.299,8.212,32.041,1593,192.9,10.2,197.676,2013-11-13 21:00,,
2013-11-13 20:48,Extruder 1,13-A-740,90310-000065070004,7050 0% 065T 700W BK N/T,16418,1546,1250,1000,2013-11-13 20:48,178,188,182.9,184.1,193,193.3,180.1,180,180.1,180,180.1,210.4,200.2,199.9,200,210.3,184.5,180,180,40.3,77.2,58.4,8.25,8.151,32.569,1614,193,10.5,194.711,2013-11-13 18:44,,
2013-11-13 19:47,Extruder 1,13-A-740,90310-000065070004,7050 0% 065T 700W BK N/T,16418,1546,1250,500,2013-11-13 19:47,178,187.9,183.1,182.9,193,193.2,180,179.8,180.1,180,180,209.3,200.2,200.1,200.2,209.8,184.5,180,179.7,39.4,77.3,58.9,8.098,8.005,32.524,1649,193.1,10.4,201.02,2013-11-13 18:44,,
2013-11-13 19:16,Extruder 1,13-A-740,90310-000065070004,7050 0% 065T 700W BK N/T,16418,1546,1250,250,2013-11-13 19:16,178,187.9,182.9,181.5,192.6,193.4,180.2,180.3,180.3,180.1,180,210.6,200.8,200.6,200.9,210.5,183.8,180,180.1,39.5,77.3,58.8,8.1,7.992,32.601,1641,193.3,10.1,194.379,2013-11-13 18:44,,
2013-11-13 18:42,Extruder 1,13-A-739,90310-000065070004,7050 0% 065T 700W BK N/T,16418,1580,1250,1000,2013-11-13 18:42,175.6,186.2,181.3,181.6,191,191.8,179.8,179,179.8,180,180.2,210,198.9,199,199,210.1,183.6,180,179.8,39.3,76.5,58.5,8.102,8.002,32.533,1770,192.1,9.9,199.099,2013-11-13 16:25,,
2013-11-13 17:35,Extruder 1,13-A-739,90310-000065070004,7050 0% 065T 700W BK N/T,16418,1580,1250,500,2013-11-13 17:35,178.1,188,182.9,181.6,193,193.2,180.1,180.3,180.3,180,180.2,210.4,200.5,200.2,200.4,210.3,183.2,180,180,40.2,77.5,59.1,8.1,8.002,33.38,1554,192.9,10.2,201.613,2013-11-13 16:25,,
2013-11-13 17:04,Extruder 1,13-A-739,90310-000065070004,7050 0% 065T 700W BK N/T,16418,1580,1250,250,2013-11-13 17:04,178.1,188,182.9,183.1,192.7,193,180.3,180.3,180.1,180,180.3,210.1,200.7,200.7,200.5,210.1,182.3,180,180.2,39.5,77.4,59.1,8.1,8.005,33.38,1538,192.7,10.2,197.177,2013-11-13 16:25,,
2013-11-13 16:29,Extruder 1,13-A-738,90310-000065070004,7050 0% 065T 700W BK N/T,16418,1580,1250,1000,2013-11-13 16:29,175.6,186.2,181.2,181.4,191.8,191.5,179.8,179.2,180,180,180.1,209.5,198.8,198.6,198.8,210.1,181.9,180,180,39.2,75.9,58.4,8.1,8.01,30.009,1634,191.6,9.8,190.394,2013-11-13 11:11,,
2013-11-13 15:22,Extruder 1,13-A-738,90310-000065070004,7050 0% 065T 700W BK N/T,16418,1580,1250,500,2013-11-13 15:22,178.1,188.1,183,183.6,193,193.7,180.7,180.2,179.3,180,181.4,209.9,199.8,200.2,200,210,181.1,180.1,180.1,40,76.9,58.7,8.102,7.988,33.023,1498,193.3,10,189.184,2013-11-13 11:11,,
2013-11-13 14:51,Extruder 1,13-A-738,90310-000065070004,7050 0% 065T 700W BK N/T,16418,1580,1250,250,2013-11-13 14:51,178.1,188.2,182.9,183.1,192.6,193.7,179.7,180.2,179.7,180,180,209.8,199.9,200.2,199.9,209.6,180.9,180.1,180,39.8,77.7,59.3,8.102,8,32.057,1586,191.1,11.9,192.861,2013-11-13 11:11,,
2013-11-13 11:05,Extruder 1,13-A-737,90310-000065100004,7050 0% 065T 1000W BK N/T,16417,1580,1250,1000,2013-11-13 11:05,177.2,188.8,182.3,185.3,193,198.9,181.2,180,180,180.1,179.5,209.8,207.3,206.6,206.9,210,190.1,180,180,40.3,79.5,60,7.998,7.917,49.569,1654,196.6,13.8,179.72,2013-11-13 8:48,,
2013-11-13 10:02,Extruder 1,13-A-737,90310-000065100004,7050 0% 065T 1000W BK N/T,16417,1580,1250,500,2013-11-13 10:02,177.9,188.1,182.3,180.6,192.8,199.7,180.7,179.7,179.5,179.7,180.5,210,207.2,206.1,207,209.6,189.8,180,180.1,40.5,78.7,59.5,8.003,7.892,49.645,1656,196.1,13.2,208.824,2013-11-13 8:48,,
2013-11-13 9:31,Extruder 1,13-A-737,90310-000065100004,7050 0% 065T 1000W BK N/T,16417,1580,1250,250,2013-11-13 9:31,179,187.5,183.6,183.5,193.4,199.5,181,180,180.8,179.6,178.9,210.4,207,205.3,206.7,210.5,190.1,179.9,180,40.7,78.6,59.5,7.978,7.889,49.638,1676,196.3,13.2,213.496,2013-11-13 8:48,,
2013-11-13 8:53,Extruder 1,13-A-736,90310-000065100004,7050 0% 065T 1000W BK N/T,16417,1580,1250,1000,2013-11-13 8:53,176.1,186.8,182.1,181.9,191.6,194.4,181.6,178.5,179.7,179.9,180.1,209.1,203.9,201.9,203.8,209.6,188.8,179.7,179.7,39.1,76.9,58.2,7.253,7.145,40.025,1759,195.5,10,211.314,2013-11-13 6:22,,
2013-11-13 7:38,Extruder 1,13-A-736,90310-000065100004,7050 0% 065T 1000W BK N/T,16417,1580,1250,500,2013-11-13 7:38,178.1,188.5,182.9,179.8,193,197.7,181.5,180.2,180.3,180,180.1,210.3,204.8,202.9,204.7,210.1,189.6,180.1,180,39.1,76.1,58.1,7.25,7.16,45.121,1643,197,10.5,218.786,2013-11-13 6:22,,
2013-11-13 7:04,Extruder 1,13-A-736,90310-000065100004,7050 0% 065T 1000W BK N/T,16417,1731,1250,250,2013-11-13 7:04,178.2,188.3,182.7,184,192.8,196.5,180.8,180.2,180,180.1,180,210.3,203.9,202.3,204.3,210.2,188.9,180,180.1,40.5,78.4,58.5,7.253,7.163,45.05,1628,196.3,10.2,212.263,2013-11-13 6:22,,
2013-11-13 6:25,Extruder 1,13-A-735,90310-000065100004,7050 0% 065T 1000W BK N/T,16417,1731,1250,1000,2013-11-13 6:25,175.3,186.9,180.7,183,191.9,195.7,181.3,178.8,180,180,180.3,209.7,204,202.5,204.4,210.3,188.9,180,180,40,77.7,58.5,10.002,9.922,45.093,1847,195.3,10.8,213.496,2013-11-13 3:58,,
2013-11-13 5:13,Extruder 1,13-A-735,90310-000065100004,7050 0% 065T 1000W BK N/T,16417,1731,1250,500,2013-11-13 5:13,177.9,188.2,183.2,181.4,193,196.3,181.3,180.1,180.1,180,180.1,210.1,204.1,202.6,204.4,210,188.9,180,180.1,40.7,78.1,58.8,7.248,7.127,45.073,1519,196.6,11.4,211.836,2013-11-13 3:58,,
2013-11-13 4:39,Extruder 1,13-A-735,90310-000065100004,7050 0% 065T 1000W BK N/T,16417,1731,1250,250,2013-11-13 4:39,178.2,188.3,183.2,182.5,192.7,195.9,180.9,180,180,180,180.3,210.4,203.5,201.8,203.7,210.3,188.5,180,180,40.2,78,58.9,7.253,7.15,45.148,1517,196,11.8,213.496,2013-11-13 3:58,,
2013-11-13 4:01,Extruder 1,13-A-734,90310-000065100004,7050 0% 065T 1000W BK N/T,16417,1731,1250,1000,2013-11-13 4:01,176,186.6,181.6,179.8,191.6,194.1,181.3,178.8,179.9,179.9,180.1,209.5,203.5,201.7,203.6,210,188.5,179.8,179.8,39.8,77.5,58.7,7.5,7.413,45.118,1608,195.3,10.5,209.393,2013-11-13 1:32,,
2013-11-13 2:49,Extruder 1,13-A-734,90310-000065100004,7050 0% 065T 1000W BK N/T,16417,1731,1250,500,2013-11-13 2:49,178,188.2,182.7,183.6,192.9,196.1,181.5,179.7,180.2,180,180,210,204,202.5,204.6,210.1,188.2,180,180,39.8,77.9,58.5,7.299,7.206,45.105,1471,196.6,10.8,208.444,2013-11-13 1:32,,
2013-11-13 2:15,Extruder 1,13-A-734,90310-000065100004,7050 0% 065T 1000W BK N/T,16417,1731,1250,250,2013-11-13 2:15,178,188.2,183.7,184.5,192.7,196.6,181,180.3,180.2,180.1,180.4,210.7,203.8,202,204.1,210.7,187.1,180,180,39.9,78.1,58.4,7.301,7.188,45.096,1458,196.1,11.2,207.851,2013-11-13 1:32,,
2013-11-13 1:36,Extruder 1,13-A-733,90310-000065100004,7050 0% 065T 1000W BK N/T,16417,1731,1250,1000,2013-11-13 1:36,175.5,186.4,181.4,181.6,191.6,191.3,180.2,178.7,179.7,179.8,180,208.6,200.5,198.1,199.8,208.8,185.8,179.8,179.6,39.3,76.2,58.1,7.5,7.417,45.089,1674,192.9,10.7,210.033,2013-11-12 23:00,,
2013-11-13 0:15,Extruder 1,13-A-733,90310-000065100004,7050 0% 065T 1000W BK N/T,16417,1731,1250,500,2013-11-13 0:15,177.7,188.4,183.2,181.4,193,195.1,180.9,180.3,180,180,180.6,210,203.3,201.5,203.4,210,188,180,180,40.5,78.4,62.5,7.2,7.107,46.146,1390,195.9,11.5,204.673,2013-11-12 23:00,,
2013-11-12 23:41,Extruder 1,13-A-733,90310-000065100004,7050 0% 065T 1000W BK N/T,16417,1731,1250,250,2013-11-12 23:41,177.9,187.8,181.9,184.4,192.6,195.5,181,180,179.8,180.1,180.5,210.4,203.6,201.8,203.5,210.1,188.5,180,180,40.5,78.6,60.2,7.301,7.183,45.002,1372,195.9,12.3,208.468,2013-11-12 23:00,,
2013-11-12 23:04,Extruder 1,13-A-732,90310-000065100004,7050 0% 065T 1000W BK N/T,16417,1731,1250,1000,2013-11-12 23:04,176.2,186.9,181.5,182.3,190.1,195.6,181.9,178.5,180.1,180,180,209.7,204.4,202.3,204,210.2,188.7,179.7,179.7,40,77.5,58.7,7.5,7.395,45.128,1483,196.3,12.6,204.957,2013-11-12 20:43,,
2013-11-12 21:57,Extruder 1,13-A-732,90310-000065100004,7050 0% 065T 1000W BK N/T,16417,1731,1250,500,2013-11-12 21:57,177.9,188.1,183.1,181.4,193,197.1,181.6,180.2,180.3,180,180,210,204.4,202.8,204.4,210,188.7,179.9,180,40.6,78.8,62.9,7.502,7.393,45.107,1429,196.8,12.7,208.539,2013-11-12 20:43,,
2013-11-12 21:23,Extruder 1,13-A-732,90310-000065100004,7050 0% 065T 1000W BK N/T,16417,1731,1250,250,2013-11-12 21:23,178.3,188.2,182.9,182.9,192.6,196.3,181.1,180,179.9,180,180.1,210.2,204.1,202.3,204.1,210.2,188.3,180,180,40.8,79,62.8,7.502,7.383,45.014,1438,196.2,12.3,217.22,2013-11-12 20:43,,
2013-11-12 20:46,Extruder 1,13-A-731,90310-000065100004,7050 0% 065T 1000W BK N/T,16417,1731,1250,1000,2013-11-12 20:46,175.6,186.9,182.3,182,191.8,194.9,181.6,178.3,180.1,179.9,180,209.7,204.4,202.4,203.9,210,188.1,179.7,179.7,39.6,77.9,62.2,7.5,7.399,45.116,1578,195.9,10.2,208.159,2013-11-12 14:56,,
2013-11-12 19:36,Extruder 1,13-A-731,90310-000065100004,7050 0% 065T 1000W BK N/T,16417,1731,1250,500,2013-11-12 19:36,177.8,188,183,184.2,193,196.5,181.5,179.7,180,180,179.8,210,205.1,203.7,205.1,209.8,186.8,180,180,40.8,78,62.6,7.493,7.405,45.114,1438,195.9,10.8,207.661,2013-11-12 14:56,,
2013-11-12 19:02,Extruder 1,13-A-731,90310-000065100004,7050 0% 065T 1000W BK N/T,16417,1413,1250,250,2013-11-12 19:02,177.8,188.1,183.1,183.9,193,196.8,181.7,180.6,180.6,180,180,210,205.5,204,205.8,210.5,185.2,180.1,180,40.1,78,62.6,7.502,7.397,45.121,1430,195.5,10.4,211.646,2013-11-12 14:56,,
2013-11-12 14:51,Extruder 1,13-A-730,90310-000065100004,7050 0% 065T 1000W BK N/T,16417,1413,1250,1000,2013-11-12 14:51,177.9,187.8,183.1,183,193,196.3,181,180.2,180,180,180,209.9,204.4,203,204.3,210,189,180,180.1,40.2,78,63.2,8.7,8.543,46.604,1469,196.7,10.8,207.045,2013-11-12 12:19,,
2013-11-12 13:45,Extruder 1,13-A-730,90310-000065100004,7050 0% 065T 1000W BK N/T,16417,1413,1250,500,2013-11-12 13:45,177.9,188.8,182.7,182.6,192.8,196.6,181.6,179.3,180.2,179.8,180.3,209.8,204.7,203,204.6,210,187.5,180,179.9,40.3,78.3,63,7.6,7.435,45.05,1443,197.1,10.7,208.563,2013-11-12 12:19,,
2013-11-12 13:12,Extruder 1,13-A-730,90310-000065100004,7050 0% 065T 1000W BK N/T,16417,1413,1250,250,2013-11-12 13:12,177.9,187.9,183.2,183.8,192.9,195.6,182.1,180.6,181.2,180,180,210.8,205.3,203,204.7,210.8,185,180,180,40.8,76.7,62.9,7.398,7.258,45.121,1412,197.2,10.7,207.922,2013-11-12 12:19,,
2013-11-12 11:46,Extruder 1,13-A-729,90310-000065100004,7050 0% 065T 1000W BK N/T,16417,1413,1250,1000,2013-11-12 11:46,178.7,188.8,183.7,182.4,193.1,195.9,181.2,179.8,180,180,179.9,209.9,203.4,202,203.4,209.9,189.8,180,180,39.9,73.6,62,8.501,8.338,47.034,1363,196.4,11,215.062,2013-11-12 9:27,,
2013-11-12 10:43,Extruder 1,13-A-729,90310-000065100004,7050 0% 065T 1000W BK N/T,16417,1413,1250,500,2013-11-12 10:43,178.7,188.4,183.2,184.6,193,195.3,181,180.3,180.2,180,179.7,210,202.7,200.9,202.9,210.1,188.4,180,180,41.2,73.3,63,7.804,7.636,47.112,1363,196,10.8,209.63,2013-11-12 9:27,,
2013-11-12 10:10,Extruder 1,13-A-729,90310-000065100004,7050 0% 065T 1000W BK N/T,16417,1413,1250,250,2013-11-12 10:10,177.6,188.3,182.6,181.6,192.8,194.6,180.5,180,180,180.1,180.3,210.6,202.2,200.5,202.3,210.5,187.7,180.1,180,41.6,73.7,65.4,7.6,7.433,45.897,1336,195.2,10.9,207.614,2013-11-12 9:27,,
2013-11-12 9:32,Extruder 1,13-A-729,90310-000065100004,7050 0% 065T 1000W BK N/T,16417,1413,1250,1000,2013-11-12 9:32,176.1,186.5,181.6,180.8,192.4,191.8,181,178.8,179.8,180,180,209,202.2,200.2,202.1,209.4,188.1,179.8,179.7,41,75.3,64.7,7.301,7.142,43.592,1387,194.6,10.2,208.159,2013-11-12 9:27,,
2013-11-12 8:21,Extruder 1,13-A-728,90310-000065100004,7050 0% 065T 1000W BK N/T,16417,1413,1250,500,2013-11-12 8:21,179,185.5,183.1,182.6,192.9,197.3,181.3,180,180.3,180,179.9,210.2,203.5,202.2,203.8,210,189.4,180,180,41,78.2,66.7,7.498,7.349,44.638,1433,196.6,10.8,215.014,2013-11-12 7:03,,
2013-11-12 7:47,Extruder 1,13-A-728,90310-000065100004,7050 0% 065T 1000W BK N/T,16417,1413,1250,250,2013-11-12 7:47,177.5,188.2,183.2,183.1,192.9,195.7,180.9,180.4,180,180,180,210.5,202.8,201.3,203.1,210.3,188.9,180,180,41.5,77.9,66.8,7.299,7.135,43.884,1413,196.1,11.1,213.757,2013-11-12 7:03,,
2013-11-12 7:07,Extruder 1,13-A-727,90310-000065100004,7050 0% 065T 1000W BK N/T,16417,1731,1250,1000,2013-11-12 7:07,175.9,186.6,182.2,180.6,191.5,191.9,181.3,178.6,179.9,179.8,180,209.3,202.2,199.8,201.8,209.6,188.5,179.7,179.6,40.2,75.8,66,7.301,7.155,43.651,1553,194.9,10.3,215.75,2013-11-12 4:43,,
2013-11-12 5:52,Extruder 1,13-A-727,90310-000065100004,7050 0% 065T 1000W BK N/T,16417,1731,1250,500,2013-11-12 5:52,177.4,188,182.8,183.4,193,195.3,181.3,180.4,180.1,180.1,180.2,210,202.9,201.4,203.3,210.2,189.3,180,180,40.7,77.3,66.8,7.297,7.138,43.615,1387,196.2,11.2,216.082,2013-11-12 4:43,,
2013-11-12 5:17,Extruder 1,13-A-727,90310-000065100004,7050 0% 065T 1000W BK N/T,16417,1731,1250,250,2013-11-12 5:17,177.7,188.6,182.9,183.7,192.8,195.6,180.9,179.7,180.2,180,180.2,210.3,202.5,201,202.7,210.5,188.8,180.1,180,41.6,77.8,67.1,7.297,7.148,43.606,1381,195.7,11.1,212.619,2013-11-12 4:43,,
2013-11-12 4:32,Extruder 1,13-A-726,90310-000065100004,7050 0% 065T 1000W BK N/T,16417,1731,1250,1000,2013-11-12 4:32,178.6,188.6,182.9,182.8,193,193.7,180.7,180.2,179.8,180,180.2,209.9,202.4,200.8,202.7,209.9,188.8,179.9,180,41.4,78.6,67.3,7.2,7.047,43.604,1358,195.7,12.2,211.67,2013-11-12 2:14,,
2013-11-12 3:24,Extruder 1,13-A-726,90310-000065100004,7050 0% 065T 1000W BK N/T,16417,1731,1250,500,2013-11-12 3:24,177.5,188.1,182.6,184.5,193,194.3,181,180.2,180.1,180,180,210,202.9,201.2,203,210,188.9,180,179.9,40.8,77.5,66.9,7.509,7.355,43.569,1323,195.8,11.7,211.575,2013-11-12 2:14,,
2013-11-12 2:50,Extruder 1,13-A-726,90310-000065100004,7050 0% 065T 1000W BK N/T,16417,1731,1250,250,2013-11-12 2:50,177.4,188.6,183.4,184.5,192.8,194.9,180.5,180.2,180,180.1,180.2,210.3,202.7,200.8,202.7,210.4,188.7,179.8,180,41.4,77.3,66.9,7.301,7.158,43.574,1354,195.3,10.9,209.298,2013-11-12 2:14,,
2013-11-12 2:02,Extruder 1,13-A-725,90310-000065100004,7050 0% 065T 1000W BK N/T,16417,1731,1250,1000,2013-11-12 2:02,178.9,187.7,183.1,182.4,193.1,196.6,181.6,180.3,180,180,180,209.8,203.7,202.3,203.8,210,190.5,180,180.1,41.5,78.1,66.8,7.2,7.049,43.485,1424,196.9,12.2,214.018,2013-11-11 23:40,,
2013-11-12 0:52,Extruder 1,13-A-725,90310-000065100004,7050 0% 065T 1000W BK N/T,16417,1731,1250,500,2013-11-12 0:52,178.5,188.1,183.4,184.3,192.9,195,180.9,180,180.2,179.9,180.2,210,202.5,200.8,202.8,210,188.9,180.1,180,42,78.9,67,7.2,7.049,43.551,1339,195.7,11.9,208.634,2013-11-11 23:40,,
2013-11-12 0:17,Extruder 1,13-A-725,90310-000065100004,7050 0% 065T 1000W BK N/T,16417,1731,1250,250,2013-11-12 0:17,178,187.8,182.6,183.3,192.8,194.3,180.4,180,180,180,180,210.3,202.3,200.5,202.2,210.3,188.4,180.1,180,41,79,66.9,7.197,7.055,43.583,1324,195.3,12,203.748,2013-11-11 23:40,,
2013-11-11 23:32,Extruder 1,13-A-724,90310-000065100004,7050 0% 065T 1000W BK N/T,16417,1731,1250,1000,2013-11-11 23:32,178.7,188.1,181.8,182.6,192.9,193.7,180.9,179.8,180,180,179.8,210.1,202.6,200.9,202.8,210,189.1,180,180,41.2,77.9,66.9,7.2,7.055,43.531,1313,195.6,11.9,207.543,2013-11-11 21:04,,
2013-11-11 22:23,Extruder 1,13-A-724,90310-000065100004,7050 0% 065T 1000W BK N/T,16417,1731,1250,500,2013-11-11 22:23,178,188,182.7,183.5,193,193.4,180.9,180,180.1,180,180,210.1,202.2,200.6,202.5,209.9,188.1,180,180,41.3,79.1,67,7.1,6.963,43.629,1316,195.5,10.5,204.791,2013-11-11 21:04,,
2013-11-11 21:48,Extruder 1,13-A-724,90310-000065100004,7050 0% 065T 1000W BK N/T,16417,1731,1250,250,2013-11-11 21:48,176.4,187.8,182.6,182.3,192.8,195,180.6,180,180.1,180.1,180,210.4,202.2,200.7,202.5,210.5,187.7,180,180,41.3,78,66.8,7.2,7.049,43.579,1287,195,10.8,203.914,2013-11-11 21:04,,
2013-11-11 20:58,Extruder 1,13-A-723,90310-000065100004,7050 0% 065T 1000W BK N/T,16417,1731,1250,1000,2013-11-11 20:58,178.2,188.1,183.6,183,193.1,194.2,181.1,180.2,180,180,180.1,210.4,203.2,201.7,203.3,210,189.3,179.9,180,41.7,77.7,66.8,7.2,7.049,43.497,1342,195.7,10.9,212.31,2013-11-11 18:22,,
2013-11-11 19:47,Extruder 1,13-A-723,90310-000065100004,7050 0% 065T 1000W BK N/T,16417,1731,1250,500,2013-11-11 19:47,176.9,188.2,182.9,182.5,193,195.6,181.3,180,180,179.9,180.1,209.7,203.5,202.1,203.7,209.9,189.4,180,180,41.5,77.8,66.9,7.2,7.029,43.526,1341,196.1,10.8,208.966,2013-11-11 18:22,,
2013-11-11 19:13,Extruder 1,13-A-723,90310-000065100004,7050 0% 065T 1000W BK N/T,16417,1731,1250,250,2013-11-11 19:13,178.7,188.9,183.6,182.1,192.9,196.5,180.7,180.1,180,180,180,210.3,203,201.5,203.2,210.3,188.9,180,180,41.5,78,66.9,7.098,6.956,43.563,1389,195.7,10.7,210.721,2013-11-11 18:22,,
2013-11-11 18:24,Extruder 1,13-A-722,90310-000065100004,7050 0% 065T 1000W BK N/T,16417,1413,1250,1000,2013-11-11 18:24,177.6,188.1,183,183.8,193,194.3,180.8,179.6,180.2,180,179.9,210.2,203,201.4,203.1,210.2,188.8,180.1,180,41.6,79.1,67.1,8.003,7.851,43.843,1338,195.4,10.7,208.041,2013-11-11 9:13,,
2013-11-11 17:14,Extruder 1,13-A-722,90310-000065100004,7050 0% 065T 1000W BK N/T,16417,1413,1250,500,2013-11-11 17:14,177.7,188.4,183.1,182.7,193,193.7,180.6,180.1,180,180,180.2,209.9,202.9,201.3,203.1,209.9,186.7,180,180,41.5,81.4,68.7,7.1,6.898,43.811,1271,194.4,10.4,199.028,2013-11-11 9:13,,
2013-11-11 16:38,Extruder 1,13-A-722,90310-000065100004,7050 0% 065T 1000W BK N/T,16417,1413,1250,250,2013-11-11 16:38,178.1,187.7,182.9,184.2,193,194.9,181.1,180.2,180.3,179.9,180.2,209.6,203.5,202.1,203.8,210,185.4,180,179.8,42.4,83.3,71.3,6.998,6.802,43.768,1280,194.7,11,198.482,2013-11-11 9:13,,
2013-10-18 17:41,Extruder 1,13-A-648,90310-000117080004,7050 0% 117T 800W BK N/T,15727,1413,1250,500,2013-10-18 17:41,178.9,195,180.6,181,180.4,192.4,180.2,179.9,180,180,179.7,188,189.6,192.7,189.3,188,187.9,179.9,180,43.2,69.8,61,4.499,4.484,44.868,870,194.6,10.7,215.109,2013-10-18 15:55,,
2013-10-18 16:49,Extruder 1,13-A-648,90310-000117080004,7050 0% 117T 800W BK N/T,15727,1413,1250,250,2013-10-18 16:49,178.5,194.9,179.7,178.9,180.3,192,180.8,179.8,180,180,179.8,187.2,190.4,193.4,189.8,187.4,186.8,180.1,180,45.7,75,60.9,5.002,5.009,48.187,905,195.1,11.8,213.994,2013-10-18 15:55,,
2013-10-18 15:52,Extruder 1,13-A-647,90310-000117080004,7050 0% 117T 800W BK N/T,15727,1413,1250,500,2013-10-18 15:52,177.6,193.7,178.7,178.6,179.9,181.6,181,181.4,181.1,180.3,180.6,192.6,191.2,186.2,186.2,192.3,181.7,180,179.7,55.2,79.4,68.9,5.192,5.238,50.255,959,190.7,10.4,224.217,2013-10-17 22:15,,
2013-10-18 13:21,Extruder 1,13-A-647,90310-000117080004,7050 0% 117T 800W BK N/T,15727,1413,1250,250,2013-10-18 13:21,178,194.7,198.6,199,199.7,194.9,188.1,184.9,183,184.1,185.4,205.1,199.4,198.2,199.2,204.7,187.8,185.6,180.2,55.4,79.6,71.6,5.097,5.119,40.046,821,200.5,9.6,197.438,2013-10-17 22:15,,
2013-10-18 12:20,Extruder 1,13-A-647,90310-000117080004,7050 0% 117T 800W BK N/T,15727,1413,1250,250,2013-10-18 12:20,177.5,187.6,183,183.6,192.7,193,180.6,180.2,180.4,179.7,180.2,212.5,202.9,200.9,202.8,213,183.6,180.1,179.6,50.7,77.9,69.7,5.298,5.298,40.182,818,193.7,9.6,209.013,2013-10-17 22:15,,
2013-10-18 1:03,Extruder 1,13-A-647,90310-000117080004,7050 0% 117T 800W BK N/T,15727,1520,1250,1000,2013-10-18 1:03,178.7,188.1,182.8,180.5,192.7,193.7,180.8,180.9,180.6,180.3,180.6,211.3,203.4,202.9,203.3,210.9,181.5,180,180.3,41.6,82.2,66.9,5.3,5.298,42.043,954,193.2,10,207.519,2013-10-17 22:15,,
2013-10-17 21:56,Extruder 1,13-A-646,90310-000117080004,7050 0% 117T 800W BK N/T,15727,1520,1250,500,2013-10-17 21:56,178.6,188.3,183.6,181.9,193,192.2,180,179.7,179.9,180,180,210,200.1,199.7,200.8,210,186.1,180,180,42.4,87.4,68.5,5.23,5.241,41.141,1043,194.2,9.9,210.413,2013-10-17 20:33,,
2013-10-17 21:09,Extruder 1,13-A-646,90310-000117080004,7050 0% 117T 800W BK N/T,15727,1520,1250,250,2013-10-17 21:09,177,188,183,184,192.9,193.3,180,179.4,180,180,179.8,210,200.4,200.2,200.9,209.8,186.2,180,179.9,42.8,87.4,69,5.228,5.223,41.223,1077,194.2,10.9,212.88,2013-10-17 20:33,,
2013-10-17 19:25,Extruder 1,13-A-645,90310-000117080004,7050 0% 117T 800W BK N/T,15727,1520,1250,500,2013-10-17 19:25,178.6,188.1,183.3,181.2,192.9,193.3,180.1,179.7,180,180,180,210,200.5,200.1,200.6,210.1,186.3,180,180,42,87.1,63.6,5.232,5.228,41.096,1070,194.2,10.3,214.326,2013-10-17 12:16,,
2013-10-17 18:37,Extruder 1,13-A-645,90310-000117080004,7050 0% 117T 800W BK N/T,15727,1546,1250,250,2013-10-17 18:37,178.5,188,182.6,184,193,193.6,180.2,179.8,180,180,179.9,210.7,200.5,200,200.3,210.5,186.6,180,180.4,42.7,87.2,66.5,5.249,5.248,41.175,1076,194.2,12.3,212.192,2013-10-17 12:16,,
2013-10-17 17:05,Extruder 1,13-A-645,90310-000117080004,7050 0% 117T 800W BK N/T,15727,1546,1250,250,2013-10-17 17:05,178.5,188.2,183.2,183.5,192.9,193.2,181,180.9,180.7,180.1,180.4,210.1,202.3,201.8,202.3,210.3,183.7,180.1,179.8,42.5,88.4,82.2,5.201,5.205,41.159,1040,194,9.9,208.254,2013-10-17 12:16,,
2013-10-11 13:11,Extruder 1,13-A-622,90310-000065060004,7050 0% 065T 600W BK N/T,15683,1251,1250,1000,2013-10-11 13:11,178.1,187.9,182.9,182.9,193,193.6,180.2,179.9,180.1,180.2,180,205,200,200,200,205.1,180.6,180.1,180,42.2,84.7,76.5,8.001,7.972,25.547,1077,192.1,10.6,52.324,2013-10-11 10:54,,
2013-10-11 12:10,Extruder 1,13-A-622,90310-000065060004,7050 0% 065T 600W BK N/T,15683,1251,1250,500,2013-10-11 12:10,177.8,188,182.8,183.3,192.9,193.1,180.3,180,180,180,179.9,204.8,200,200.1,200.1,205,180.2,180,180,40.5,82.7,73.3,8.005,7.962,25.79,1326,192.3,10.5,174.004,2013-10-11 10:54,,
2013-10-11 11:39,Extruder 1,13-A-622,90310-000065060004,7050 0% 065T 600W BK N/T,15683,1251,1250,250,2013-10-11 11:39,177.5,187.9,182.9,183.1,192.9,193,179.8,179.8,179.7,180,179.8,205.3,200.4,200.3,200.3,205.1,180.2,180,180,40.7,82.5,73.2,8.001,7.962,25.834,1305,191.8,10.4,164.469,2013-10-11 10:54,,
2013-10-11 10:49,Extruder 1,13-A-621,90310-000065060004,7050 0% 065T 600W BK N/T,15683,1251,1250,1000,2013-10-11 10:49,174.5,185.6,180.2,181,191.4,191.5,180,179.7,180.1,180.1,180.3,205.1,199.9,199.4,199.7,205.1,179.5,180,180,39.5,81,73.9,7.996,7.992,25.175,1325,190.8,9.6,156.167,2013-10-11 8:42,,
2013-10-11 9:42,Extruder 1,13-A-621,90310-000065060004,7050 0% 065T 600W BK N/T,15683,1251,1250,500,2013-10-11 9:42,177.8,187.8,182.3,182.4,192.9,192.8,180,179.8,180.3,180,180,205,200.2,200,200.2,205.1,180,180,179.9,41.3,82.6,74.5,8.001,7.972,25.223,1243,191.6,9.5,161.812,2013-10-11 8:42,,
2013-10-11 9:11,Extruder 1,13-A-621,90310-000065060004,7050 0% 065T 600W BK N/T,15683,1251,1250,250,2013-10-11 9:11,177.4,187.8,183,183.2,192.5,192.9,180.6,180.3,180,180,180.2,205.1,200.4,200.5,200.6,205.2,180.7,180,180,40.1,82,73.9,7.996,7.962,25.207,1268,192.2,9.6,166.224,2013-10-11 8:42,,
2013-10-11 8:36,Extruder 1,13-A-620,90310-000065060004,7050 0% 065T 600W BK N/T,15683,1251,1250,1000,2013-10-11 8:36,174.7,185.7,180.6,180.2,191.3,191.6,180,179,180,179.9,180.3,205.2,199.5,199,199.3,205.1,178.5,179.8,179.9,40.1,79.8,73.9,8.003,7.972,25.173,1398,190.6,10,156.689,2013-10-11 6:25,,
2013-10-11 7:27,Extruder 1,13-A-620,90310-000065060004,7050 0% 065T 600W BK N/T,15683,1251,1250,500,2013-10-11 7:27,177.7,188,182.9,183.2,192.9,192.6,180,180,179.8,180,179.7,204.8,200,200,199.9,204.6,180,180,180,40,82.2,73.7,8.001,7.958,25.146,1304,191.7,10.4,170.446,2013-10-11 6:25,,
2013-10-11 6:57,Extruder 1,13-A-620,90310-000065060004,7050 0% 065T 600W BK N/T,15683,1413,1250,250,2013-10-11 6:57,177.1,187.6,182.8,182.9,192.4,192.8,179.9,179.7,180.1,180,180,205.2,200.5,200.3,200.4,205.3,180.8,180,180,41.4,84.1,75.9,7.996,7.98,25.141,1305,191.5,9.5,166.224,2013-10-11 6:25,,
2013-10-11 6:23,Extruder 1,13-A-619,90310-000065060004,7050 0% 065T 600W BK N/T,15683,1413,1250,1000,2013-10-11 6:23,174.2,185.6,180.3,180.7,191.1,191.7,180,179.3,180,180,180.1,204.7,199.9,199.1,199.3,205.3,179.4,179.8,179.8,41.3,81.2,75.5,8.001,7.96,24.995,1434,191.1,10.3,167.979,2013-10-11 4:10,,
2013-10-11 5:16,Extruder 1,13-A-619,90310-000065060004,7050 0% 065T 600W BK N/T,15683,1413,1250,500,2013-10-11 5:16,177.9,188,182.9,182.9,192.8,193.5,179.8,179.9,180,179.8,180.3,205,199.9,200.1,200.1,205,180.1,180,180,41.6,83.8,76.2,8.005,7.982,25.116,1334,191.7,9.8,173.624,2013-10-11 4:10,,
2013-10-11 4:45,Extruder 1,13-A-619,90310-000065060004,7050 0% 065T 600W BK N/T,15683,1413,1250,250,2013-10-11 4:45,177.1,187.5,182.4,182.8,192.4,192.7,180.2,180,180.1,180,179.9,205.2,200.3,200.4,200.4,205.1,180.3,180,180,41.9,83.4,76.3,8.001,7.97,25.057,1348,191.9,9.9,171.205,2013-10-11 4:10,,
2013-10-11 4:10,Extruder 1,13-A-618,90310-000065060004,7050 0% 065T 600W BK N/T,15683,1413,1250,1000,2013-10-11 4:10,174.4,185.5,180.3,180.5,191.1,191.7,179.7,179.2,180,180,180.1,204.8,199.6,199.1,199.4,205.1,179.5,179.9,180,41.5,82,76,8.001,7.96,25.018,1439,191.1,10,162.381,2013-10-11 1:56,,
2013-10-11 3:03,Extruder 1,13-A-618,90310-000065060004,7050 0% 065T 600W BK N/T,15683,1413,1250,500,2013-10-11 3:03,177.8,188,183.1,182.8,192.7,193.6,180.2,180,180.2,180.1,180,205,200.1,200,200,204.9,180.4,180,180,41.8,84.2,76.6,7.901,7.881,25.014,1337,192.2,9.7,175.854,2013-10-11 1:56,,
2013-10-11 2:32,Extruder 1,13-A-618,90310-000065060004,7050 0% 065T 600W BK N/T,15683,1413,1250,250,2013-10-11 2:32,177.1,187.8,182.7,182.9,192.4,192.5,180,180,180,180,180,205.1,200.2,200.3,200.2,205.1,180.3,179.8,180,42.2,83.6,76.2,7.899,7.869,25.194,1321,191.8,10.5,175.356,2013-10-11 1:56,,
2013-10-11 1:57,Extruder 1,13-A-617,90310-000065060004,7050 0% 065T 600W BK N/T,15683,1413,1250,1000,2013-10-11 1:57,174.1,185.4,179.8,180.8,190.8,191.9,180,179.6,179.8,179.9,180.2,204.9,200,199.3,199.5,205.1,179.9,179.9,180,41.8,81.5,76,7.998,7.982,25.002,1372,191.4,9.8,172.201,2013-10-10 23:44,,
2013-10-11 0:51,Extruder 1,13-A-617,90310-000065060004,7050 0% 065T 600W BK N/T,15683,1413,1250,500,2013-10-11 0:51,177.8,188,183,183,192.8,192.8,179.9,180,180,179.9,180.2,204.8,200.2,200.2,200.1,205,180.5,179.8,180,42.2,84.3,76.5,7.897,7.866,25.216,1283,191.8,10.3,169.379,2013-10-10 23:44,,
2013-10-11 0:20,Extruder 1,13-A-617,90310-000065060004,7050 0% 065T 600W BK N/T,15683,1413,1250,250,2013-10-11 0:20,177.1,187.9,182.8,183.1,192.5,192.7,180.6,180.6,180.2,180.1,180.4,205.3,200.5,200.4,200.3,205.1,180.5,180,180,42.1,84.3,76.4,8.001,7.972,25.401,1280,192.1,10,173.174,2013-10-10 23:44,,
2013-10-10 23:46,Extruder 1,13-A-616,90310-000065060004,7050 0% 065T 600W BK N/T,15683,1413,1250,1000,2013-10-10 23:46,174.4,185.6,180,180.3,191,191.6,180.2,179.3,180,180,180.4,204.7,200,199.3,199.5,205.2,179.3,179.8,180,42.2,84,76.2,8.003,7.937,25.433,1310,191.1,10,162.69,2013-10-10 20:52,,
2013-10-10 22:39,Extruder 1,13-A-616,90310-000065060004,7050 0% 065T 600W BK N/T,15683,1413,1250,500,2013-10-10 22:39,178,188,182.9,183.2,193,193,180.2,180.4,180,180,179.9,205.3,200,199.8,199.6,204.7,180.2,180,180,42,86.3,76.5,8.102,8.071,25.317,1228,191.4,10.3,169.402,2013-10-10 20:52,,
2013-10-10 22:09,Extruder 1,13-A-616,90310-000065060004,7050 0% 065T 600W BK N/T,15683,1413,1250,250,2013-10-10 22:09,177.5,187.8,182.9,183.1,192.4,192.8,180.3,180.6,180.3,180,180,205.1,200.4,200.4,200.5,205,180.2,180,179.8,42.2,92.7,76,8.202,8.167,24.809,1265,191.4,10.3,167.315,2013-10-10 20:52,,
2013-10-10 20:06,Extruder 1,13-A-615,90310-000065060004,7050 0% 065T 600W BK N/T,15683,1413,1250,1000,2013-10-10 20:06,177.8,187.9,183.1,183.3,193.1,193.2,180.1,179.8,180,180,180,204.8,199.8,200,199.9,205.1,180.2,180.1,180,43.7,86.7,77,8.501,8.487,25.364,1225,191.6,10.4,167.196,2013-10-10 18:01,,
2013-10-10 19:04,Extruder 1,13-A-615,90310-000065060004,7050 0% 065T 600W BK N/T,15683,1413,1250,500,2013-10-10 19:04,177.7,187.9,182.7,182.7,192.7,192.7,180,179.8,180,180,180,204.9,200,200,200.1,204.8,180.3,179.9,180,43.1,86.4,77.9,7.899,7.887,25.323,1248,191.5,11.1,170.849,2013-10-10 18:01,,
2013-10-10 18:33,Extruder 1,13-A-615,90310-000065060004,7050 0% 065T 600W BK N/T,15683,1580,1250,250,2013-10-10 18:33,177.3,187.9,182.8,183,192.5,192.8,180.2,180.2,180.1,180,180.2,205.1,200.4,200.4,200.5,205.3,180.5,180,180,43.3,86.5,78.2,7.901,7.874,25.524,1251,191.6,11.2,167.979,2013-10-10 18:01,,
2013-10-10 17:54,Extruder 1,13-A-614,90310-000065060004,7050 0% 065T 600W BK N/T,15683,1580,1250,1000,2013-10-10 17:54,174.5,185.5,180.4,180,191.4,191.7,180,179.5,180,180,180.1,205,199.6,199.1,199.5,205.1,179,179.8,179.8,42.9,84.2,78.2,7.901,7.876,24.699,1339,190.7,11.3,165.323,2013-10-10 15:38,,
2013-10-10 16:46,Extruder 1,13-A-614,90310-000065060004,7050 0% 065T 600W BK N/T,15683,1580,1250,500,2013-10-10 16:46,177.8,187.8,182.8,183.2,192.8,192.8,180.2,180.2,180.1,180.1,179.7,205.1,200.2,200,200,205.1,180.4,180,180,43.8,87.6,78.6,8.003,7.974,25.672,1255,191.7,11.6,166.793,2013-10-10 15:38,,
2013-10-10 16:15,Extruder 1,13-A-614,90310-000065060004,7050 0% 065T 600W BK N/T,15683,1580,1250,250,2013-10-10 16:15,177.1,188,182.9,183.4,192.7,192.7,180.3,180.4,180,180,180,205.1,200.4,200.4,200.3,205.3,180.5,180,180,44.4,87.7,78.6,8.005,7.97,25.002,1277,192.1,11.3,169.189,2013-10-10 15:38,,
2013-10-10 15:37,Extruder 1,13-A-613,90310-000065060004,7050 0% 065T 600W BK N/T,15683,1580,1250,1000,2013-10-10 15:37,174.1,185.7,180.1,180.6,191.2,191.9,180,179.9,180.2,180,180,205,199.8,199.4,199.6,205.3,180,179.8,180,42.9,85.3,78,8.003,7.978,25.326,1395,191.1,11.3,170.019,2013-10-10 11:50,,
2013-10-10 14:32,Extruder 1,13-A-613,90310-000065060004,7050 0% 065T 600W BK N/T,15683,1580,1250,500,2013-10-10 14:32,178,187.8,182.6,182.1,192.9,193.3,180.2,180,180,180,180.3,205.1,200.2,200.1,199.9,205,180.6,180.1,180,43.1,86.9,78.3,8.1,8.083,25.601,1327,192.2,11.1,175.783,2013-10-10 11:50,,
2013-10-10 14:01,Extruder 1,13-A-613,90310-000065060004,7050 0% 065T 600W BK N/T,15683,1580,1250,250,2013-10-10 14:01,177.5,187.9,183,183.1,192.6,193,180.3,180.3,180.2,180,180,205,200.3,200.4,200.5,205,180.6,180,180,43.6,87.8,77.9,8.098,8.071,25.328,1302,191.5,10.5,172.438,2013-10-10 11:50,,
2013-10-10 11:50,Extruder 1,13-A-612,90310-000065060004,7050 0% 065T 600W BK N/T,15683,1580,1250,1000,2013-10-10 11:50,177.9,188.1,183.2,183.7,193,193.2,180,180.5,180.2,180,179.7,205,200.2,200,200,205,180.2,180,180,42.5,85.5,76.6,8.304,8.27,25.599,1236,192,10.5,164.184,2013-10-10 9:48,,
2013-10-10 10:50,Extruder 1,13-A-612,90310-000065060004,7050 0% 065T 600W BK N/T,15683,1580,1250,500,2013-10-10 10:50,177.8,187.9,182.7,182.4,193,193,180.2,179.8,180.2,180.1,180.4,204.8,200.1,200.1,200.1,204.8,180.1,180,179.8,42.1,84.8,75.4,8.001,7.972,25.335,1190,192.1,9.9,167.434,2013-10-10 9:48,,
2013-10-10 10:19,Extruder 1,13-A-612,90310-000065060004,7050 0% 065T 600W BK N/T,15683,1580,1250,250,2013-10-10 10:19,177.1,187.7,182.8,182.6,192.6,192.9,179.8,179.7,180,180,180.2,205.2,200.4,200.5,200.5,205.1,180.5,179.9,180,42.6,85,75.5,8.197,8.167,25.615,1196,191.5,9.5,166.556,2013-10-10 9:48,,
2013-10-10 9:40,Extruder 1,13-A-611,90310-000065060004,7050 0% 065T 600W BK N/T,15683,1580,1250,1000,2013-10-10 9:40,174.8,185.6,180.1,180.1,191.3,191.6,180.4,179.8,180.3,180,180.4,205.1,199.6,199.1,199.5,205.2,179,179.8,179.8,41.8,83.4,75.5,7.793,7.773,22.043,1214,191.1,9.9,151.186,2013-10-10 7:11,,
2013-10-10 8:30,Extruder 1,13-A-611,90310-000065060004,7050 0% 065T 600W BK N/T,15683,1580,1250,500,2013-10-10 8:30,177.7,187.8,182.7,183,193,193,180,179.9,180.1,180,179.8,204.8,200.1,200.1,200,204.9,180.1,180,180,42.1,84.8,76.4,7.802,7.773,24.777,1150,191.4,9.6,169.639,2013-10-10 7:11,,
2013-10-10 7:59,Extruder 1,13-A-611,90310-000065060004,7050 0% 065T 600W BK N/T,15683,1580,1250,250,2013-10-10 7:59,177.4,187.8,182.7,182.9,192.6,192.9,180.6,180,180.3,180.1,180.3,205.2,200.6,200.5,200.8,205.4,180.2,179.9,180,41.5,87.6,76,7.802,7.763,24.695,1156,191.7,9.6,161.788,2013-10-10 7:11,,
2013-10-10 7:19,Extruder 1,13-A-611,90310-000065060004,7050 0% 065T 600W BK N/T,15683,1580,1250,1000,2013-10-10 7:19,175.4,185.8,180.4,180.6,191.4,191.4,179.8,179.7,180.2,180,180.9,205.3,199.5,198.6,198.9,204.8,178.5,179.8,179.8,41,81.2,75.3,9.005,8.983,21.959,1203,190.3,9.7,148.98,2013-10-10 7:11,,
2013-10-10 6:05,Extruder 1,13-A-610,90310-000065060004,7050 0% 065T 600W BK N/T,15683,1413,1250,500,2013-10-10 6:05,177.7,187.9,182.9,182.9,192.9,193,180,180,180,180,180,204.9,200,200.1,200,204.9,180.3,180,179.7,41.6,83.8,75,7.8,7.769,25.018,1153,191.4,10.8,167.528,2013-10-10 4:58,,
2013-10-10 5:33,Extruder 1,13-A-610,90310-000065060004,7050 0% 065T 600W BK N/T,15683,1413,1250,250,2013-10-10 5:33,177.4,187.8,182.6,182.9,192.5,192.9,180.3,179.8,180,180,180,205.1,200.2,200.4,200.5,205.4,180,180,180,42,80,72.8,7.797,7.769,24.929,1158,191.5,9.8,168.43,2013-10-10 4:58,,
2013-10-10 4:58,Extruder 1,13-A-609,90310-000065060004,7050 0% 065T 600W BK N/T,15683,1413,1250,1000,2013-10-10 4:58,174.7,185.7,180.4,180,191.2,191.7,180,179.2,180,179.8,180.4,204.9,199.9,199,199.4,205.2,179.1,179.9,180,40.5,78.7,72.8,8.001,7.952,24.979,1258,190.7,9.5,164.398,2013-10-10 2:30,,
2013-10-10 3:50,Extruder 1,13-A-609,90310-000065060004,7050 0% 065T 600W BK N/T,15683,1413,1250,500,2013-10-10 3:50,177.7,187.8,182.5,182.8,193,193.3,180.2,180,180.1,180,180,204.8,200.2,200.1,200.2,204.9,180,180,179.9,40.5,80.7,73.1,7.901,7.874,25.016,1194,191.6,10.2,165.251,2013-10-10 2:30,,
2013-10-10 3:19,Extruder 1,13-A-609,90310-000065060004,7050 0% 065T 600W BK N/T,15683,1413,1250,250,2013-10-10 3:19,177.4,187.8,182.9,183,192.7,193.2,180.4,180.3,180.1,180.1,180.4,205.3,200.8,201,201.3,205.5,180.3,179.8,180.1,41.5,85.4,74.6,7.899,7.859,25.018,1212,191.6,9.7,167.979,2013-10-10 2:30,,
2013-10-10 2:27,Extruder 1,13-A-608,90310-000065060004,7050 0% 065T 600W BK N/T,15683,1413,1250,1000,2013-10-10 2:27,178,188,183,183,193,193.1,179.7,180.2,179.8,180,180,204.9,200,199.9,199.9,204.7,180,180,180,42.1,82.7,74.9,8.501,8.441,24.681,1203,191.5,9.6,168.145,2013-10-10 0:17,,
2013-10-10 1:24,Extruder 1,13-A-608,90310-000065060004,7050 0% 065T 600W BK N/T,15683,1413,1250,500,2013-10-10 1:24,177.9,188,183.1,182.9,192.7,192.8,180.1,180.3,179.9,180,180.1,204.7,199.9,200.1,200.1,205.1,180.2,180,180,42.6,83.1,74.7,7.8,7.755,24.818,1199,191.8,9.7,171.418,2013-10-10 0:17,,
2013-10-10 0:52,Extruder 1,13-A-608,90310-000065060004,7050 0% 065T 600W BK N/T,15683,1413,1250,250,2013-10-10 0:52,177.2,187.8,182.9,182.9,192.3,192.4,180.2,180.2,180,180,180.5,205.3,200.2,200.1,200.2,205,180.3,180,180,39.5,81.3,75,7.998,7.974,25.239,1207,191.7,9.8,169.26,2013-10-10 0:17,,
2013-10-10 0:18,Extruder 1,13-A-607,90310-000065060004,7050 0% 065T 600W BK N/T,15683,1413,1250,1000,2013-10-10 0:18,173.8,185.5,180.2,180.7,190.8,192.1,179.7,179.6,180.1,180,180.1,205.1,199.9,199.5,199.8,205.3,179.7,180,180,41.2,81.2,72.4,8.202,8.161,25.706,1302,191.1,10.2,167.576,2013-10-09 17:33,,
2013-10-09 23:14,Extruder 1,13-A-607,90310-000065060004,7050 0% 065T 600W BK N/T,15683,1413,1250,500,2013-10-09 23:14,177.9,188.1,183,183,193,192.9,180,179.7,180,180,180,205,200.2,200.1,200.2,205.1,180,180,179.7,41.8,82.5,72.9,8.2,8.169,25.745,1215,191.6,10.8,172.604,2013-10-09 17:33,,
2013-10-09 22:44,Extruder 1,13-A-607,90310-000065060004,7050 0% 065T 600W BK N/T,15683,1413,1250,250,2013-10-09 22:44,177.3,188,182.8,183.4,192.8,193.3,180.6,180.1,180.3,180.1,180,205.2,200.7,200.7,200.6,205.2,180.2,179.9,180,41.4,82.2,73.4,8.2,8.165,25.665,1219,190.9,10.7,171.513,2013-10-09 17:33,,
2013-10-09 16:52,Extruder 1,13-A-606,90310-000065080004,7050 0% 065T 800W BK N/T,15682,1580,1250,1000,2013-10-09 16:52,177.9,188.2,183.1,181.1,192.9,193,179.9,180.1,180,179.9,180.1,205,199.9,199.9,199.9,205,183.7,180,180,42.8,79.3,51.6,8.503,8.509,36.722,1284,193.4,10.6,179.032,2013-10-09 14:57,,
2013-10-09 15:54,Extruder 1,13-A-606,90310-000065080004,7050 0% 065T 800W BK N/T,15682,1580,1250,500,2013-10-09 15:54,177.8,187.8,182.8,182.9,193,193.3,180,179.7,180.2,180,180.1,204.8,200.2,199.9,200,204.8,183.2,180.1,180,49.1,87.3,55.2,8.503,8.502,36.355,1279,193.7,9.8,182.116,2013-10-09 14:57,,
2013-10-09 15:26,Extruder 1,13-A-606,90310-000065080004,7050 0% 065T 800W BK N/T,15682,1580,1250,250,2013-10-09 15:26,177.4,188.1,182.9,183.3,192.9,193.2,180.9,180.2,180.4,180.1,180.2,205.5,202,201,202.1,205.7,182.3,180,180.1,44.5,85.8,54.8,8.605,8.595,36.191,1303,194.4,10.2,183.017,2013-10-09 14:57,,
2013-10-09 14:45,Extruder 1,13-A-605,90310-000065080004,7050 0% 065T 800W BK N/T,15682,1580,1250,1000,2013-10-09 14:45,176.1,186.6,181.7,181.3,191.6,191.6,179.1,179,179.8,179.9,179.8,204.7,197.5,197.2,196.8,204.4,180.9,179.8,180,43.7,78.8,53.4,9.012,8.999,33.057,1574,190.1,10.5,179.839,2013-10-09 12:38,,
2013-10-09 13:32,Extruder 1,13-A-605,90310-000065080004,7050 0% 065T 800W BK N/T,15682,1580,1250,500,2013-10-09 13:32,178.2,188,182.9,183.3,193,192.9,180,179.5,180,179.9,180.3,204.9,200.4,200.5,200.2,205,182.9,180.1,180,44.5,83,53.6,8.596,8.593,35.984,1313,193.9,10.2,198.197,2013-10-09 12:38,,
2013-10-09 13:03,Extruder 1,13-A-605,90310-000065080004,7050 0% 065T 800W BK N/T,15682,1580,1250,250,2013-10-09 13:03,177.5,188.1,183,183.2,192.4,192.8,180.8,180.5,180.3,180.1,180.4,205.9,201.7,201.2,201.7,205.7,181.9,180.1,180.2,44,83.3,53.5,8.603,8.613,35.508,1281,194.1,11.4,189.492,2013-10-09 12:38,,
2013-10-09 12:13,Extruder 1,13-A-604,90310-000065080004,7050 0% 065T 800W BK N/T,15682,1580,1250,1000,2013-10-09 12:13,178,188,182.9,182.6,192.9,192.8,179.9,179.5,180,180,180,205.1,199.9,199.9,199.9,204.7,183.6,180,180,45,83.1,53.5,8.603,8.597,35.936,1279,193.6,9.8,187.215,2013-10-09 8:50,,
2013-10-09 11:15,Extruder 1,13-A-604,90310-000065080004,7050 0% 065T 800W BK N/T,15682,1580,1250,500,2013-10-09 11:15,178,188,182.9,183.8,192.8,192.3,179.7,179.8,179.8,180,179.8,204.8,199.6,199.7,199.7,204.7,183,180.1,179.8,44.1,83.4,53.7,8.598,8.603,35.554,1284,193.1,9.6,181.238,2013-10-09 8:50,,
2013-10-09 10:47,Extruder 1,13-A-604,90310-000065080004,7050 0% 065T 800W BK N/T,15682,1580,1250,250,2013-10-09 10:47,177.5,188.1,183.1,184.2,192.8,193.4,180.7,180,180.5,180,179.9,204.7,200.7,200.5,200.9,205.1,182.6,180.1,179.7,44.5,87,64.7,8.598,8.611,35.394,1304,194.1,9.8,188.354,2013-10-09 8:50,,
2013-10-09 8:42,Extruder 1,13-A-603,90310-000065080004,7050 0% 065T 800W BK N/T,15682,1580,1250,1000,2013-10-09 8:42,178.1,188,183.1,182.9,193.2,193.2,180.3,180.2,180.2,180,180,205.3,200.2,200.1,200,205,184.5,180,180,38.8,78.9,63.4,8.499,8.507,35.9,1325,194.3,11.8,195.185,2013-10-09 6:46,,
2013-10-09 7:44,Extruder 1,13-A-603,90310-000065080004,7050 0% 065T 800W BK N/T,15682,1580,1250,500,2013-10-09 7:44,178,187.9,182.9,181.4,192.8,192.5,180.1,180,180,180.1,180.2,204.9,200.1,200.1,200.2,205,183.6,180,180,38.5,79.1,63.3,8.501,8.505,35.966,1323,193.7,9.6,190.014,2013-10-09 6:46,,
2013-10-09 7:16,Extruder 1,13-A-603,90310-000065080004,7050 0% 065T 800W BK N/T,15682,1580,1250,250,2013-10-09 7:16,177.3,187.8,182.6,181.1,192.6,192.7,180.3,180.1,180.2,180,180.3,205.4,200.7,200.4,200.5,205.2,183.2,180,180,38.6,78.5,63.4,8.497,8.507,35.92,1304,193.7,12.2,185.555,2013-10-09 6:46,,
2013-10-09 6:36,Extruder 1,13-A-602,90310-000065080004,7050 0% 065T 800W BK N/T,15682,1520,1250,1000,2013-10-09 6:36,174.4,185.8,180.9,181.7,190.9,191.7,179.9,179.3,180,179.9,180.6,204.4,199.4,199.1,199.2,205.1,182.9,179.8,180,39.2,78,64.2,11.008,10.984,36.059,1397,192.4,10.9,186.741,2013-10-09 4:28,,
2013-10-09 5:33,Extruder 1,13-A-602,90310-000065080004,7050 0% 065T 800W BK N/T,15682,1520,1250,500,2013-10-09 5:33,177.6,187.6,182.6,181.8,192.7,193.3,180,179.6,180,180,180.5,204.9,200.2,200.2,200.2,205.1,183.7,180,180,39.2,80.3,64.6,8.501,8.502,36.057,1283,193.8,12,192.528,2013-10-09 4:28,,
2013-10-09 5:05,Extruder 1,13-A-602,90310-000065080004,7050 0% 065T 800W BK N/T,15682,1520,1250,250,2013-10-09 5:05,177.1,188,182.8,183.4,192.6,193,180,180.5,180,180,180.3,205.3,200.5,200.4,200.5,205.5,183.2,180,180,39.3,80.6,64.6,8.494,8.497,36.055,1281,193.6,11.4,186.765,2013-10-09 4:28,,
2013-10-09 4:30,Extruder 1,13-A-601,90310-000065080004,7050 0% 065T 800W BK N/T,15682,1520,1250,1000,2013-10-09 4:30,174.7,186.2,181.2,180.4,190.9,191.6,179.8,179.1,179.8,180,180.5,204.6,199.6,199.1,199.3,205,183.2,179.8,179.8,37.8,76.7,62.2,9.007,8.983,36.105,1363,192.3,10.7,181.143,2013-10-09 2:22,,
2013-10-09 3:27,Extruder 1,13-A-601,90310-000065080004,7050 0% 065T 800W BK N/T,15682,1520,1250,500,2013-10-09 3:27,177.8,188,183.1,182.4,192.9,193,179.6,180,180,180,179.9,205,200.2,200.1,200.2,204.9,183.4,180,179.8,38,77.7,62.3,8.503,8.497,36.096,1274,193.3,11.3,189.967,2013-10-09 2:22,,
2013-10-09 2:58,Extruder 1,13-A-601,90310-000065080004,7050 0% 065T 800W BK N/T,15682,1520,1250,250,2013-10-09 2:58,177.2,187.9,182.9,183.7,192.7,193,180.4,179.9,180,180,180.1,205.2,200.5,200.5,200.5,205.1,183.2,180,180.1,38.2,78,62.3,8.503,8.497,36.089,1281,193.8,11.6,188.567,2013-10-09 2:22,,
2013-10-09 2:23,Extruder 1,13-A-600,90310-000065080004,7050 0% 065T 800W BK N/T,15682,1520,1250,1000,2013-10-09 2:23,174.4,185.8,181,182.1,191.1,191.7,179.9,179.7,180,180,180.3,204.5,199.7,199.3,199.3,205.2,182.8,179.8,179.8,37.2,76.3,62.2,10.002,9.993,40.2,1438,192.2,11.5,192.766,2013-10-09 0:20,,
2013-10-09 1:20,Extruder 1,13-A-600,90310-000065080004,7050 0% 065T 800W BK N/T,15682,1520,1250,500,2013-10-09 1:20,177.7,187.8,182.7,183.9,192.7,192.4,180.2,180.2,180.2,180,180.5,205.1,200.1,199.9,200,205.1,183.5,180,180,38.1,78.9,68.5,8.499,8.507,36.082,1275,193.7,12.1,193.287,2013-10-09 0:20,,
2013-10-09 0:51,Extruder 1,13-A-600,90310-000065080004,7050 0% 065T 800W BK N/T,15682,1520,1250,250,2013-10-09 0:51,177.1,187.7,182.6,183.1,192.5,192.9,180,179.4,179.6,179.8,180.3,205,200.4,200.3,200.4,205.1,183.4,180,180,38.5,78.6,68.5,8.503,8.502,36.285,1285,193.6,11.3,185.745,2013-10-09 0:20,,
2013-10-09 0:15,Extruder 1,13-A-599,90310-000065080004,7050 0% 065T 800W BK N/T,15682,1520,1250,1000,2013-10-09 0:15,174.8,186.1,181,180.3,191,191.9,180,179.2,180,180,180.2,204.6,199.7,199.2,199.3,205.1,183.3,179.8,180,37.4,76.3,67.8,10.014,10.028,36.057,1375,192.5,9.3,181.499,2013-10-08 22:09,,
2013-10-08 23:13,Extruder 1,13-A-599,90310-000065080004,7050 0% 065T 800W BK N/T,15682,1520,1250,500,2013-10-08 23:13,177.9,187.9,183,182.9,192.7,193,180,179.8,179.8,180,180,205,200.2,200,200.2,205.1,183.6,180,180,37.9,79.1,68.2,8.506,8.507,36.071,1277,193.9,11.2,185.555,2013-10-08 22:09,,
2013-10-08 22:44,Extruder 1,13-A-599,90310-000065080004,7050 0% 065T 800W BK N/T,15682,1520,1250,250,2013-10-08 22:44,177.1,188,182.8,183.2,192.6,193.3,180.1,180,180,180,180.4,205.2,200.5,200.5,200.5,205.1,183.4,180,180.1,37.9,78.6,68.2,8.499,8.489,36.057,1278,193.7,10.5,180.1,2013-10-08 22:09,,
2013-10-08 22:09,Extruder 1,13-A-598,90310-000065080004,7050 0% 065T 800W BK N/T,15682,1520,1250,1000,2013-10-08 22:09,174.4,185.8,180.2,181.2,191.9,191.5,180.1,179.3,180.2,180,180.6,204.5,200,199.4,199.4,205.2,183.2,180,180,37.4,76.3,67.5,9.001,8.991,36.105,1403,192.7,9.5,187.903,2013-10-08 19:12,,
2013-10-08 21:07,Extruder 1,13-A-598,90310-000065080004,7050 0% 065T 800W BK N/T,15682,1520,1250,500,2013-10-08 21:07,177.8,188,183.1,183.4,192.9,193.2,179.8,179.7,180,180,180,204.7,199.8,199.8,199.9,204.7,183.6,180,179.9,38,78.8,66.2,8.499,8.502,36.062,1296,193.5,11,190.299,2013-10-08 19:12,,
2013-10-08 20:38,Extruder 1,13-A-598,90310-000065080004,7050 0% 065T 800W BK N/T,15682,1520,1250,250,2013-10-08 20:38,177.4,188,183.1,184,192.5,193.3,181.3,180.2,180.9,180,179.8,206,202.8,201.8,202.4,205.9,182.8,180,179.9,38.2,79,66.2,8.503,8.507,36.021,1299,194.6,9.7,189.113,2013-10-08 19:12,,
2013-10-08 18:59,Extruder 1,13-A-597,90310-000065080004,7050 0% 065T 800W BK N/T,15682,1251,1250,1000,2013-10-08 18:59,174,185.8,180.5,180.5,190.7,191.7,180,179.6,179.9,179.9,180.2,204.4,199.4,199.3,199.5,205,183.2,179.9,180,39.2,77.7,67.6,8.499,8.479,37.155,1347,192.7,9.7,188.971,2013-10-08 17:04,,
2013-10-08 17:58,Extruder 1,13-A-597,90310-000065080004,7050 0% 065T 800W BK N/T,15682,1251,1250,500,2013-10-08 17:58,177.6,188,183,183.4,192.9,193.3,180.2,180.3,180,180,180,205.1,200.2,200.1,200.1,204.7,183.6,180,180,39.9,79.9,68.4,8.501,8.512,36.075,1278,193.7,9.7,184.25,2013-10-08 17:04,,
2013-10-08 17:29,Extruder 1,13-A-597,90310-000065080004,7050 0% 065T 800W BK N/T,15682,1251,1250,250,2013-10-08 17:29,177.2,188,182.8,182.7,192.5,193.1,180.1,180,180,180,180.3,205.2,200.2,200.3,200.2,205,183.6,180,180.1,39.7,79.2,68.2,8.501,8.492,36.105,1306,193.7,12,189.279,2013-10-08 17:04,,
2013-10-08 16:55,Extruder 1,13-A-596,90310-000065080004,7050 0% 065T 800W BK N/T,15682,1251,1250,1000,2013-10-08 16:55,174.9,186.5,181.4,182.1,191.8,192.2,180,179.3,180,180,179.8,204.8,199.4,198.9,199.4,205.3,183.7,180,180,40.2,80.8,68.9,8.403,8.408,37.071,1377,192.9,9.7,189.824,2013-10-08 14:59,,
2013-10-08 15:53,Extruder 1,13-A-596,90310-000065080004,7050 0% 065T 800W BK N/T,15682,1251,1250,500,2013-10-08 15:53,177.9,188.1,183.2,180.3,192.8,193,180.3,180,180.1,180,179.7,205,200.1,199.7,200,205,184,180,180,39.2,79.9,68.3,8.397,8.396,38.294,1248,194.1,10.2,190.726,2013-10-08 14:59,,
2013-10-08 15:23,Extruder 1,13-A-596,90310-000065080004,7050 0% 065T 800W BK N/T,15682,1251,1250,250,2013-10-08 15:23,177.6,188.2,182.9,180.3,192.3,193.3,179.8,180.5,180.2,180.1,179.7,205.3,200.6,200.1,200.5,205.2,183.6,180,180.1,39.3,80.2,68.2,8.399,8.408,37.888,1265,193.8,11.2,190.987,2013-10-08 14:59,,
2013-10-08 14:50,Extruder 1,13-A-595,90310-000065080004,7050 0% 065T 800W BK N/T,15682,1251,1250,1000,2013-10-08 14:50,174.6,186.3,181.3,182.3,191.1,191.7,180.1,178.8,180,179.8,180.3,204.7,199.3,199.4,199.4,205,183.7,179.8,180,38.9,77.9,67.7,8.35,8.34,32.062,1298,193.3,9.4,179.578,2013-10-08 12:59,,
2013-10-08 13:48,Extruder 1,13-A-595,90310-000065080004,7050 0% 065T 800W BK N/T,15682,1251,1250,500,2013-10-08 13:48,177.7,188.5,183,183.4,192.8,193.1,180,180,180.1,180,180,205,200.3,200.1,200.1,205,184,180,180,39.8,79.1,68.4,8.35,8.34,38.128,1255,194.1,10.5,193.027,2013-10-08 12:59,,
2013-10-08 13:19,Extruder 1,13-A-595,90310-000065080004,7050 0% 065T 800W BK N/T,15682,1251,1250,250,2013-10-08 13:19,177.4,188.2,182.9,184,192.7,193.1,180,180.3,180,180.1,180.3,205.4,200.9,201,200.8,205.3,183.4,180,180.1,38.9,78.5,68.1,8.348,8.346,37.875,1245,194.1,11.5,191.983,2013-10-08 12:59,,
2013-10-08 12:44,Extruder 1,13-A-594,90310-000065080004,7050 0% 065T 800W BK N/T,15682,1251,1250,1000,2013-10-08 12:44,174.9,186.7,181.5,181.7,191.4,191.5,180,178.7,179.8,180,180.2,204.7,199.3,199,199.2,205,183.4,179.8,179.8,38.6,77.8,67.6,8.361,9.349,31.989,1332,192.7,9.5,183.468,2013-10-08 10:47,,
2013-10-08 11:40,Extruder 1,13-A-594,90310-000065080004,7050 0% 065T 800W BK N/T,15682,1251,1250,500,2013-10-08 11:40,177.9,187.7,182.8,184.6,192.9,193.3,180,180.5,180.1,180,180.1,205.1,200.3,199.9,200,205.1,184,180,180,40.1,78.7,68.1,8.348,8.358,38.294,1226,194.1,10.2,190.702,2013-10-08 10:47,,
2013-10-08 11:11,Extruder 1,13-A-594,90310-000065080004,7050 0% 065T 800W BK N/T,15682,1251,1250,250,2013-10-08 11:11,177.6,188.3,182.9,184.5,192.6,193,180.1,180.3,180,180,180.1,205.1,200.4,200.7,200.4,205.1,183.6,180,180,39,79.6,67.5,8.354,8.348,38.273,1209,194.1,11.5,186.954,2013-10-08 10:47,,
2013-10-08 10:37,Extruder 1,13-A-593,90310-000065080004,7050 0% 065T 800W BK N/T,15682,1251,1250,1000,2013-10-08 10:37,174.8,186.8,181.4,182.5,191.1,192,180.1,179.3,180,180,180.2,204.7,199,199.2,199.6,205,184,179.8,179.8,38.4,78.2,67.7,8.354,8.35,35.057,1311,193.3,10,187.88,2013-10-08 8:37,,
2013-10-08 9:34,Extruder 1,13-A-593,90310-000065080004,7050 0% 065T 800W BK N/T,15682,1251,1250,500,2013-10-08 9:34,177.9,188.4,183.2,183.9,193,193.2,180,179.9,180.1,180,180,204.8,200.3,199.9,200.2,205.1,183.7,180,180,39.8,80.5,68.3,8.345,8.344,38.547,1220,194.1,10.1,197.201,2013-10-08 8:37,,
2013-10-08 9:05,Extruder 1,13-A-593,90310-000065080004,7050 0% 065T 800W BK N/T,15682,1251,1250,250,2013-10-08 9:05,177.6,188.2,183,181.9,192.7,193.1,180.5,180.1,180.2,180.1,180,205.4,200.7,200.3,200.7,205.7,183.3,180.1,180.2,39,79.9,67.9,8.352,8.338,38.645,1206,194.3,12,194.639,2013-10-08 8:37,,
2013-10-08 8:29,Extruder 1,13-A-592,90310-000065080004,7050 0% 065T 800W BK N/T,15682,1251,1250,1000,2013-10-08 8:29,174.2,186.2,181.2,181.9,191.2,191.9,179.8,179.4,180.1,180,180,204.7,199.3,198.9,199.4,205.1,183.2,179.8,180,38.8,77.2,67.1,8.401,8.404,32.089,1263,192.7,11.2,173.363,2013-10-08 6:21,,
2013-10-08 7:27,Extruder 1,13-A-592,90310-000065080004,7050 0% 065T 800W BK N/T,15682,1251,1250,500,2013-10-08 7:27,178,187.6,182.9,183.5,192.9,193,180.1,179.7,180,180,180,205.1,200.1,199.9,200.1,204.8,184.5,180.1,180,39.2,79.5,68,8.399,8.388,38.574,1228,194.2,11.6,188.662,2013-10-08 6:21,,
2013-10-08 6:57,Extruder 1,13-A-592,90310-000065080004,7050 0% 065T 800W BK N/T,15682,1251,1250,250,2013-10-08 6:57,177.7,188.4,183.1,181,192.6,193.1,180.3,180,180.1,180.1,180.3,205.4,200.7,200.4,200.8,205.7,184,180,180.1,38.2,78.4,66.2,8.399,8.408,38.526,1240,194.5,11.4,192.149,2013-10-08 6:21,,
2013-10-08 6:22,Extruder 1,13-A-591,90310-000065080004,7050 0% 065T 800W BK N/T,15682,1520,1250,1000,2013-10-08 6:22,174.7,186.5,181,180.2,191.1,192.3,179.9,179.2,179.8,180,180.3,204.7,199.4,199.1,199.1,205.1,183.9,179.8,180,37.2,76.7,65.7,9.999,10.003,38.572,1435,193,9.8,193.572,2013-10-08 4:15,,
2013-10-08 5:19,Extruder 1,13-A-591,90310-000065080004,7050 0% 065T 800W BK N/T,15682,1520,1250,500,2013-10-08 5:19,178,187.9,183.2,184.5,192.9,193.1,180.1,180,180.1,180,180.3,204.9,200.4,200.1,200.4,205,183.8,180,180,38.5,79.5,66.2,8.403,8.416,38.572,1221,194.2,10.7,191.888,2013-10-08 4:15,,
2013-10-08 4:50,Extruder 1,13-A-591,90310-000065080004,7050 0% 065T 800W BK N/T,15682,1520,1250,250,2013-10-08 4:50,177.7,188.2,183.2,182,192.5,193.4,180.2,180.3,180.1,180,180.2,205.3,201,201,200.9,205.4,183.3,180,180.1,37.7,79.4,66.3,8.403,8.406,38.585,1210,194.2,9.8,195.138,2013-10-08 4:15,,
2013-10-08 4:14,Extruder 1,13-A-590,90310-000065080004,7050 0% 065T 800W BK N/T,15682,1520,1250,1000,2013-10-08 4:14,174.9,186.3,181.2,181.8,191.5,191.9,179.8,179.2,180.1,180,180.3,204.4,199.5,198.6,198.9,205.1,183.1,180,179.8,38,76.7,66.3,9.997,9.962,38.62,1436,192.4,11.8,195.968,2013-10-08 2:02,,
2013-10-08 3:09,Extruder 1,13-A-590,90310-000065080004,7050 0% 065T 800W BK N/T,15682,1520,1250,500,2013-10-08 3:09,178,187.8,182.4,182.7,193,193.1,179.7,179.4,179.7,180,180.1,204.7,200.2,200,200.1,205.1,184.2,180,179.9,38.9,80,67.1,8.405,8.406,38.556,1218,194,11.4,195.636,2013-10-08 2:02,,
2013-10-08 2:40,Extruder 1,13-A-590,90310-000065080004,7050 0% 065T 800W BK N/T,15682,1520,1250,250,2013-10-08 2:40,177.8,188.4,182.7,177.4,192.5,193.2,180.3,180.3,180,180,180.3,205.4,200.8,200.8,200.7,205.2,183.9,180,180,38.1,79.7,66.7,8.395,8.398,38.61,1202,194.3,11.2,194.355,2013-10-08 2:02,,
2013-10-08 2:04,Extruder 1,13-A-589,90310-000065080004,7050 0% 065T 800W BK N/T,15682,1520,1250,1000,2013-10-08 2:04,174.9,186.6,181.3,181.1,191.2,192.3,180.1,178.9,180.3,180.1,180.5,204.4,199.3,199.2,199.3,205.1,183.5,179.9,179.9,37.7,77,66.5,9.999,9.995,40.2,1444,192.7,9.6,185.223,2013-10-07 23:57,,
2013-10-08 1:00,Extruder 1,13-A-589,90310-000065080004,7050 0% 065T 800W BK N/T,15682,1520,1250,500,2013-10-08 1:00,178,188,182.7,183.6,192.6,192.8,179.8,179.8,180,179.9,180.3,204.9,200.1,200.1,200.1,205.2,183.8,179.8,179.9,38.7,78.6,67,8.403,8.394,38.61,1234,193.8,10.6,195.683,2013-10-07 23:57,,
2013-10-08 0:31,Extruder 1,13-A-589,90310-000065080004,7050 0% 065T 800W BK N/T,15682,1520,1250,250,2013-10-08 0:31,177.7,187.6,183.7,184.5,192.7,193,180.7,180,180.2,180,180,205.3,200.7,200.7,200.8,205.4,183.7,180,180,38.6,79.2,67.1,8.401,8.411,38.613,1250,194.8,11.5,190.939,2013-10-07 23:57,,
2013-10-07 23:55,Extruder 1,13-A-588,90310-000065080004,7050 0% 065T 800W BK N/T,15682,1520,1250,1000,2013-10-07 23:55,174.9,186.5,181.4,182.2,191.4,192.4,180,179.3,179.7,180,180.3,204.3,199.5,198.9,199.2,205.1,183.6,179.8,180,38.2,77.4,67.4,10.004,9.987,40.169,1482,193,9.8,201.518,2013-10-07 21:46,,
2013-10-07 22:52,Extruder 1,13-A-588,90310-000065080004,7050 0% 065T 800W BK N/T,15682,1520,1250,500,2013-10-07 22:52,177.9,187.8,182.7,183.6,193,193.2,180.1,180.1,180,180,180,205,200.2,200.2,200.2,205.1,183.6,180.1,180,38.9,79.3,67.6,8.399,8.396,38.519,1258,194.3,10.4,197.177,2013-10-07 21:46,,
2013-10-07 22:22,Extruder 1,13-A-588,90310-000065080004,7050 0% 065T 800W BK N/T,15682,1520,1250,250,2013-10-07 22:22,177.5,187.7,182.9,180.8,192.7,193,180,180,180,180.1,180,205.2,200.6,200.7,200.7,205.2,183.1,179.9,180,39.5,78.6,67.5,8.401,8.414,38.528,1251,194.1,11.2,191.153,2013-10-07 21:46,,
2013-10-07 21:47,Extruder 1,13-A-587,90310-000065080004,7050 0% 065T 800W BK N/T,15682,1520,1250,1000,2013-10-07 21:47,175.1,186.7,181.6,182,191.3,192.7,180.2,179.6,180.1,180,180.1,204.4,200,198.9,199.4,205.4,183,180,180,38.8,77.9,67.6,9.003,9.004,38.531,1430,193.2,9.6,194.213,2013-10-07 19:12,,
2013-10-07 20:44,Extruder 1,13-A-587,90310-000065080004,7050 0% 065T 800W BK N/T,15682,1520,1250,500,2013-10-07 20:44,178,187.9,182.9,181.9,192.9,192.8,180,180.1,179.9,180,180.1,204.7,200.2,200.4,200.1,204.7,182.8,180,179.8,39.1,79.2,67.2,8.45,8.469,38.606,1251,194.2,11,194.663,2013-10-07 19:12,,
2013-10-07 20:15,Extruder 1,13-A-587,90310-000065080004,7050 0% 065T 800W BK N/T,15682,1520,1250,250,2013-10-07 20:15,178.1,188.1,183.3,184.4,192.9,193.3,181.3,180.6,181,180.2,180,206,202.8,201.9,202.4,206.1,181.5,180,180.1,39.4,79,67.3,8.45,8.452,38.469,1254,195.3,12.7,200.593,2013-10-07 19:12,,
2013-10-07 19:14,Extruder 1,13-A-586,90310-000065080004,7050 0% 065T 800W BK N/T,15682,1520,1250,1000,2013-10-07 19:14,178,187.7,183,182.9,193.1,192.9,180.1,180.1,180,180,179.8,205,199.8,199.9,199.9,205.1,184.9,180.1,180,38.4,79.4,67.4,8.452,8.469,38.613,1265,194.2,13.1,197.842,2013-10-07 17:26,,
2013-10-07 18:16,Extruder 1,13-A-586,90310-000065080004,7050 0% 065T 800W BK N/T,15682,1251,1250,500,2013-10-07 18:16,177.8,187.7,183.4,184.2,192.8,193.4,179.9,180,180,180,179.9,204.9,200,200.3,200.3,204.8,184.6,180,180,38.7,77.8,66.4,8.452,8.431,38.565,1236,194.2,13.2,202.799,2013-10-07 17:26,,
2013-10-07 17:47,Extruder 1,13-A-586,90310-000065080004,7050 0% 065T 800W BK N/T,15682,1251,1250,250,2013-10-07 17:47,177.9,188.6,183,183.3,192.7,193.1,180,180.1,180.1,180.1,179.8,205.4,200.5,200.1,200.5,205.1,184.4,180,180,38.1,78.1,66.5,8.452,8.474,38.581,1235,194.2,11.6,196.798,2013-10-07 17:26,,
2013-10-07 17:14,Extruder 1,13-A-585,90310-000065080004,7050 0% 065T 800W BK N/T,15682,1251,1250,1000,2013-10-07 17:14,175.6,186.5,181.1,178.8,191.3,191.9,180,179.7,180.2,180,180,204.7,199.6,199.4,199.5,205.1,184.5,180,180,38.8,77.8,67.8,8.45,8.462,35.089,1316,193.3,10.5,198.529,2013-10-07 15:09,,
2013-10-07 16:12,Extruder 1,13-A-585,90310-000065080004,7050 0% 065T 800W BK N/T,15682,1251,1250,500,2013-10-07 16:12,178,187.6,183.1,182.7,192.9,193,179.7,180.3,180,180,179.5,204.7,200.1,200.1,200.3,204.7,184.5,180,179.9,39.1,78.6,67.9,8.299,8.295,39.1,1249,194.1,12.9,200.854,2013-10-07 15:09,,
2013-10-07 15:42,Extruder 1,13-A-585,90310-000065080004,7050 0% 065T 800W BK N/T,15682,1251,1250,250,2013-10-07 15:42,178,188.5,183,178.9,192.5,193.7,180.8,180.4,180.6,180.2,180.6,205.3,201.5,201,201.3,205.4,183.6,180,180.1,39.7,79.6,68.2,8.295,8.295,39.071,1230,195,11.4,205.289,2013-10-07 15:09,,
2013-10-07 14:52,Extruder 1,13-A-584,90310-000065080004,7050 0% 065T 800W BK N/T,15682,1251,1250,2000,2013-10-07 14:52,178,188,182.9,183.3,192.9,193,180,180,178.9,179.7,180.3,204.4,198.7,199.5,199.1,204.7,182.7,180.1,180.1,40.1,81.2,68.4,8.297,8.313,39.1,1136,193.9,13.8,190.536,2013-10-07 12:55,,
2013-10-07 12:54,Extruder 1,13-A-583,90310-000065080004,7050 0% 065T 800W BK N/T,15682,1251,1250,1000,2013-10-07 12:54,176.4,186.9,181.8,181.7,191.7,191.7,178.6,179.1,179.3,179.8,179.8,203.6,195.9,196.4,195.8,203.4,178.7,179.8,179.8,38.3,73.7,66.2,8.291,8.282,30.114,1636,188.9,13.5,180.455,2013-10-07 10:34,,
2013-10-07 11:32,Extruder 1,13-A-583,90310-000065080004,7050 0% 065T 800W BK N/T,15682,1251,1250,500,2013-10-07 11:32,178.2,187.6,182.9,181,192.8,192.9,179.9,180,180,180,179.7,205.1,199.9,199.9,199.7,204.9,183.4,180.1,180,39.5,78.9,67.9,8.277,8.3,39.084,1186,193,13.2,194.568,2013-10-07 10:34,,
2013-10-07 11:03,Extruder 1,13-A-583,90310-000065080004,7050 0% 065T 800W BK N/T,15682,1251,1250,250,2013-10-07 11:03,178,187.9,183,183.9,193.1,192.9,180.1,180.1,180.1,180.1,179.9,204.5,199.5,200.5,200.3,205.2,182.8,180.1,179.9,40.7,80.6,68.9,8.277,8.278,39.096,1169,193.1,13.5,192.481,2013-10-07 10:34,,
2013-10-07 10:26,Extruder 1,13-A-422,90310-000065080004,7050 0% 065T 800W BK N/T,15682,1251,1250,250,2013-10-07 10:26,178.2,188.3,183.2,183.6,193,193.1,179.8,179.8,180.7,179.9,179.6,205.4,202.6,202.8,202.9,206.1,181.7,180,179.8,41,77.8,65.3,8.098,8.106,38.59,1204,192.6,12.4,198.695,2013-10-07 1:43,,
2013-07-26 18:53,Extruder 1,13-A-513,90310-000065100004,7050,14078,1546,1250,1000,2013-07-26 18:53,172.6,188.1,183.2,182.8,192.9,193.4,184.9,185.2,184.8,185,184.9,219.8,206.9,203.9,206.9,214.4,185,184.9,184.9,44.6,82.2,76.5,7.102,7.089,39.162,1182,198.6,14.2,210.223,2013-07-26 16:43,,
2013-07-26 17:43,Extruder 1,13-A-513,90310-000065100004,7050,14078,1546,1250,500,2013-07-26 17:43,171.3,188.2,183.3,182.6,193,193.8,184.5,185.1,184.8,185,185.8,220.4,206.6,202.9,206.2,214.9,185,185,184.9,44.2,82.3,76.3,7.105,7.075,39.182,1146,198.2,15.1,204.412,2013-07-26 16:43,,
2013-07-26 17:08,Extruder 1,13-A-513,90310-000065100004,7050,14078,1546,1250,250,2013-07-26 17:08,182.9,187.8,183.4,183.4,193,194.2,185.8,185.5,185.5,185,185,220.3,206,202.1,205.6,215.4,185.3,185.1,185,44.7,81.8,76.1,7.001,6.966,39.178,1124,198.8,14.1,204.507,2013-07-26 16:43,,
2013-07-26 16:09,Extruder 1,13-A-512,90310-000065100004,7050,14078,1546,1250,1000,2013-07-26 16:09,177.4,187.8,182.9,185.2,192.9,193,185,184.5,185.1,185,184.4,219.9,206.6,203.3,206.4,214.8,185.3,185,185,45.3,83.8,78.3,7.001,6.971,38.125,1130,197.2,15.3,202.609,2013-07-26 14:07,,
2013-07-26 14:59,Extruder 1,13-A-512,90310-000065100004,7050,14078,1413,1250,500,2013-07-26 14:59,180.1,187.6,182.3,184.8,193,194,184.8,184.7,185.2,185.1,185.2,216,204.1,202.7,206.3,215.2,185.1,185,184.9,44.5,82.3,76.4,6.998,6.991,38.699,1119,197.7,12.9,198.885,2013-07-26 14:07,,
2013-07-26 14:24,Extruder 1,13-A-512,90310-000065100004,7050,14078,1413,1250,250,2013-07-26 14:24,182.3,188,182.9,182,192.9,193.3,185.5,185.8,185.2,185.1,184.8,214.7,203.7,201.8,205.4,214.8,185,185,184.9,44,82.6,76.9,8.206,8.157,42.075,1171,198.6,15.6,205.005,2013-07-26 14:07,,
2013-07-26 13:22,Extruder 1,13-A-511,90310-000065100004,7050,14078,1413,1250,1000,2013-07-26 13:22,159.7,187.6,180.9,181.9,193,193.3,185.6,185.2,185.5,185.1,185.6,215.2,205.1,202.8,206,215.8,185.7,185,184.9,44.5,82.2,76.7,8.007,7.994,46.67,1129,198.6,13.5,165.346,2013-07-26 7:56,,
2013-07-26 11:53,Extruder 1,13-A-511,90310-000065100004,7050,14078,1413,1250,500,2013-07-26 11:53,178.1,188.1,184.2,180,193.3,196.4,185,185,184.9,184.9,184.9,215.2,207.9,207.1,209.5,215.1,184.5,185,185,44,81.6,76.2,8.197,8.197,44.654,1264,198.6,15.7,212.5,2013-07-26 7:56,,
2013-07-26 11:23,Extruder 1,13-A-511,90310-000065100004,7050,14078,1413,1250,250,2013-07-26 11:23,178.2,188,181.3,184.4,193.1,197,185.2,185.5,185,184.9,185.6,215.6,207.6,206.3,209.2,215.9,185,185,185,43.3,79.9,75.9,8.2,8.179,44.342,1269,198.7,13.4,219.592,2013-07-26 7:56,,
2013-07-26 7:31,Extruder 1,13-A-510,90310-000065080004,7050,14077,1413,1250,1000,2013-07-26 7:31,152.6,188.4,183.4,181.6,193,193.2,185,185.2,185,185.1,185.6,206.9,199.8,200.4,200.3,207.1,184.6,185,185,41,79.5,74.1,9.497,9.498,35.795,1313,198.8,14.6,168.24,2013-07-26 5:52,,
2013-07-26 6:33,Extruder 1,13-A-510,90310-000065080004,7050,14077,1251,1250,500,2013-07-26 6:33,149.1,188.4,183.1,182.9,193,193,184.9,185,185.1,185,184.9,206.9,199.7,200,200.4,207.1,184.9,185,184.9,41.7,79.2,73.8,8.501,8.507,38.148,1268,199,13.4,189.398,2013-07-26 5:52,,
2013-07-26 6:05,Extruder 1,13-A-510,90310-000065080004,7050,14077,1251,1250,250,2013-07-26 6:05,148.7,188.1,182.9,183.5,192.4,193,185,185.2,184.9,185.1,185.8,207.4,200.4,199.9,200.2,206.8,185.4,185,185.1,40.8,79.2,73.5,8.501,8.502,43.549,1188,199.3,13.2,179.08,2013-07-26 5:52,,
2013-07-26 5:32,Extruder 1,13-A-509,90310-000065080004,7050,14077,1251,1250,1000,2013-07-26 5:32,148.9,184.5,181.3,179.4,190.7,192.5,185,184.9,184.9,184.9,184.6,207.1,199.8,199.7,200.2,206.8,184.9,185,185,40.9,78.3,73.6,8.501,8.507,40.1,1165,198.4,13.1,160.745,2013-07-26 3:51,,
2013-07-26 4:32,Extruder 1,13-A-509,90310-000065080004,7050,14077,1251,1250,500,2013-07-26 4:32,149.1,187.8,182.8,182.9,192.5,193.3,185,185.1,185.1,185,185.3,207,200.3,200.2,200.5,207,184.9,185,185,41.5,79.6,74,8.501,8.487,43.87,1095,199.2,14.8,156.973,2013-07-26 3:51,,
2013-07-26 4:03,Extruder 1,13-A-509,90310-000065080004,7050,14077,1251,1250,250,2013-07-26 4:03,150.2,187.3,182.7,182,192.4,193.3,185,185,185.2,185.1,185.3,207.2,199.9,199.8,200.3,206.9,185.7,185.1,185.1,41.7,79.4,74.1,8.499,8.497,43.588,1109,198.9,15.4,152.87,2013-07-26 3:51,,
2013-07-26 3:31,Extruder 1,13-A-508,90310-000065080004,7050,14077,1251,1250,1000,2013-07-26 3:31,148.1,184.4,180.9,179,190.7,192.4,185.1,184.1,184.8,184.8,186.3,206.7,199.9,200,200.4,206.8,185.1,185,184.9,41.4,77.5,72.2,8.501,8.505,40.125,1197,198.3,14.9,158.278,2013-07-26 1:52,,
2013-07-26 2:31,Extruder 1,13-A-508,90310-000065080004,7050,14077,1251,1250,500,2013-07-26 2:31,152.3,187.8,182.9,183,192.7,193.2,185.1,185.3,185.2,185.2,185.2,205.1,200.9,201.1,200.6,205.1,185,185,185,40.8,78.6,72.4,8.501,8.499,43.08,1206,199.2,13.7,176.471,2013-07-26 1:52,,
2013-07-26 2:02,Extruder 1,13-A-508,90310-000065080004,7050,14077,1251,1250,250,2013-07-26 2:02,154.6,187.1,183.1,181.9,192.6,193.1,185.7,185.4,185.1,185,184.3,204.3,200.5,201.4,200.8,204.8,184.3,184.9,185.2,41.8,79.4,74.5,8.501,8.512,41.171,1222,198.9,13.6,167.362,2013-07-26 1:52,,
2013-07-26 1:29,Extruder 1,13-A-507,90310-000065080004,7050,14077,1251,1250,1000,2013-07-26 1:29,153.6,185.8,181.7,181.8,191.3,191.2,184.2,183.5,184.7,185,185,209.8,197.9,197.2,198.3,208.9,183.7,184.8,184.9,41.3,77.3,74.4,8.499,8.517,35.146,1411,196,12.8,162.287,2013-07-25 23:41,,
2013-07-26 0:24,Extruder 1,13-A-507,90310-000065080004,7050,14077,1251,1250,500,2013-07-26 0:24,151.7,188.2,182.6,183.5,192.8,192.7,184.5,185.2,185.2,185,184.1,209.8,201.5,201.4,202.7,208.9,184,184.9,184.9,43.1,80.4,75.5,8.499,8.512,45.647,1194,198.9,15,172.13,2013-07-25 23:41,,
2013-07-25 23:55,Extruder 1,13-A-507,90310-000065080004,7050,14077,1251,1250,250,2013-07-25 23:55,152,187.5,183.5,182.3,192.5,193.8,185.9,185.6,185.2,185.1,185.4,210.2,201.5,201.4,204,214.2,184.9,185,185,42.1,80.8,75.4,8.503,8.505,44.882,1140,200,14.3,155.408,2013-07-25 23:41,,
2013-07-25 23:21,Extruder 1,13-A-506,90310-000065080004,7050,14077,1251,1250,1000,2013-07-25 23:21,149,184.2,180.9,179,190.9,192.4,185,183.7,185,184.9,184.6,209.7,201.1,200.5,203.1,214.2,185.2,185,184.8,41.5,78.7,74.1,11.999,11.993,35.164,1033,198.1,13.3,148.079,2013-07-25 21:36,,
2013-07-25 22:19,Extruder 1,13-A-506,90310-000065080004,7050,14077,1546,1250,500,2013-07-25 22:19,148.6,187.5,182.3,183.3,193,192.7,185,184.9,184.8,184.9,185.5,210.1,201.8,201.6,204.4,215.2,185,184.9,185,43.5,81,74.6,8.506,8.495,45.137,1077,199,13.3,153.487,2013-07-25 21:36,,
2013-07-25 21:50,Extruder 1,13-A-506,90310-000065080004,7050,14077,1546,1250,250,2013-07-25 21:50,151,186.8,182.7,183.3,192.5,192.9,185.1,185,185,184.9,184.9,209.9,201.1,200.9,203.8,215.1,184.3,185,185,42.6,81,74.5,8.202,8.205,42.62,1124,198.7,14.9,158.231,2013-07-25 21:36,,
2013-07-25 21:14,Extruder 1,13-A-505,90310-000065080004,7050,14077,1546,1250,1000,2013-07-25 21:14,151.9,185.2,181.4,182.2,191.2,192.3,185.1,184.1,184.8,184.9,184.1,209.7,201.4,201.2,204.1,214.7,184.7,184.9,184.8,43.1,79.9,75.7,8.503,8.489,40.043,1129,197.9,14.4,154.246,2013-07-25 19:18,,
2013-07-25 20:09,Extruder 1,13-A-505,90310-000065080004,7050,14077,1546,1250,500,2013-07-25 20:09,149,187.5,183.5,184.6,192.8,193,185.1,185.2,185.2,184.8,184.9,209.9,201.2,201.1,204.7,215.3,185,184.9,185,43.3,81.8,76.7,7.998,8.008,42.355,1054,198.8,15.3,160.863,2013-07-25 19:18,,
2013-07-25 19:39,Extruder 1,13-A-505,90310-000065080004,7050,14077,1546,1250,250,2013-07-25 19:39,149.1,187.8,183.4,181.4,192.6,192.8,185.1,184.6,184.7,184.7,184.5,210.2,201.4,201.2,204.1,214.5,184.9,185,185.1,44.1,82.9,76.5,8.499,8.509,41.688,1102,198.6,13.8,162.144,2013-07-25 19:18,,
2013-07-25 18:53,Extruder 1,13-A-504,90310-000065080004,7050,14077,1546,1250,1000,2013-07-25 18:53,149.5,185.4,182.3,181.9,191.1,192.5,185,183.9,185.2,185.1,184.2,209.4,200,200.1,203.4,216.3,185,184.9,184.9,42.6,81.2,75.7,8.204,8.197,39.187,1100,197.3,14.2,155.503,2013-07-25 16:35,,
2013-07-25 17:48,Extruder 1,13-A-504,90310-000065080004,7050,14077,1546,1250,500,2013-07-25 17:48,149.7,187.7,183.1,180.5,192.8,193.4,185,185.5,185.2,185,185.3,210,201,200.6,201.8,210,185.1,184.9,185.1,43.3,81.6,76.5,8.401,8.391,41.068,1089,198.6,15.3,161.314,2013-07-25 16:35,,
2013-07-25 17:19,Extruder 1,13-A-504,90310-000065080004,7050,14077,1546,1250,250,2013-07-25 17:19,149.1,187.2,182.8,183.7,192.5,192.7,185.3,185.3,184.9,185,185.8,210.3,200.8,200.7,201.6,209.9,185.2,184.9,185.1,43.4,81.6,76.2,8.753,8.772,38.301,1231,198.7,14.9,165.75,2013-07-25 16:35,,
2013-07-25 16:17,Extruder 1,13-A-503,90310-000065080004,7050,14077,1546,1250,1000,2013-07-25 16:17,150.4,185.8,181.2,183,191.3,192.2,185,183.4,185.1,184.9,184.6,210.2,200.2,199.3,201,210.5,184.9,184.9,184.9,43.1,81.4,76.5,8.7,8.681,37.134,1342,197.6,13.8,167.742,2013-07-25 14:27,,
2013-07-25 15:16,Extruder 1,13-A-503,90310-000065080004,7050,14077,1546,1250,500,2013-07-25 15:16,151,187.7,182.8,181.9,192.7,193,184.8,185,185.1,185,184.9,205.3,200.1,200.2,200.4,205,185,184.9,184.9,43.5,82.3,77.3,8.501,8.505,38.818,1172,198.6,15.3,186.528,2013-07-25 14:27,,
2013-07-25 14:47,Extruder 1,13-A-503,90310-000065080004,7050,14077,1546,1250,250,2013-07-25 14:47,151,188,182.3,183.2,192.7,192.9,185.1,185.2,184.6,184.9,185.3,205.3,201.1,201,200.8,205.5,185,185,185,42.9,82.3,77,8.494,8.505,37.998,1329,198.9,14.6,195.138,2013-07-25 14:27,,
2013-07-25 14:15,Extruder 1,13-A-502,90310-000065080004,7050,14077,1413,1250,1000,2013-07-25 14:15,152.1,186.2,182.4,179.5,191.3,192.2,185.4,183.9,185.7,185.1,184.9,204.7,198.5,198.8,199.3,204.7,184.3,184.9,184.9,42.9,80.4,76.5,9.515,9.504,40.082,1388,197.9,13.3,171.205,2013-07-25 12:21,,
2013-07-25 13:12,Extruder 1,13-A-502,90310-000065080004,7050,14077,1413,1250,500,2013-07-25 13:12,149.2,188,183.4,184.1,192.7,193.2,184.9,184.9,185,184.9,185.2,204.7,200.2,200.7,200.5,205.7,185.8,185.1,185,43.1,81.9,76.1,8.501,8.474,40.692,1237,198.6,15.1,173.861,2013-07-25 12:21,,
2013-07-25 12:43,Extruder 1,13-A-502,90310-000065080004,7050,14077,1413,1250,250,2013-07-25 12:43,147.5,187.6,182.9,183.3,192.6,193.3,185.2,184.6,184.9,185.2,186,205.5,200.6,200.3,200.5,205.4,185.2,185,184.9,42.5,80.3,75.7,8.499,8.492,40.681,1239,198.7,14.1,173.506,2013-07-25 12:21,,
2013-07-25 12:09,Extruder 1,13-A-501,90310-000065080004,7050,14077,1413,1250,1000,2013-07-25 12:09,148.7,185.2,181.6,178.4,191.3,191.7,184.6,184.1,185.5,185.2,184.7,204.3,198.9,199,198.7,204.2,184.6,184.9,184.7,42.6,79.8,75.6,11.011,10.988,40.096,1371,197.3,13,158.847,2013-07-25 10:16,,
2013-07-25 11:06,Extruder 1,13-A-501,90310-000065080004,7050,14077,1413,1250,500,2013-07-25 11:06,151.1,188.3,183.8,182.1,193.2,193.6,180.2,180.3,180.4,180.1,181,204.7,200.5,200.7,201,205.3,180.3,180,180,41.9,80.6,75.1,8.497,8.467,41.073,1185,194.7,14.8,174.194,2013-07-25 10:16,,
2013-07-25 10:37,Extruder 1,13-A-501,90310-000065080004,7050,14077,1413,1250,250,2013-07-25 10:37,146.9,187.4,183,184.5,192.4,193,180.7,179.8,180,180,180.6,205.5,201.2,201.2,201.3,205.4,179.5,180,180,42.4,79.6,74.5,8.499,8.472,39.182,1090,194.8,14.3,161.29,2013-07-25 10:16,,
2013-07-25 10:05,Extruder 1,13-A-500,90310-000065080004,7050,14077,1413,1250,1000,2013-07-25 10:05,150,185.7,181.8,181.7,191.3,191.8,179.3,178.9,179.6,179.8,178.8,204.5,197.1,197.3,197.3,204.1,179.1,179.9,179.7,41.6,77.6,74.3,8.501,8.507,41.1,1338,192.3,14.2,175.806,2013-07-25 8:10,,
2013-07-25 8:59,Extruder 1,13-A-500,90310-000065080004,7050,14077,1413,1250,500,2013-07-25 8:59,150,187.5,182.3,181.2,192.9,193.5,180.3,180.7,180.4,179.9,179.8,204.8,199.8,200.5,200.7,205.4,180,180,180,42.1,80.2,74.5,8.499,8.497,44.371,1138,195.2,13.2,160.294,2013-07-25 8:10,,
2013-07-25 8:30,Extruder 1,13-A-500,90310-000065080004,7050,14077,1413,1250,250,2013-07-25 8:30,148.5,187.6,183.2,180.4,192.5,193,180.2,180.6,180.3,180.2,181,205.9,201.4,200.7,201.1,205.4,180.1,180,180.2,41.3,79.9,74.2,8.499,8.495,44.651,1180,194.9,12.8,161.599,2013-07-25 8:10,,
2013-07-25 7:58,Extruder 1,13-A-499,90310-000065080004,7050,14077,1413,1250,1000,2013-07-25 7:58,147.7,184.9,181.8,181.5,191,192.6,179.9,178.6,179.8,179.8,180,204.6,198.6,198.6,198.7,204.7,179.2,179.8,179.7,40.6,77.7,73.2,11.008,11.032,44.467,1313,193.5,12.9,161.433,2013-07-25 6:13,,
2013-07-25 6:55,Extruder 1,13-A-499,90310-000065080004,7050,14077,1413,1250,500,2013-07-25 6:55,150.1,188,183.5,182.4,192.7,193,180,180.1,180,179.8,180,205.2,200,200.2,200.2,204.8,180,180,179.9,41.5,79.4,73.4,8.497,8.502,44.645,1173,194.6,13.5,162.903,2013-07-25 6:13,,
2013-07-25 6:26,Extruder 1,13-A-499,90310-000065080004,7050,14077,1251,1250,250,2013-07-25 6:26,150.3,187.1,182.7,183.8,192.5,193.3,180.1,179.8,179.8,180,180.2,205.1,200.6,200.5,200.7,205.2,179.6,180,180,41,79.2,73.9,8.501,8.499,43.879,1162,194.4,13.8,156.784,2013-07-25 6:13,,
2013-07-25 5:54,Extruder 1,13-A-498,90310-000065080004,7050,14077,1251,1250,1000,2013-07-25 5:54,149,185,181.4,179.1,191,192.4,180.1,179.7,180.1,179.8,180.2,205,199.7,199.5,199.4,204.6,179.7,180,180,40.5,78.4,72.8,8.501,8.492,40.087,1251,193.5,14.5,153.771,2013-07-25 4:13,,
2013-07-25 4:54,Extruder 1,13-A-498,90310-000065080004,7050,14077,1251,1250,500,2013-07-25 4:54,154.6,188.1,182.6,184,192.9,192.9,180,180.3,179.6,179.5,179.8,205,200.3,200.7,200.4,205.1,180.3,180,179.8,40.8,78.9,72.9,8.501,8.519,39.661,1111,194.1,14.6,164.516,2013-07-25 4:13,,
2013-07-25 4:25,Extruder 1,13-A-498,90310-000065080004,7050,14077,1251,1250,250,2013-07-25 4:25,151.8,187.9,182.9,183.5,192.4,193.1,180.1,180.1,180,180,180.9,205.5,200.3,200.1,200.1,205,181,179.9,180,40.8,79,73.5,8.501,8.515,39.911,1111,193.9,12.9,173.055,2013-07-25 4:13,,
2013-07-25 3:49,Extruder 1,13-A-497,90310-000065080004,7050,14077,1251,1250,1000,2013-07-25 3:49,149.2,185.1,180.6,178.8,190.7,192.4,180,179.5,180.2,180,179.7,204.7,199.3,199.5,199.1,204.7,179.8,180.1,180,41.6,78.8,74.1,8.49,8.477,35.21,1177,192.9,13,152.538,2013-07-25 2:07,,
2013-07-25 2:48,Extruder 1,13-A-497,90310-000065080004,7050,14077,1251,1250,500,2013-07-25 2:48,152.3,188.1,183.7,182.1,192.9,193,180.2,180,179.9,179.8,180.3,205,200.5,200.6,200.3,204.7,179,180,180,41.8,80.2,74.7,8.503,8.519,39.665,1152,194,13.2,167.505,2013-07-25 2:07,,
2013-07-25 2:19,Extruder 1,13-A-497,90310-000065080004,7050,14077,1251,1250,250,2013-07-25 2:19,151,187.4,182.7,184.1,192.4,193,180,180,179.8,180,180.8,205.1,200.5,200.5,200.2,205,180.2,180,180,41.4,80.2,74.8,8.503,8.492,39.665,1187,193.5,13.1,175.332,2013-07-25 2:07,,
2013-07-25 1:46,Extruder 1,13-A-496,90310-000065080004,7050,14077,1251,1250,1000,2013-07-25 1:46,152.1,185.2,182,178.6,191,192.4,180,179.7,179.7,179.7,179.7,204.8,200,199.7,199.5,204.5,179.6,180,179.8,41.4,79.8,74.7,8.501,8.497,30.112,1192,192.9,14,149.644,2013-07-25 0:00,,
2013-07-25 0:46,Extruder 1,13-A-496,90310-000065080004,7050,14077,1251,1250,500,2013-07-25 0:46,150.8,187.6,182.8,183.4,192.9,193.2,179.7,180,180,180,181,204.7,199.5,200.1,200.4,205,179.7,180,179.9,42.6,80.7,75.6,8.501,8.487,38.203,1280,193.5,14,176.21,2013-07-25 0:00,,
2013-07-25 0:17,Extruder 1,13-A-496,90310-000065080004,7050,14077,1251,1250,250,2013-07-25 0:17,150.9,188.3,183.2,184.5,193,193.4,181.1,180.2,180.8,180,180,204.8,201.8,201.6,200.8,203.5,180.9,180,180,42.3,81.5,75.2,8.501,8.484,36.927,1287,194.9,13.9,186.765,2013-07-25 0:00,,
2013-07-24 23:02,Extruder 1,13-A-495,90310-000065080004,7050,14077,1546,1250,1000,2013-07-24 23:02,151.5,188.7,183.1,181,193.2,192.7,180,180.3,180.2,180.1,180,209.8,200.3,200.7,206.3,219.6,180.1,180,180,42.4,80.6,75.3,15,14.989,41.636,1320,194.5,14.3,189.896,2013-07-24 20:30,,
2013-07-24 22:09,Extruder 1,13-A-495,90310-000065080004,7050,14077,1546,1250,500,2013-07-24 22:09,150.1,188.5,183.6,184.1,193,192.9,179.8,180,179.5,180,179.6,209.3,201.7,202.2,207.4,220.8,180,180,180,43.2,80.9,75.4,8.804,8.766,45.021,1126,194.6,13.7,191.2,2013-07-24 20:30,,
2013-07-24 21:41,Extruder 1,13-A-495,90310-000065080004,7050,14077,1546,1250,250,2013-07-24 21:41,148.3,188.1,183,180.4,193,193.6,180.1,180,180.5,180.1,180.3,209.8,202.8,202.4,205.9,221.4,180,180,180,43.1,81.5,75.7,8.901,8.873,45.114,1091,194.7,13.2,168.904,2013-07-24 20:30,,
2013-07-24 10:44,Extruder 1,13-A-493,90310-000065070004,7050,14076,1413,1250,1000,2013-07-24 10:44,150,188.1,183.1,183.3,193,193,179.5,180,179.9,180.1,179.8,199.9,199.9,200,200.1,200.1,180.4,180.1,180.1,41.7,79.6,73.2,10.002,9.967,36.38,1048,192.8,14.3,147.249,2013-07-24 8:55,,
2013-07-24 9:45,Extruder 1,13-A-493,90310-000065070004,7050,14076,1413,1250,500,2013-07-24 9:45,150.2,188,181.4,183.1,192.9,192.3,180.1,179.8,180.3,180,179.1,199.5,200,200.5,200.5,200.2,179.5,180,179.8,40.5,78,73.1,8.399,8.391,35.492,1127,193.6,14.4,157.732,2013-07-24 8:55,,
2013-07-24 9:16,Extruder 1,13-A-493,90310-000065070004,7050,14076,1413,1250,250,2013-07-24 9:16,147.4,187.7,182.3,183.5,192.4,193.8,180.1,180,180.1,180,180.6,200.3,200.5,200.6,200.5,200.3,179.8,180,180.1,40.5,78.3,72.4,8.399,8.364,35.171,1159,193.5,14.7,162.832,2013-07-24 8:55,,
2013-07-24 8:44,Extruder 1,13-A-492,90310-000065070004,7050,14076,1413,1250,1000,2013-07-24 8:44,148.2,185.1,180.9,179.6,190.9,192.4,180.5,179.8,180.2,180,179.7,199.8,199.3,199.2,199.3,199.9,179.7,180,179.8,39.8,77.3,72.3,8.494,8.467,34.638,1296,192.7,13.6,154.791,2013-07-24 6:55,,
2013-07-24 7:41,Extruder 1,13-A-492,90310-000065070004,7050,14076,1413,1250,500,2013-07-24 7:41,164.6,187.5,181.7,182.5,192.7,193.1,180,180.3,180.4,180.3,179.8,199.9,199.8,199.8,200.2,200.1,179.4,180,180,41,79.2,73.4,8.501,8.482,33.831,1191,193.3,34.1,182.97,2013-07-24 6:55,,
2013-07-24 7:12,Extruder 1,13-A-492,90310-000065070004,7050,14076,1413,1250,250,2013-07-24 7:12,151.3,187.5,182.7,182.7,192.6,192.5,180.4,179.2,179.4,179.7,180.3,200.2,200.5,200.3,200.4,200.4,180.6,180,180,41.4,79,73.5,8.503,8.484,34.18,1213,193.4,26.8,166.888,2013-07-24 6:55,,
2013-07-24 6:39,Extruder 1,13-A-491,90310-000065070004,7050,14076,1251,1250,1000,2013-07-24 6:39,150,184.9,181.6,179.3,190.5,192.1,180.1,179.1,180.1,180,179.7,200,199.5,199.5,199.2,199.5,180.2,180.2,180,40.8,78.4,72.8,8.497,8.472,32.153,1261,192.5,18.2,152.348,2013-07-24 4:56,,
2013-07-24 5:39,Extruder 1,13-A-491,90310-000065070004,7050,14076,1251,1250,500,2013-07-24 5:39,154,188.1,183.2,183.5,192.7,192.9,180,180.6,180.1,180,180.3,200.1,199.9,200,200,199.9,180.1,179.9,180,41.7,79.6,73.7,8.501,8.457,34.312,1223,193.1,18.1,170.161,2013-07-24 4:56,,
2013-07-24 5:10,Extruder 1,13-A-491,90310-000065070004,7050,14076,1251,1250,250,2013-07-24 5:10,152.2,187.5,182.8,182.6,192.4,192.8,180,180.3,180,180.1,179.6,200,200.3,200.3,200.5,200,180.2,180.1,180.1,41.6,79.9,74.2,8.497,8.482,34.827,1179,193.1,18.1,165.868,2013-07-24 4:56,,
2013-07-24 4:37,Extruder 1,13-A-490,90310-000065070004,7050,14076,1251,1250,1000,2013-07-24 4:37,150.3,185.1,180.1,182.1,190.7,192.2,180.2,179.4,179.8,179.8,179,199.7,199.9,200.3,199.8,200,180,180,180,40.9,77.5,71.7,8.501,8.474,32.144,1171,192.5,18.3,152.894,2013-07-24 2:49,,
2013-07-24 3:37,Extruder 1,13-A-490,90310-000065070004,7050,14076,1251,1250,500,2013-07-24 3:37,154.1,187.8,182.9,183.6,192.7,193,180,180,180.1,180.1,179.1,199.9,200.3,200.5,200.3,199.9,179.6,179.9,180,40.6,78.7,72,8.497,8.474,33.36,1102,192.5,18.3,160.484,2013-07-24 2:49,,
2013-07-24 3:08,Extruder 1,13-A-490,90310-000065070004,7050,14076,1251,1250,250,2013-07-24 3:08,154,187.6,182.9,181.7,192.4,192.5,179.8,179.8,180,180,180.1,200.1,200.6,200.1,200.5,200.5,179.2,180,180,40.6,78.5,72.1,8.499,8.479,33.708,1247,192.7,18.5,182.519,2013-07-24 2:49,,
2013-07-24 2:35,Extruder 1,13-A-489,90310-000065070004,7050,14076,1251,1250,1000,2013-07-24 2:35,150.6,185.2,181.3,181.7,190.8,191.7,180.2,179.3,180.2,180,181.1,199.6,199.5,199.1,199.3,199.7,179.5,180,180,40.5,77.8,72.8,8.499,8.479,30.116,1314,192.2,18.7,148.672,2013-07-24 0:51,,
2013-07-24 1:33,Extruder 1,13-A-489,90310-000065070004,7050,14076,1251,1250,500,2013-07-24 1:33,152.9,187.7,182.8,183.7,192.8,193.4,179.8,179.3,179.9,180.2,180.5,199.9,200.1,200.3,200.1,200.1,179.3,179.8,180,42.6,79.9,75.3,8.506,8.464,33.128,1256,192.7,18.9,170.28,2013-07-24 0:51,,
2013-07-24 1:04,Extruder 1,13-A-489,90310-000065070004,7050,14076,1251,1250,250,2013-07-24 1:04,154.9,187.8,182.3,179.7,192.3,193.4,180.3,180.1,180,180,179.8,200.1,200.3,199.9,200.2,200.2,180.2,179.9,180,41.8,79.6,74.4,8.501,8.462,33.396,1256,193,18.9,171.466,2013-07-24 0:51,,
2013-07-24 0:31,Extruder 1,13-A-488,90310-000065070004,7050,14076,1251,1250,1000,2013-07-24 0:31,151.1,185.5,181.7,180.4,190.7,192.4,180,179.3,179.5,179.8,180.2,200.2,199.9,199.7,199.2,199.5,179,180,180,41.2,79,74.1,8.499,8.464,32.162,1296,192,18.8,160.65,2013-07-23 22:41,,
2013-07-23 23:30,Extruder 1,13-A-488,90310-000065070004,7050,14076,1251,1250,500,2013-07-23 23:30,154.7,187.9,183,183.7,192.7,192.8,180,180.2,180.1,180,180.2,200.2,200.5,200.4,200.2,199.9,181,180.1,180,41.8,77.9,71.2,8.399,8.358,33.444,1231,193,19,165.583,2013-07-23 22:41,,
2013-07-23 23:01,Extruder 1,13-A-488,90310-000065070004,7050,14076,1251,1250,250,2013-07-23 23:01,154.9,187.7,182.7,183,192.5,193,180,179.3,179.8,179.9,180.5,200.2,200.5,200.6,200.3,200.1,179.8,180,180,41.7,79,72.3,8.403,8.37,33.13,1145,192.9,19.2,169.26,2013-07-23 22:41,,
2013-07-23 22:20,Extruder 1,13-A-487,90310-000065070004,7050,14076,1546,1250,1000,2013-07-23 22:20,152.9,185.5,181.6,180.4,190.8,191.9,180,179.1,180,180,179.7,199.9,199.6,199.5,199.6,199.7,179.8,179.8,180,41.1,78.8,73.1,8.501,8.449,32.137,1187,192,19.2,161.385,2013-07-23 20:37,,
2013-07-23 21:18,Extruder 1,13-A-487,90310-000065070004,7050,14076,1546,1250,500,2013-07-23 21:18,151.6,188,183,183.3,192.8,192.9,180.2,179.9,180.1,179.7,180.4,200.1,200.5,200.6,200.4,199.9,179.2,180,180,41.8,80.9,74.4,8.503,8.477,33.191,1143,192.7,20,159.677,2013-07-23 20:37,,
2013-07-23 20:49,Extruder 1,13-A-487,90310-000065070004,7050,14076,1546,1250,250,2013-07-23 20:49,152.9,187.7,182.7,183.9,192.4,193,180,180.2,180.2,180.3,180.7,200.2,200.2,199.8,200.3,200.2,180.7,180,180,41.9,80,74.1,8.399,8.378,33.05,1172,192.4,19.8,158.918,2013-07-23 20:37,,
2013-07-23 20:15,Extruder 1,13-A-486,90310-000065070004,7050,14076,1546,1250,1000,2013-07-23 20:15,153.1,185.3,181.1,178.4,190.8,191.9,180.6,179.7,180,180.2,180.3,199.8,199.7,199.4,199.5,199.8,180.5,180.1,180,41.5,78.9,73.7,8.503,8.454,31.64,1225,192.4,19.9,152.562,2013-07-23 18:28,,
2013-07-23 19:13,Extruder 1,13-A-486,90310-000065070004,7050,14076,1546,1250,500,2013-07-23 19:13,152.5,187.4,183.2,179.2,192.8,193.3,180.1,180.3,180.4,180.5,181,199.8,199.9,199.8,200.2,199.9,180.1,180.1,180.1,41.7,79.5,74.4,8.499,8.474,31.918,1221,192.7,19.9,178.155,2013-07-23 18:28,,
2013-07-23 18:44,Extruder 1,13-A-486,90310-000065070004,7050,14076,1546,1250,250,2013-07-23 18:44,165.1,187.9,182.9,183.6,192.7,193.1,180.4,180.1,180.2,180.1,179.9,199.6,200.3,200.5,200.2,200.2,180.5,180,180,42.2,80.6,74.2,8.506,8.469,31.904,1239,192.9,19.3,174.407,2013-07-23 18:28,,
2013-07-23 18:06,Extruder 1,13-A-485,90310-000065070004,7050,14076,1546,1250,1000,2013-07-23 18:06,161,186.2,181.7,181.7,191,192.2,179.9,179.5,180.1,179.9,179.4,200.1,199.5,199.3,199.6,200,179,180,180,41.7,79.2,74.4,8.501,8.457,32.153,1407,191.4,18.7,174.146,2013-07-23 16:16,,
2013-07-23 17:02,Extruder 1,13-A-485,90310-000065070004,7050,14076,1546,1250,500,2013-07-23 17:02,153.2,188.1,183.5,183.3,192.9,193.2,180.2,179.3,180.2,180.1,179.8,199.9,200.2,200.1,200.1,200.2,179.9,180,180,42,80.4,74,8.503,8.467,32.453,1260,193,16.9,184.725,2013-07-23 16:16,,
2013-07-23 16:33,Extruder 1,13-A-485,90310-000065070004,7050,14076,1546,1250,250,2013-07-23 16:33,151.9,188.1,183.5,182.2,192.6,193.2,179.6,180.3,179.7,180,181.1,200.2,200.4,200.5,200.5,200,179.7,180,180,42.4,80.6,74,8.494,8.462,32.333,1243,192.5,17.2,180.74,2013-07-23 16:16,,
2013-07-23 15:55,Extruder 1,13-A-484,90310-000065070004,7050,14076,1546,1250,1000,2013-07-23 15:55,155.9,185.8,182,182,191.1,191.9,180.1,179.6,179.9,180,179.8,199.8,199.1,199.3,199.4,199.6,180.9,180,180,41.6,79.7,74.4,8.501,8.467,31.107,1303,191.9,18.2,163.472,2013-07-23 14:02,,
2013-07-23 14:52,Extruder 1,13-A-484,90310-000065070004,7050,14076,1546,1250,500,2013-07-23 14:52,150,187.8,182.9,182.4,192.8,193,180.3,180,179.7,180,181,200.1,200.5,200.3,200.4,199.9,180.3,180,180,41.7,80.5,74.5,8.403,8.358,33.046,1218,193.2,19.5,167.932,2013-07-23 14:02,,
2013-07-23 14:23,Extruder 1,13-A-484,90310-000065070004,7050,14076,1413,1250,250,2013-07-23 14:23,151.1,187,182.8,183.1,192.3,193.1,180,179.4,179.6,180,179.2,199.9,200.2,200.2,200,199.9,180,180,180,41.6,80.2,74.3,8.401,8.374,32.121,1152,192.3,19.4,159.44,2013-07-23 14:02,,
2013-07-23 13:50,Extruder 1,13-A-483,90310-000065070004,7050,14076,1413,1250,1000,2013-07-23 13:50,158.3,185.7,180.9,179.7,190.7,192.1,180.2,179.3,180,179.8,179.9,199.8,199.8,199.5,199.2,199.5,179.8,179.9,179.7,41.5,79.1,74,8.399,8.36,31.15,1317,191.9,18.1,164.279,2013-07-23 11:56,,
2013-07-23 12:47,Extruder 1,13-A-483,90310-000065070004,7050,14076,1413,1250,500,2013-07-23 12:47,178.6,187.9,183,182.3,192.9,192.4,180.2,178.9,180.4,180.2,180.2,199.5,200.2,200.3,200.6,200.1,179.7,180,180,42.6,80.3,74.5,8.401,8.366,31.549,1256,192.8,18.1,178.842,2013-07-23 11:56,,
2013-07-23 12:18,Extruder 1,13-A-483,90310-000065070004,7050,14076,1413,1250,250,2013-07-23 12:18,169.5,188,182.9,181.1,192.2,193.1,180.3,180.6,179.8,180,180.1,200.5,201.1,200.8,200.7,200.2,179.3,180,180.2,42.8,80,73.8,8.497,8.495,31.677,1259,192.4,18.2,176.281,2013-07-23 11:56,,
2013-07-23 11:33,Extruder 1,13-A-482,90310-000065070004,7050,14076,1413,1250,1000,2013-07-23 11:33,177.7,188.4,183.2,183.2,193.1,192.7,180,180.7,180.6,180.1,180.2,200.2,200,200.1,200,200.1,179.1,179.9,180,42.6,79.9,74.2,9.501,9.488,32.337,1244,192.4,19.7,184.061,2013-07-23 9:45,,
2013-07-23 10:35,Extruder 1,13-A-482,90310-000065070004,7050,14076,1413,1250,500,2013-07-23 10:35,155.4,187.3,182.6,183.6,192.7,192.9,179.8,179.3,179.7,180,179.4,199.8,199.7,199.7,199.9,200,180.3,180,179.8,42.6,79.1,73.1,8.501,8.479,32.339,1260,192.1,20.4,167.434,2013-07-23 9:45,,
2013-07-23 10:06,Extruder 1,13-A-482,90310-000065070004,7050,14076,1413,1250,250,2013-07-23 10:06,156.2,187.8,182.7,183.9,192.4,193.2,180.2,179.2,179.7,179.8,180.8,200.1,200.2,200.5,200.2,199.8,179.6,179.8,179.8,42.4,79.1,72.7,8.501,8.497,31.913,1314,192.8,20.8,180.693,2013-07-23 9:45,,
2013-07-23 9:33,Extruder 1,13-A-481,90310-000065070004,7050,14076,1413,1250,1000,2013-07-23 9:33,155.1,185.7,180.7,180.5,190.8,192.2,179.9,179,180.1,180.2,180.3,199.9,199.5,199.3,199.2,199.6,179.4,180,179.8,42.5,78.9,72.9,10.002,9.982,32.146,1443,191.8,20.7,164.753,2013-07-23 7:42,,
2013-07-23 8:31,Extruder 1,13-A-481,90310-000065070004,7050,14076,1413,1250,500,2013-07-23 8:31,162.5,188.1,183.2,183.6,192.8,192.6,180.3,180.2,180,180,180.1,199.9,200,200.2,200.4,200.2,179.7,180.1,180,42.6,79.8,73.6,8.501,8.482,31.961,1324,193.1,20.6,188.378,2013-07-23 7:42,,
2013-07-23 8:02,Extruder 1,13-A-481,90310-000065070004,7050,14076,1413,1250,250,2013-07-23 8:02,161.2,188,182.9,183.5,192.3,192.7,180.1,180.1,179.7,180,179.6,200.5,200.6,200.1,200.2,200.1,180.3,180,180,42.4,77.7,71.1,8.499,8.497,32.155,1324,192.8,20.5,181.594,2013-07-23 7:42,,
2013-07-23 7:31,Extruder 1,13-A-480,90310-000065070004,7050,14076,1413,1250,1000,2013-07-23 7:31,154.4,186.1,181.6,180.3,190.8,191.7,179.8,179.2,180.1,179.9,180.2,199.6,199.3,199.1,199.4,199.9,180.1,180,179.9,41.9,76.3,70,8.497,8.492,32.67,1403,191.9,20.1,181.807,2013-07-23 5:47,,
2013-07-23 6:29,Extruder 1,13-A-480,90310-000065070004,7050,14076,1251,1250,500,2013-07-23 6:29,154.8,188.2,182.9,184.5,193,193.2,180.1,180.4,180.6,180.5,181.1,200,200.1,200.1,200.4,200,180.3,180,180,41.5,77,69.9,8.501,8.512,32.929,1295,193,19.4,182.59,2013-07-23 5:47,,
2013-07-23 6:00,Extruder 1,13-A-480,90310-000065070004,7050,14076,1251,1250,250,2013-07-23 6:00,153.5,187.9,182.9,183.9,192.5,193.5,180.4,180.4,180,180.3,180.2,199.9,200.5,200.6,200.3,200.2,179.7,180,180,41.7,76.6,69.5,8.501,8.502,33.171,1242,192.6,19,171.252,2013-07-23 5:47,,
2013-07-23 5:26,Extruder 1,13-A-479,90310-000065070004,7050,14076,1251,1250,1000,2013-07-23 5:26,153.3,185.9,181.7,181.9,191.1,192.4,179.9,178.8,179.6,179.5,179.1,199.9,199.8,199.1,199.5,199.8,179.9,180,180,41.5,75.6,70,8.467,8.497,32.802,1397,191,19.4,160.057,2013-07-23 3:40,,
2013-07-23 4:22,Extruder 1,13-A-479,90310-000065070004,7050,14076,1251,1250,500,2013-07-23 4:22,155.7,187.5,183,184,192.8,193.1,180,180.5,179.7,179.7,179.3,199.9,200.2,200,200.4,200.3,180.3,180,180,42.2,77.5,70.9,8.501,8.492,32.852,1189,191.9,19.8,161.765,2013-07-23 3:40,,
2013-07-23 3:53,Extruder 1,13-A-479,90310-000065070004,7050,14076,1251,1250,250,2013-07-23 3:53,157.2,187.9,182.9,183.8,192.5,192.4,180.1,180.5,179.9,180,180.2,200.1,200.2,200.3,200.5,199.9,179.7,180,180.3,42.5,77.7,70.6,8.501,8.507,32.64,1194,191.3,19.8,175.047,2013-07-23 3:40,,
2013-07-23 3:20,Extruder 1,13-A-478,90310-000065070004,7050,14076,1251,1250,1000,2013-07-23 3:20,162.6,185.9,181.7,182.4,190.8,192.5,180,179.3,179.6,179.7,179.3,199.9,199.9,199.6,199.6,199.4,179.7,180,180,42.6,76.5,70.2,8.501,8.497,32.829,1316,190.9,20.1,160.152,2013-07-23 0:56,,
2013-07-23 2:18,Extruder 1,13-A-478,90310-000065070004,7050,14076,1251,1250,500,2013-07-23 2:18,163,188.3,183,182.3,192.9,193,180,180.2,180,180,179.6,200.1,199.9,200.4,200.1,200.2,180,180,180,43,78.1,71.5,8.503,8.497,32.815,1232,191.1,19.8,180.764,2013-07-23 0:56,,
2013-07-23 1:49,Extruder 1,13-A-478,90310-000065070004,7050,14076,1251,1250,250,2013-07-23 1:49,155.3,188,182.6,180.6,192.7,193.3,180.1,180,180.3,180.2,179.6,199.6,199.5,199.9,199.4,199.7,179.8,180.2,179.9,43.2,78.1,70.8,8.501,8.499,32.715,1145,190.8,18.9,175.474,2013-07-23 0:56,,
2013-07-22 22:33,Extruder 1,13-A-477,90310-000065060004,7050,13690,1546,1250,500,2013-07-22 22:33,154.6,187.5,182.5,183.1,192.7,192.7,180.1,180.7,180.6,180.5,180.1,199.7,199.7,200,200.2,199.8,180,180,180,42.9,79.2,72.1,8.501,8.515,28.05,1215,192,20.1,168.074,2013-07-22 19:11,,
2013-07-22 22:04,Extruder 1,13-A-477,90310-000065060004,7050,13690,1546,1250,250,2013-07-22 22:04,156.5,187.7,182.8,184,192.4,192.6,180.2,180,180.3,180.1,178.7,200.1,200.2,200,200.2,200,181.1,180,180.1,43.3,79.2,72.3,8.503,8.484,26.959,1231,192.1,19.6,173.245,2013-07-22 19:11,,
2013-07-22 20:53,Extruder 1,13-A-477,90310-000065060004,7050,13690,1546,1250,1000,2013-07-22 20:53,178.3,188.1,183.1,182.8,193,193.3,180.1,179.7,179.8,179.8,180,199.8,199.9,200,200.1,199.9,179.7,179.8,180,43.8,79,72.6,8.499,8.509,27.014,1186,192.1,18.3,181.997,2013-07-22 19:11,,
2013-07-22 19:55,Extruder 1,13-A-477,90310-000065060004,7050,13690,1546,1250,500,2013-07-22 19:55,178.4,187.8,183,182.3,192.9,192.7,180,179.4,179.6,179.8,180.3,200.4,200.5,200.3,200.2,199.9,180.1,180,180,43.6,80.1,73.2,8.497,8.507,26.97,1163,191.8,18.1,174.122,2013-07-22 19:11,,
2013-07-22 19:26,Extruder 1,13-A-477,90310-000065060004,7050,13690,1546,1250,250,2013-07-22 19:26,177.8,187.8,182.7,183.1,192.4,192.7,180.3,180.3,180,180,180.3,200.2,200.4,200.3,200.3,200.1,179.7,180.1,180.1,43.8,80,72.8,8.503,8.502,27.1,1188,191.8,18.3,179.341,2013-07-22 19:11,,
2013-07-22 17:53,Extruder 1,13-A-476,90310-000065060004,7050,13690,1546,1250,1000,2013-07-22 17:53,178,188,183.1,183,193,193.3,180,180.3,179.7,179.9,180.2,200.4,200.2,199.7,200,199.9,180,180,180.1,44.1,80.6,74.1,8.499,8.502,27.075,1162,191.6,18.4,175.783,2013-07-22 16:13,,
2013-07-22 16:56,Extruder 1,13-A-476,90310-000065060004,7050,13690,1546,1250,500,2013-07-22 16:56,177.8,187.9,182.9,182.5,192.7,192.6,180.2,179.8,179.8,179.9,179.3,200.2,200.1,200.2,200.3,200.1,180.6,180.2,180.1,44.3,79.8,73.4,8.499,8.512,26.834,1153,191.5,18.1,171.798,2013-07-22 16:13,,
2013-07-22 16:27,Extruder 1,13-A-476,90310-000065060004,7050,13690,1546,1250,250,2013-07-22 16:27,177.2,187.8,182.7,182.7,192.4,192.5,179.8,180.2,180.2,180.3,179.9,200,200.1,200.1,200.2,200.1,180,180,180,43.5,79.8,73.3,8.501,8.499,26.907,1166,191.1,18.1,173.861,2013-07-22 16:13,,
2013-07-22 15:55,Extruder 1,13-A-475,90310-000065060004,7050,13690,1546,1250,1000,2013-07-22 15:55,174,186.2,181.1,181.5,191.1,191.6,179.8,178.8,180.2,180,179.4,199.8,199.4,199.2,199.4,200.1,180,180,180,43.3,79,72.9,8.499,8.499,25.046,1161,190.6,18.3,168.975,2013-07-22 13:54,,
2013-07-22 14:52,Extruder 1,13-A-475,90310-000065060004,7050,13690,1546,1250,500,2013-07-22 14:52,179.1,188.1,183.1,182.8,192.8,192.9,180.2,180.1,179.8,179.8,179.6,200.2,200.3,200.3,200.3,199.7,179.7,179.8,180,43.6,79,73.1,8.499,8.492,26.647,1155,191.4,18.7,176.684,2013-07-22 13:54,,
2013-07-22 14:24,Extruder 1,13-A-475,90310-000065060004,7050,13690,1413,1250,250,2013-07-22 14:24,174.5,188,182.6,183,192.4,192.7,180.3,180.3,180.4,180.2,179.7,200.3,200.7,200.8,200.9,200.5,180.3,180,180.1,43.1,79.4,73.3,8.501,8.497,26.538,1243,191.6,18.7,179.554,2013-07-22 13:54,,
2013-07-22 13:36,Extruder 1,13-A-474,90310-000065060004,7050,13690,1413,1250,2000,2013-07-22 13:36,164.3,188,183.1,182.9,193,193.1,179.7,180.1,180.3,180.2,180,199.5,199.7,200.2,200.3,200.3,180.6,180,180,43.9,80.2,73.4,9.999,10.003,26.408,1257,191.7,18,187.144,2013-07-22 9:56,,
2013-07-22 11:41,Extruder 1,13-A-474,90310-000065060004,7050,13690,1413,1250,1000,2013-07-22 11:41,177.2,188,183.1,183,193,192.4,180,180,179.7,179.8,179.5,200,200,199.7,200.2,199.9,179.7,180,180,43.1,79.6,73.1,8.503,8.479,26.364,1277,192,19.2,195.398,2013-07-22 9:56,,
2013-07-22 10:43,Extruder 1,13-A-474,90310-000065060004,7050,13690,1413,1250,500,2013-07-22 10:43,178.3,188.1,183,182.8,193.1,193.3,179.9,180.2,180.3,180,180,200.5,200.6,200.2,200.5,200.1,180,180,180,42.8,74.2,68.6,8.501,8.497,26.196,1251,192,13.8,186.954,2013-07-22 9:56,,
2013-07-22 10:14,Extruder 1,13-A-474,90310-000065060004,7050,13690,1413,1250,250,2013-07-22 10:14,178.1,188.1,183,183.6,193,192.9,180.7,180.3,180.2,180.1,179.1,200.4,201.1,201.5,201.2,200.4,180.1,180,180.1,42.1,74.7,68.3,8.501,8.517,26.146,1253,192.2,13.2,183.752,2013-07-22 9:56,,
2013-07-03 22:00,Extruder 1,13-A-425,90310-000065080004,7050,13689,1546,1250,1000,2013-07-03 22:00,154.8,185.8,180.7,181.6,191.1,191.8,180,179.3,179.9,179.9,179.9,219.4,202.2,198.8,203,219.9,180.1,180,180,42.8,85.4,80.8,8.501,8.515,34.039,1269,192,18.7,168.88,2013-07-03 14:16,,
2013-07-03 20:57,Extruder 1,13-A-425,90310-000065080004,7050,13689,1546,1250,500,2013-07-03 20:57,177.3,187.8,182.7,183.7,192.7,193.1,180,180.1,180,180,180,220.7,203.4,200.2,203.6,220.4,180.1,180,180,44.1,86,81.4,8.297,8.318,34.959,1135,192.9,18.5,188.71,2013-07-03 14:16,,
2013-07-03 20:28,Extruder 1,13-A-425,90310-000065080004,7050,13689,1546,1250,250,2013-07-03 20:28,178.7,187.8,182.4,182.9,192.6,193,180.4,180.1,179.7,180,181.6,218.9,202.3,199.7,203.2,219.2,179.7,180,180,43.5,86.3,81.5,8.499,8.517,34.569,1203,192.9,18.3,194.972,2013-07-03 14:16,,
2013-07-03 20:02,Extruder 1,13-A-425,90310-000065080004,7050 0% 065T 800W BK N/T,13689,1546,8000,500,2013-07-03 20:02,174.8,187,181.7,182.7,191.7,192.4,179.7,179.8,180,180,179,219.9,203.4,199.8,203.5,221,180,180,179.9,43.2,86,81.5,8.499,8.509,34.638,1251,191.6,17.4,195.375,2013-07-03 14:16,,
2013-07-03 19:31,Extruder 1,13-A-425,90310-000065080004,7050 0% 065T 800W BK N/T,13689,1546,8000,250,2013-07-03 19:31,162.8,188,182.6,183.7,192.4,193.2,180,180.7,180.6,180,180.8,218.7,202.1,200.2,201.2,216.7,180.9,180.2,180,44.1,86.1,81.6,9.799,9.824,41.198,1322,191.7,15.4,204.246,2013-07-03 14:16,,
2013-07-03 14:08,Extruder 1,13-A-424,90310-000065100004,7050,13688,1413,1250,1000,2013-07-03 14:08,159.2,187.9,183.7,183.6,193,193,180,180.3,179.8,179.8,179.6,215.2,203.5,200.2,201.6,210,179.9,180.1,180,43.4,85.1,81.1,9.501,9.496,43.005,1183,194.3,20.8,119.26,2013-07-03 10:47,,
2013-07-03 13:06,Extruder 1,13-A-424,90310-000065100004,7050,13688,1413,1250,500,2013-07-03 13:06,153.2,188.1,182.9,181.7,193,192.8,179.8,180,179.8,179.9,179.8,215.1,204.1,200.4,202.1,209.5,179.8,179.9,179.8,43.2,85,80.9,7.906,7.889,43.055,1240,193.4,20,187.334,2013-07-03 10:47,,
2013-07-03 12:35,Extruder 1,13-A-424,90310-000065100004,7050,13688,1413,1250,250,2013-07-03 12:35,152.5,188,183,183.1,192.8,193.3,180.4,180.5,180.5,180.1,181.1,215.3,204.2,201.3,203.3,210.1,180.3,180,180,43.1,84.6,80.6,7.899,7.874,43.194,1306,193.6,18.4,190.275,2013-07-03 10:47,,
2013-07-03 9:45,Extruder 1,13-A-423,90310-000065100004,7050,13688,1413,1250,500,2013-07-03 9:45,152.9,188.1,183.2,183.7,192.7,192.5,180,180,180,180.1,180.5,215.2,202.8,199.9,201.2,209.8,179.9,180,179.8,42.1,83.8,79.7,7.899,7.884,42.656,1178,194.2,20.3,182.448,2013-07-03 8:43,,
2013-07-03 9:14,Extruder 1,13-A-423,90310-000065100004,7050,13688,1413,1250,250,2013-07-03 9:14,150.6,187.9,182.7,182.9,192.9,193,180.1,180.1,180.2,180,180,215.3,202.6,200.3,201.3,210.7,180,180,180.1,42.4,83.8,79.6,7.899,7.874,42.478,1183,194.6,20.3,184.677,2013-07-03 8:43,,
2013-07-03 8:35,Extruder 1,13-A-423,90310-000065100004,7050,13688,1413,1250,1000,2013-07-03 8:35,150.3,186.3,182.7,182.1,191.3,192.6,179.8,179.3,179.6,180,180.2,215.2,202.9,199,200.4,210.5,179.7,180,180.1,41.3,82.5,78.8,7.901,7.884,42.173,1243,193.1,20,190.038,2013-07-03 8:43,,
2013-07-03 7:29,Extruder 1,13-A-422,90310-000065100004,7050,13688,1413,1250,500,2013-07-03 7:29,154.6,188.2,183.1,182.4,193,192.9,179.7,180,180,180.1,180.3,214.9,203.5,200.2,201.2,209.9,180,180,180,42.1,83.1,79.1,7.998,7.994,42.674,1242,194.5,20,188.425,2013-07-03 6:40,,
2013-07-03 6:58,Extruder 1,13-A-422,90310-000065100004,7050,13688,1413,1250,250,2013-07-03 6:58,157,188.3,183.5,183.5,192.8,192.8,180.4,180.1,180.1,180,179.8,215.5,203.1,200.9,201.5,210.7,180,180,180,41.4,83.1,79,8.003,8.012,42.554,1246,195,19.6,191.176,2013-07-03 6:40,,
2013-07-03 6:22,Extruder 1,13-A-421,90310-000065100004,7050,13688,1476,1250,1000,2013-07-03 6:22,159,186.2,181.8,182.6,191.3,191.7,180,179,180,179.8,179.2,213.7,202.1,198.7,199.8,209.7,179.5,179.9,179.7,40.5,82,78.1,7.998,7.994,39.116,1279,193,19.1,184.464,2013-07-03 4:23,,
2013-07-03 5:15,Extruder 1,13-A-421,90310-000065100004,7050,13688,1476,1250,500,2013-07-03 5:15,151.9,188.5,183.9,181.4,193,193,180,180,180.3,180.3,180.1,214.8,202.9,199.8,200.7,210.1,180,180,180,41.5,83.2,79,8.003,8.01,42.103,1233,194.4,20.1,191.224,2013-07-03 4:23,,
2013-07-03 4:44,Extruder 1,13-A-421,90310-000065100004,7050,13688,1476,1250,250,2013-07-03 4:44,155.5,187.7,182.5,181.3,192.5,192.7,180,180,179.8,180.1,180.5,215,203.2,199.6,200.5,209.9,179.8,180,180,41.5,83.2,78.8,8.005,8,41.704,1223,194,20.2,188.164,2013-07-03 4:23,,
2013-07-03 4:10,Extruder 1,13-A-420,90310-000065100004,7050,13688,1476,1250,1000,2013-07-03 4:10,159.5,186.9,181.8,181.8,192.5,193.5,179.7,179.2,180,179.8,179.5,213.4,204.8,201.5,202.6,209.8,179.3,179.8,179.8,41.3,82.5,78.3,7.906,7.907,40.13,1231,194,21,192.386,2013-07-03 2:12,,
2013-07-03 3:05,Extruder 1,13-A-420,90310-000065100004,7050,13688,1476,1250,500,2013-07-03 3:05,161.8,188.1,181.8,183.3,193.3,195.7,180,180,180,179.8,180.3,215,205.8,202.1,203.1,210.4,180.1,180,180.1,42.4,83.8,79,8.003,8,46.544,1174,195.6,21.3,196.134,2013-07-03 2:12,,
2013-07-03 2:34,Extruder 1,13-A-420,90310-000065100004,7050,13688,1476,1250,250,2013-07-03 2:34,158.4,187.9,183.4,183.2,193,196,180.2,180,180,180,180.9,215.4,204.7,200.7,202.4,210.1,180,180,180,41.5,83.8,79.3,8.001,7.99,46.467,1151,195.6,20.6,187.239,2013-07-03 2:12,,
2013-07-03 1:59,Extruder 1,13-A-419,90310-000065100004,7050,13688,1476,1250,1000,2013-07-03 1:59,159.5,186.6,181.6,179.9,191.7,193.1,180,178.9,180,179.8,179.4,214,204.7,201.5,202.5,209.7,179.8,180,179.8,40.9,82.7,78.6,7.901,7.904,38.073,1211,194,20.4,187.761,2013-07-03 0:02,,
2013-07-03 0:53,Extruder 1,13-A-419,90310-000065100004,7050,13688,1476,1250,500,2013-07-03 0:53,175.8,188.2,182.6,182.6,192.9,194.8,180.4,180,180,180.2,180.3,215.1,205,201.6,202.7,209.9,180.2,180,180.1,42.1,83.9,79.8,7.998,8.005,46.041,1132,195.9,20,204.602,2013-07-03 0:02,,
2013-07-03 0:22,Extruder 1,13-A-419,90310-000065100004,7050,13688,1476,1250,250,2013-07-03 0:22,173.7,187.9,183.2,183.5,192.7,195.6,180.2,180,179.9,180.1,180.1,215.6,204.6,200.9,201.9,210.3,180.2,180,180,42.1,84.2,79.9,7.987,7.994,46.171,1138,195.3,19.6,199.858,2013-07-03 0:02,,
2013-07-02 21:35,Extruder 1,13-A-417,90310-000065100004,7050,13688,1546,1250,1000,2013-07-02 21:35,165.9,186.6,182.4,181.6,191.5,191.8,179.6,179.1,180,180.2,180.2,214.2,202.5,198.7,200,210,179.5,180,180,42,82.7,79,7.994,8.012,42.096,1364,192.6,20.6,195.636,2013-07-02 19:42,,
2013-07-02 20:29,Extruder 1,13-A-417,90310-000065100004,7050,13688,1546,1250,500,2013-07-02 20:29,163.7,187,183,183.7,192.8,192.7,179.7,179.9,179.7,179.8,180,214.8,203.7,200.3,201.2,209.7,179.9,180,180,42.8,84.1,79.7,8.003,8.002,43.059,1327,194.3,21,196.584,2013-07-02 19:42,,
2013-07-02 19:59,Extruder 1,13-A-417,90310-000065100004,7050,13688,1546,1250,250,2013-07-02 19:59,155.3,187.8,183.4,181.6,192.8,193.6,180,180,180.1,180.3,180.2,215.3,203.3,200.2,201.2,210,180,180,180,42.3,84.2,80.1,8.001,7.998,43.465,1325,194.7,21.1,201.518,2013-07-02 19:42,,
2013-07-02 19:21,Extruder 1,13-A-416,90310-000065100004,7050,13688,1546,1250,1000,2013-07-02 19:21,154.2,186.6,182.2,182.7,191.5,192.1,180.3,179.2,180.1,179.8,179.2,214.2,202.8,199.1,200.7,210.1,179.7,180.1,179.9,41.9,83,79.4,8.001,8.012,42.125,1351,193.5,20.9,192.528,2013-07-02 17:33,,
2013-07-02 18:16,Extruder 1,13-A-416,90310-000065100004,7050,13688,1546,1250,500,2013-07-02 18:16,154.6,186.1,183.7,184.6,193,193.1,180.1,180,180.3,180.2,180.2,215,202.9,200.2,201.7,210,180.2,180,180,43.2,84.8,80.5,8.001,8.015,44.148,1248,194.6,20.8,190.583,2013-07-02 17:33,,
2013-07-02 17:45,Extruder 1,13-A-416,90310-000065100004,7050,13688,1546,1250,250,2013-07-02 17:45,155.2,188.3,182.5,181.9,192.9,193.2,180.4,180.2,180.2,180.2,180.6,215.3,202.5,200.3,201.2,210.4,180.3,180,180.1,42.7,84.9,80.6,7.996,7.992,44.109,1225,194.9,20.6,184.725,2013-07-02 17:33,,
2013-07-02 17:10,Extruder 1,13-A-415,90310-000065100004,7050,13688,1546,1250,1000,2013-07-02 17:10,154.7,186.6,182.5,180.5,191.6,191.8,180,179.3,180.1,179.8,180.2,214.5,201.8,199.1,200.3,210.2,179.7,180.1,180,42.6,84.1,80.3,8.001,7.99,40.141,1258,192.9,20.4,183.586,2013-07-02 15:17,,
2013-07-02 16:05,Extruder 1,13-A-415,90310-000065100004,7050,13688,1546,1250,500,2013-07-02 16:05,150.5,188,183.3,181.7,193,192.9,180,180,180.2,180.1,180.8,214.9,202.4,200,201.6,210,180.5,180,180,42.4,84.5,80.3,8.001,8.01,43.481,1252,194.3,20.9,185.84,2013-07-02 15:17,,
2013-07-02 15:34,Extruder 1,13-A-415,90310-000065100004,7050,13688,1546,1250,250,2013-07-02 15:34,154.7,187.5,183.1,179.7,192.7,192.9,180.1,180,180.2,180,180.5,215.1,202.7,200.1,201.7,210.2,180,180,179.8,43,84.7,80.3,7.992,7.992,43.114,1273,194.4,20.4,187.287,2013-07-02 15:17,,
2013-07-02 14:58,Extruder 1,13-A-414,90310-000065100004,7050,13688,1413,1250,1000,2013-07-02 14:58,162.1,187,182.2,180.3,191.7,193.2,180,179.2,179.6,179.8,179.8,214.7,204.1,201.1,203.1,209.9,179.4,179.9,179.8,42,84,79.9,7.987,7.982,43.1,1324,193.9,21.3,193.311,2013-07-02 12:55,,
2013-07-02 13:52,Extruder 1,13-A-414,90310-000065100004,7050,13688,1413,1250,500,2013-07-02 13:52,168.7,187.8,183.6,183,193.5,195.8,180,180,180.5,180.4,180.1,214.8,205.5,201.8,203.2,210.2,180.1,180,180,42.4,84.4,79.9,7.994,8.01,46.323,1207,195.5,21.6,193.05,2013-07-02 12:55,,
2013-07-02 13:21,Extruder 1,13-A-414,90310-000065100004,7050,13688,1413,1250,250,2013-07-02 13:21,165.3,188.4,183.6,184.6,192.8,196.2,180.4,180.3,180.3,180.3,181.3,215.2,205.1,201.4,202.9,210,180.4,179.9,180,42.2,84.2,79.6,7.906,7.897,45.879,1186,195.6,21.1,199.478,2013-07-02 12:55,,
2013-07-02 12:46,Extruder 1,13-A-413,90310-000065100004,7050,13688,1413,1250,1000,2013-07-02 12:46,159.4,185.3,181.9,180.9,191.6,194.3,179.7,179,179.8,180,179.5,214.2,205,201.1,202.6,210.4,179.8,179.9,180.1,41.5,83.3,79.3,11.143,10.873,44.107,1347,194,20.6,192.955,2013-07-02 10:47,,
2013-07-02 11:41,Extruder 1,13-A-413,90310-000065100004,7050,13688,1413,1250,500,2013-07-02 11:41,183.2,188,183.1,183.7,193,195.2,179.6,180,179.7,179.9,180.3,215.3,205.7,201.7,203,210,180,180,180,42.6,84.7,80,7.899,7.904,45.205,1205,194.7,19.6,191.414,2013-07-02 10:47,,
2013-07-02 11:10,Extruder 1,13-A-413,90310-000065100004,7050,13688,1413,1250,250,2013-07-02 11:10,172.3,188.3,183.7,184.8,192.9,196,180.6,180.5,180.5,180.1,181,215.3,204.9,201.5,202.7,210.4,180.4,180,180,41.8,84.4,79.9,7.903,7.894,44.979,1179,195.6,19.1,200.593,2013-07-02 10:47,,
2013-07-02 10:34,Extruder 1,13-A-412,90310-000065100004,7050,13688,1413,1250,1000,2013-07-02 10:34,176.1,186.3,181.4,182.5,191.5,191.3,179.6,178.7,179.8,180,179.4,213.9,204,200.2,202,209.9,179.4,179.8,180,41.5,83.7,79.3,7.182,7.306,44.159,1385,193.3,19,196.395,2013-07-02 8:43,,
2013-07-02 9:25,Extruder 1,13-A-412,90310-000065100004,7050,13688,1413,1250,500,2013-07-02 9:25,184.1,187.8,182.7,182.4,193,193.8,180.1,180,180.2,180.1,180,215.1,204.6,201,202.5,209.9,180.1,180,180,42.1,84.5,79.5,7.804,7.803,44.986,1170,195.1,19.2,195.612,2013-07-02 8:43,,
2013-07-02 8:53,Extruder 1,13-A-412,90310-000065100004,7050,13688,1413,1250,250,2013-07-02 8:53,173.8,188.5,183.4,183.8,192.8,195.2,180.7,180.1,180.4,180.2,180.9,216.2,203.9,201.3,202.3,210.6,180.6,179.8,180,41.6,83.9,78,7.908,7.904,45.194,1159,195.3,18.4,202.799,2013-07-02 8:43,,
2013-07-02 8:17,Extruder 1,13-A-1,90310-000065100004,7050,13688,1413,1250,1000,2013-07-02 8:17,163.6,186.4,182,181.3,191.6,191.4,179.2,177.6,179.3,179.9,178.8,213.8,202.4,198.4,200.3,210,178.6,180,180,40.8,82.4,77.6,10.247,10.646,40.164,1405,191.8,18,184.891,2013-07-02 6:18,,
2013-06-28 8:04,Extruder 1,13-A-409,90310-000065100004,7050,13688,1476,1250,500,2013-06-28 8:04,160.3,188.1,183.6,184.4,193,193,179.9,180.2,180.3,180.1,180,214.7,201.6,200.2,201.4,210.1,180.3,180,180,42.4,82.6,77.6,7.901,7.909,42.364,1269,194.3,19,187.69,2013-06-28 7:07,,
2013-06-28 7:33,Extruder 1,13-A-409,90310-000065100004,7050,13688,1476,1250,250,2013-06-28 7:33,160.1,188.1,183,181.9,192.9,193.1,180.7,180.3,180.2,180,180.5,215.5,201.5,200.8,201.3,210.3,180.3,180.1,180,41.8,82.6,77.5,7.897,7.897,42.679,1263,194.9,19.4,189.919,2013-06-28 7:07,,
2013-06-28 6:58,Extruder 1,13-A-408,90310-000065100004,7050,13688,1546,1250,1000,2013-06-28 6:58,160.3,186.2,181.7,182.8,191.4,192.5,179.3,178.8,179.5,179.7,179.1,214.4,200.5,198.6,199.9,209.7,179.6,179.9,179.6,41.2,82.5,77.7,7.894,7.899,43.171,1337,192.3,18.9,191.912,2013-06-28 5:02,,
2013-06-28 5:50,Extruder 1,13-A-408,90310-000065100004,7050,13688,1546,1250,500,2013-06-28 5:50,159.7,188,183.1,182.3,192.9,193.1,180,180.1,179.8,179.9,180.5,215.2,202.3,199.8,201.1,210.3,179.8,180,180,41.9,84,78.3,7.897,7.904,43.169,1269,194.3,20.2,181.499,2013-06-28 5:02,,
2013-06-28 5:19,Extruder 1,13-A-408,90310-000065100004,7050,13688,1546,1250,250,2013-06-28 5:19,160.2,187.6,182.8,183.3,192.8,192.9,180.2,180,180.1,180.3,180.4,215.1,202.1,199.4,201.1,210,180,180,180.1,42.5,84.2,78.3,8.001,8.008,43.162,1279,194.3,19.6,194.141,2013-06-28 5:02,,
2013-06-28 4:39,Extruder 1,13-A-407,90310-000065100004,7050,13688,1546,1250,1000,2013-06-28 4:39,161.5,186.5,182.4,181.3,192,192.4,179.9,178.8,179.8,179.8,179,214,203.6,200.2,202.1,210,179.3,179.9,180,41.9,83.5,78.2,7.458,7.483,44.702,1343,193.6,20.4,192.789,2013-06-28 2:29,,
2013-06-28 3:32,Extruder 1,13-A-407,90310-000065100004,7050,13688,1546,1250,500,2013-06-28 3:32,174.7,187.9,183.3,183.6,192.9,195.7,180,180.3,180,180.1,180.2,214.9,204.9,201.9,203.4,209.9,180,180,180,42.9,84.4,78.6,8.007,8.008,46.178,1184,195.1,20.6,199.929,2013-06-28 2:29,,
2013-06-28 3:01,Extruder 1,13-A-407,90310-000065100004,7050,13688,1546,1250,250,2013-06-28 3:01,173.7,188.3,182.7,182.2,193,196.4,180.2,180,180.1,180.1,180.6,215.4,204.7,201.4,203.2,209.8,180.1,179.9,180,42.3,84.3,78.4,7.897,7.889,46.162,1202,195.5,20.3,192.766,2013-06-28 2:29,,
2013-06-28 2:05,Extruder 1,13-A-406,90310-000065100004,7050,13688,1546,1250,1000,2013-06-28 2:05,161.7,186.5,181.5,182.4,191.8,194,180,179.2,179.7,179.7,179.7,214.5,203.7,200.4,202.6,209.9,179.5,180,180,41.8,83.2,78.2,11.889,12.361,40.157,1231,194.1,19.8,195.778,2013-06-28 0:12,,
2013-06-28 0:59,Extruder 1,13-A-406,90310-000065100004,7050,13688,1546,1250,500,2013-06-28 0:59,180.1,188,183,184.4,193,195.7,180.4,180,180.1,180,180.3,215.4,203.8,201.2,202.7,210,180.1,180.1,180,43.1,84.1,78.6,7.899,7.884,46.417,1185,195.5,19.6,195.446,2013-06-28 0:12,,
2013-06-28 0:28,Extruder 1,13-A-406,90310-000065100004,7050,13688,1546,1250,250,2013-06-28 0:28,174.1,187.8,183.2,184.1,192.9,194.9,180.5,180.3,180.3,180.2,180.5,215.2,202.2,200.5,201.6,210.4,180.7,180,180,42.8,83.7,70.1,7.802,7.793,46.123,1157,195.2,17.7,193.88,2013-06-28 0:12,,
2013-06-27 23:50,Extruder 1,13-A-405,90310-000065100004,7050,13688,1546,1250,1000,2013-06-27 23:50,162.2,186.5,181,179.8,191.8,192.4,180,179.2,180,179.8,179.4,214.8,201.5,199,200.5,210.2,179.7,179.9,179.9,42,83.2,78.4,8.007,7.984,30.093,1131,192.7,18,165.987,2013-06-27 21:40,,
2013-06-27 22:45,Extruder 1,13-A-405,90310-000065100004,7050,13688,1413,1250,500,2013-06-27 22:45,177.6,187.6,181.8,181.5,192.7,192.9,180,180,180.3,180,180,214.6,202.3,199.9,201.8,210,179.7,180.1,179.9,42.1,83.3,78.3,7.996,8.008,43.103,1269,193.4,20,194.521,2013-06-27 21:40,,
2013-06-27 22:14,Extruder 1,13-A-405,90310-000065100004,7050,13688,1413,1250,250,2013-06-27 22:14,176.7,188,180.3,182.8,192.4,192.9,180.2,180.2,179.9,180.1,180.4,215.7,202.4,200.5,201.9,210.4,180.1,180,180,42.2,83.2,78.3,7.996,7.994,43.412,1301,193.7,19.6,190.465,2013-06-27 21:40,,
2013-06-27 21:26,Extruder 1,13-A-404,90310-000065100004,7050,13688,1413,1250,1000,2013-06-27 21:26,178.7,188.3,169.5,183.7,192.2,192.5,180,180.1,180,180,180.4,215.2,205,202.4,203.9,209.6,180,180,180,42.5,84,78.8,9.499,9.478,46.813,1241,194.8,20.9,196.347,2013-06-27 19:15,,
2013-06-27 20:24,Extruder 1,13-A-404,90310-000065100004,7050,13688,1413,1250,500,2013-06-27 20:24,177.7,188.8,166.3,181.9,193,193.7,180.5,180.4,180.2,179.9,180.1,215,205.1,202.3,204.2,210.3,180,180.1,180,42.5,83.8,78.9,8.001,7.992,46.706,1226,195.2,21.5,194.972,2013-06-27 19:15,,
2013-06-27 19:54,Extruder 1,13-A-404,90310-000065100004,7050,13688,1413,1250,250,2013-06-27 19:54,178.3,188,152.8,176.5,192.5,193.6,181.2,180.5,180.6,180.3,180.6,216.7,204.4,202.5,203.3,211,180.4,180,180.1,42.8,83.4,79,8.01,7.974,46.663,1194,194.9,21.7,198.933,2013-06-27 19:15,,
2013-06-27 18:55,Extruder 1,13-A-403,90310-000065100004,7050,13688,1413,1250,1000,2013-06-27 18:55,179.3,188,139.5,182.8,193.4,193.2,180.1,180.1,180.4,180.3,180.3,214.6,202.1,200.4,201.9,210.3,180.2,180,180,43.2,83.2,79,9.501,9.48,45.87,1195,194,20.3,197.699,2013-06-27 17:25,,
2013-06-27 15:36,Extruder 1,13-A-402,90310-000065100004,7050,13688,1413,1250,500,2013-06-27 15:36,166,187.2,183.7,183.6,193,197.4,180.2,179.9,179.8,179.7,181.2,214.7,205.6,203.1,204.5,209.7,180.1,180,179.9,43.6,84.4,79.6,7.897,7.917,46.585,1224,195.4,20.1,198.031,2013-06-27 14:38,,
2013-06-27 15:05,Extruder 1,13-A-402,90310-000065100004,7050,13688,1413,1250,250,2013-06-27 15:05,167.1,188.8,183.3,182.3,193.2,197.2,180.3,180,180.3,180.2,181.2,215.8,204.7,201.6,203.4,210.3,180.3,180,180.1,43.1,84.2,79.4,7.901,7.922,46.526,1212,195.3,20.5,199.194,2013-06-27 14:38,,
2013-06-27 14:29,Extruder 1,13-A-401,90310-000065100004,7050,13688,1476,1250,1000,2013-06-27 14:29,157.8,186.6,182.3,178.4,192.3,195.4,180,178.7,180,179.9,180.2,214.8,204.1,201.1,203,210,179.6,180,179.9,42.7,83.8,79.2,7.899,7.904,40.157,1248,193.8,19.1,198.411,2013-06-27 12:24,,
2013-06-27 13:22,Extruder 1,13-A-401,90310-000065100004,7050,13688,1476,1250,500,2013-06-27 13:22,171,189.4,183.6,182.2,193,192.9,179.9,180,180.1,179.9,180.2,215.2,203.4,200.5,202,210,180,180,180,43.2,84.2,79.6,7.897,7.924,42.428,1268,194.1,21,196.205,2013-06-27 12:24,,
2013-06-27 12:51,Extruder 1,13-A-401,90310-000065100004,7050,13688,1476,1250,250,2013-06-27 12:51,165.1,187.9,182.4,182.1,192.7,193.2,180.5,180.3,180.2,180,181.1,215.2,202.5,200.9,201.5,210.4,180.1,179.9,180,43.1,84.2,79.2,7.894,7.909,43.264,1229,194.5,20.5,186.504,2013-06-27 12:24,,
2013-06-27 12:16,Extruder 1,13-A-400,90310-000065100004,7050,13688,1476,1250,1000,2013-06-27 12:16,158.1,186.4,182.3,183.3,191.5,192.4,179.7,179.4,180,179.8,179.4,214.6,201.7,198.9,200.1,209.8,179.5,179.9,179.8,42.5,83.2,79,7.91,7.917,42.148,1239,192.3,19.6,177.799,2013-06-27 10:13,,
2013-06-27 11:09,Extruder 1,13-A-400,90310-000065100004,7050,13688,1476,1250,500,2013-06-27 11:09,155.9,187.9,183.1,181.8,192.9,193,180.1,180.2,179.8,179.7,179.7,214.8,202.9,200,201.5,210.1,180.1,180,180,43.4,83.7,79,7.899,7.92,42.788,1233,193.9,20.1,181.38,2013-06-27 10:13,,
2013-06-27 10:38,Extruder 1,13-A-400,90310-000065100004,7050,13688,1476,1250,250,2013-06-27 10:38,153.6,187.5,183,182.5,192.9,193.4,180.6,180.1,180.1,180.1,180.7,215.8,202.3,200.4,200.9,210.5,180.3,180,180.1,43.1,83.7,78.8,7.903,7.917,42.777,1240,194.4,19.5,190.157,2013-06-27 10:13,,
2013-06-27 10:04,Extruder 1,13-A-399,90310-000065100004,7050,13688,1476,1250,1000,2013-06-27 10:04,153.9,186.4,181.9,181.3,191.5,192.7,179.9,178.8,179.5,179.8,179.3,214.1,201.5,198.9,200.3,209.6,180.2,180,179.9,42.2,82.2,78.2,7.899,7.924,41.148,1305,192.4,19.7,195.304,2013-06-27 8:00,,
2013-06-27 8:57,Extruder 1,13-A-399,90310-000065100004,7050,13688,1476,1250,500,2013-06-27 8:57,162.4,188,182.3,183.7,192.9,193,180.3,180.2,180.3,180.1,180.2,214.9,202.8,200.8,201.3,210.2,180.3,180,180,43.1,84.3,79.3,7.901,7.932,42.011,1295,194.8,19.8,204.032,2013-06-27 8:00,,
2013-06-27 8:26,Extruder 1,13-A-399,90310-000065100004,7050,13688,1476,1250,250,2013-06-27 8:26,156.5,187.5,183.4,183.8,192.7,192.9,180.1,179.8,180,180.1,180,215.3,202,199.6,200.9,210,180.6,180,180,43,84.2,79.2,7.899,7.937,42.018,1248,194.2,19.3,192.268,2013-06-27 8:00,,
2013-06-27 7:51,Extruder 1,13-A-398,90310-000065100004,7050,13688,1476,1250,1000,2013-06-27 7:51,155.8,186.7,181.9,182.3,191.6,193,179.7,179.2,180,180,180,214.2,203.9,200.5,202.3,210,179.6,180,180,42.1,82.9,78.5,7.903,7.917,43.235,1234,193.7,20,189.943,2013-06-27 5:59,,
2013-06-27 6:45,Extruder 1,13-A-398,90310-000065100004,7050,13688,1546,1250,500,2013-06-27 6:45,176,188,183.3,184.5,192.9,195,179.8,180.1,180,180,180,214.9,204.5,200.8,202.8,209.9,180.2,180,180,42,81.9,77.1,7.903,7.927,46.966,1161,195,20,193.786,2013-06-27 5:59,,
2013-06-27 6:14,Extruder 1,13-A-398,90310-000065100004,7050,13688,1546,1250,250,2013-06-27 6:14,172,187.9,182.9,182.8,193,195.9,180.6,180.1,180,179.8,180.3,215.7,204.2,200.9,202.6,210.3,180.2,180,180,42.2,81.8,77.3,7.897,7.914,46.665,1147,195.3,19.4,190.939,2013-06-27 5:59,,
2013-06-27 5:38,Extruder 1,13-A-397,90310-000065100004,7050,13688,1546,1250,1000,2013-06-27 5:38,161,186.5,181.7,180.3,191.7,193,179.5,178.6,179.6,180,179.4,214.2,204.1,200.4,202,209.4,179.6,180,179.8,41.2,80.9,76.7,7.906,7.93,43.157,1229,193.4,18.3,201.376,2013-06-27 3:46,,
2013-06-27 4:31,Extruder 1,13-A-397,90310-000065100004,7050,13688,1546,1250,500,2013-06-27 4:31,180.5,188.1,182.6,184.1,193,195.9,180,180.3,180.2,180.1,180,214.8,204.8,202,203.5,210.2,180,179.9,180,41.6,82.7,76.2,7.802,7.799,46.54,1190,195.1,18.7,199.668,2013-06-27 3:46,,
2013-06-27 3:59,Extruder 1,13-A-397,90310-000065100004,7050,13688,1546,1250,250,2013-06-27 3:59,178.4,187.6,182.6,182.7,192.9,195.8,180.1,180.2,180.4,180,179.8,214.9,204.7,201.5,203.2,210.4,180,179.9,179.9,41.7,82.4,69,7.802,7.823,45.629,1170,195.4,19.3,196.822,2013-06-27 3:46,,
2013-06-27 3:03,Extruder 1,13-A-396,90310-000065100004,7050,13688,1546,1250,1000,2013-06-27 3:03,167.1,186.5,181.5,182.4,189.9,193,179.8,179.4,179.8,180,179.6,214.5,202.1,199.2,200.4,210,179.7,179.9,179.8,41.7,82.4,77.8,7.998,8.02,40.178,1117,193.1,18.8,189.232,2013-06-26 22:35,,
2013-06-27 1:58,Extruder 1,13-A-396,90310-000065100004,7050,13688,1546,1250,500,2013-06-27 1:58,168.9,187.6,183.3,183.7,192.9,193,179.7,179.9,180,180.1,180.4,214.7,202.6,200.1,201.4,209.9,180,180,180,42.1,82.6,77.6,7.992,7.99,43.708,1202,193.7,18.8,191.295,2013-06-26 22:35,,
2013-06-27 1:27,Extruder 1,13-A-396,90310-000065100004,7050,13688,1546,1250,250,2013-06-27 1:27,157.2,187.9,182.8,181.2,192.9,193,180,180,180,179.9,180,214.8,203.6,200.5,202.1,209.7,179.7,180,179.8,42,83.2,78,8.003,8.022,43.665,1212,193,17.4,196.893,2013-06-26 22:35,,
2013-06-27 0:55,Extruder 1,13-A-396,90310-000065100004,7050,13688,1546,1250,250,2013-06-27 0:55,161.5,187.5,182.9,181.3,192.5,193,180.8,180.3,180.7,180.2,179.8,216.1,204.4,202,203.1,210.4,180.2,180,179.5,41.7,83.1,78,8.003,8.043,43.175,1238,191.7,14.8,194.829,2013-06-26 22:35,,
2013-06-26 21:49,Extruder 1,13-A-395,90310-000065100004,7050,13688,1413,1250,500,2013-06-26 21:49,172.6,188.3,183.5,182.8,192.9,197.1,180,179.7,180.3,179.9,180.8,215.5,205.7,202.4,204.3,210.5,180.1,179.9,180,42.5,84.5,80.3,7.994,7.978,45.44,1202,194.8,20.2,201.684,2013-06-26 20:40,,
2013-06-26 21:18,Extruder 1,13-A-395,90310-000065100004,7050,13688,1413,1250,250,2013-06-26 21:18,167.8,188.9,183.5,184.7,192.9,196.1,180.6,180.3,180.4,180.2,181.1,215.2,204.1,201,203.1,210.6,180.4,180,180,42.8,84.8,80.7,7.998,7.998,45.813,1230,194.7,19.6,200.664,2013-06-26 20:40,,
2013-06-26 20:32,Extruder 1,13-A-394,90310-000065100004,7050,13688,1413,1250,1000,2013-06-26 20:32,175.2,188.9,185.2,183.4,194,197.3,180.3,179.8,180.1,179.8,180,215.2,205.9,203.2,204.8,210.1,179.9,180,180,43.1,85.1,81.1,9.999,9.997,44.109,1209,194.4,18,195.043,2013-06-26 16:44,,
2013-06-26 19:30,Extruder 1,13-A-394,90310-000065100004,7050,13688,1413,1250,500,2013-06-26 19:30,177.6,188.5,183.4,182.3,193,193.1,180.4,180,180.3,180,180.2,214.8,205.1,201.9,203.8,210.5,180.3,180,180,42.9,83.4,80.4,7.996,8.002,44.171,1218,193.7,19.4,204.934,2013-06-26 16:44,,
2013-06-26 18:59,Extruder 1,13-A-394,90310-000065100004,7050,13688,1413,1250,250,2013-06-26 18:59,178.4,187.5,183.2,168.6,192.7,192.9,180,180,180.1,180.2,181.2,216.3,205.1,201.4,203.5,210.6,180.1,180,179.9,43.1,83.7,80.6,7.2,7.196,39.385,1190,192.3,20,188.235,2013-06-26 16:44,,
2013-06-26 16:19,Extruder 1,13-A-393,90310-000065100004,7050,13688,1413,1250,1000,2013-06-26 16:19,178.6,187.8,164.9,181.4,192.8,193.2,180.1,179.7,180.4,180.3,181.1,205.1,201.8,202.3,202.7,204.9,180.4,180,180,44.1,84.8,81.7,10.497,10.495,44.458,1200,194.7,21.4,115.157,2013-06-26 7:55,,
2013-06-26 15:15,Extruder 1,13-A-393,90310-000065100004,7050,13688,1413,1250,500,2013-06-26 15:15,179.2,188.1,162.5,183.3,192.9,193.1,180.1,179.4,180.2,180,180.1,204.6,201.1,201.5,202.1,204.8,180,180,179.9,43.3,84.5,81.2,7.098,7.067,39.811,1255,193.6,20.6,200.427,2013-06-26 7:55,,
2013-06-26 14:40,Extruder 1,13-A-393,90310-000065100004,7050,13688,1476,1250,250,2013-06-26 14:40,179.3,187.8,148.3,180.9,192.5,193.5,180.6,180.4,180.8,180,180.3,205.1,202.1,201.6,202.4,205.4,180.5,180.1,179.9,43.2,84.5,79.8,7.004,7.007,39.854,1207,193.8,21.6,199.881,2013-06-26 7:55,,
2013-05-29 14:46,Extruder 1,13-A-340,90310-000065060004,7050,12750,1731,1250,1000,2013-05-29 14:46,171.3,187,181.9,182.1,191.7,192.7,180,179.8,184.7,179.8,179.4,214.9,206.8,206,206.9,214.8,179.7,180.1,180,43.7,79.4,79.5,8.501,8.499,-0.237,-15,192.1,14.6,0,2013-05-29 12:54,,
2013-05-29 13:48,Extruder 1,13-A-340,90310-000065060004,7050,12750,1731,1250,500,2013-05-29 13:48,178.3,188.3,183.1,182.9,192.7,192.7,180,180.4,185.2,180.1,180.9,215.1,207,206,207,214.8,179.9,179.8,180,43.4,79.2,79.1,8.501,8.509,26.941,1230,192.8,14.4,187.547,2013-05-29 12:54,,
2013-05-29 13:19,Extruder 1,13-A-340,90310-000065060004,7050,12750,1731,1250,250,2013-05-29 13:19,177.7,187.6,182.7,183,192.4,192.6,180.3,180.2,185.2,180,178.9,215.2,207.2,206.2,207.2,215.3,180.3,180,180.1,43,79.3,79.2,8.501,8.517,27.007,1222,193,14.2,189.279,2013-05-29 12:54,,
2013-05-29 12:46,Extruder 1,13-A-339,90310-000065060004,7050,12750,1731,1250,1000,2013-05-29 12:46,173.6,185.6,180.4,181,191,192.1,180,179.5,185.2,180.3,180.2,214.5,206.3,205.2,206.7,215.2,180.1,180,179.9,43.6,79,79.4,8.499,8.502,26.954,1178,192.3,14.5,183.563,2013-05-29 10:53,,
2013-05-29 11:46,Extruder 1,13-A-339,90310-000065060004,7050,12750,1731,1250,500,2013-05-29 11:46,177.7,187.8,182.8,183.1,192.6,192.6,180.3,180.2,185.2,180.2,181.4,214.7,207,206.1,207.4,215.4,180.1,179.9,180,43.6,79.6,79.6,8.494,8.477,26.918,1157,192.9,14.9,186.788,2013-05-29 10:53,,
2013-05-29 11:17,Extruder 1,13-A-339,90310-000065060004,7050,12750,1731,1250,250,2013-05-29 11:17,178.3,187.6,182.8,182.9,192.4,193.1,179.9,180,184.6,179.8,179.6,215.2,207.3,206.3,207.1,215,180,180,180,43.5,79.6,80,8.497,8.484,26.957,1183,192.5,15,189.991,2013-05-29 10:53,,
2013-05-29 10:44,Extruder 1,13-A-338,90310-000065060004,7050,12750,1731,1250,1000,2013-05-29 10:44,163.3,185.7,180.7,181.3,190.7,192.3,180.1,179.4,184.9,179.9,179.6,214.4,206.9,205.8,207.1,215.3,179.4,180,180,43.7,79.6,79.9,8.497,8.505,26.964,1238,192.4,14.8,187.761,2013-05-29 8:52,,
2013-05-29 9:44,Extruder 1,13-A-338,90310-000065060004,7050,12750,1731,1250,500,2013-05-29 9:44,178,188,183.1,183.1,192.8,193.3,180,180.2,185,180,180.1,214.7,207.2,206.3,207.5,215.4,180.9,180.1,180.1,44.1,80.1,80.1,8.499,8.505,26.952,1213,192.5,14.5,187.547,2013-05-29 8:52,,
2013-05-29 9:15,Extruder 1,13-A-338,90310-000065060004,7050,12750,1731,1250,250,2013-05-29 9:15,177.1,187.6,182.4,182.6,192.5,193.1,180.3,179.8,185.1,180.1,180.6,215.3,207.4,206.2,207.1,215,181,180,180,43.5,82.8,79.9,8.501,8.499,26.549,1281,192.4,14.4,184.63,2013-05-29 8:52,,
2013-05-29 8:42,Extruder 1,13-A-337,90310-000065060004,7050,12750,1731,1250,1000,2013-05-29 8:42,174.3,185.6,180,180.7,190.9,191.5,180.1,179.5,185,180,179.5,214.5,206.6,205.4,206.9,215.3,180,180,180.7,43.4,82.8,79.8,8.499,8.502,25.923,1330,191.9,14.2,178.416,2013-05-29 6:37,,
2013-05-29 7:38,Extruder 1,13-A-337,90310-000065060004,7050,12750,1731,1250,500,2013-05-29 7:38,178,188,182.9,183,192.8,192.8,180,179.9,184.8,179.9,180.3,214.5,206.8,206,207.1,215.1,180,179.9,180,44.2,82.9,80.4,7.998,7.988,24.654,1238,192.1,12.6,178.392,2013-05-29 6:37,,
2013-05-29 7:08,Extruder 1,13-A-337,90310-000065060004,7050,12750,1413,1250,250,2013-05-29 7:08,177,187.7,182.3,182.7,192.3,192.5,180.1,180,185.2,180,180.2,214.9,207.4,206.3,207.8,216,180.3,180,180,44,84.6,79.8,7.998,7.994,24.617,1236,192,11.9,177.206,2013-05-29 6:37,,
2013-05-29 6:34,Extruder 1,13-A-336,90310-000065060004,7050,12750,1413,1250,1000,2013-05-29 6:34,174.4,185.5,180.4,180.6,190.5,191.8,179.8,179.8,185.1,180,179.7,214.4,206.5,205.2,206.3,215,180.2,180.1,180,42.7,83.5,78.6,7.985,8.002,24.759,1313,191.5,12.2,170.256,2013-05-29 3:25,,
2013-05-29 5:29,Extruder 1,13-A-336,90310-000065060004,7050,12750,1413,1250,500,2013-05-29 5:29,177.8,187.8,183,182.9,192.8,192.7,180,179.8,184.6,180,180.3,214.9,206.7,206,206.8,214.5,180,180,179.9,42.5,84.3,79,8.001,8.005,24.513,1287,192.1,12.3,188.615,2013-05-29 3:25,,
2013-05-29 4:59,Extruder 1,13-A-336,90310-000065060004,7050,12750,1413,1250,250,2013-05-29 4:59,177.6,187.7,182.7,182.8,192.6,193.6,180.1,180.2,184.9,179.7,179.2,214.7,207.7,206.8,208,214.9,179.7,180,179.7,43.3,83.5,79.1,8.001,7.992,24.465,1286,191.8,11.9,181.926,2013-05-29 3:25,,
2013-05-29 2:18,Extruder 1,13-A-335,90310-000065060004,7050,12750,1413,1250,500,2013-05-29 2:18,177.8,187.7,182.8,182.6,192.9,193.2,181.1,180.1,184,180.1,180.6,214.6,206.9,206.2,207.5,215,180,179.9,180,42.8,82.5,78,8.003,7.998,24.533,1337,193.6,13.7,184.203,2013-05-29 1:21,,
2013-05-29 1:47,Extruder 1,13-A-335,90310-000065060004,7050,12750,1413,1250,250,2013-05-29 1:47,174,187.4,182.3,182.6,192.2,192.4,177.9,177.6,178,178.2,179.1,208.2,203.8,204.4,204,208,179.8,179,179.4,42.6,83.5,79,7.998,8.008,24.431,1358,189.3,13.8,185.365,2013-05-29 1:21,,
2013-05-29 1:11,Extruder 1,13-A-334,90310-000065060004,7050,12750,1413,1250,1000,2013-05-29 1:11,160.5,185.5,179.7,179.8,190.6,192,180,179.7,185.1,180,178.9,214.5,206.5,205.6,206.7,215.3,180.5,180.1,180,42.4,82.9,78.5,8.001,7.988,24.843,1419,192.1,13,184.63,2013-05-28 23:11,,
2013-05-29 0:06,Extruder 1,13-A-334,90310-000065060004,7050,12750,1413,1250,500,2013-05-29 0:06,180.5,188.2,182.7,182.9,192.8,192.7,180,180.1,185.1,179.9,178.7,215,207.4,206.3,207.1,215,180.4,180,179.8,43.2,83.8,80.1,8.001,8.018,24.497,1333,192.4,14.5,181.855,2013-05-28 23:11,,
2013-05-28 23:36,Extruder 1,13-A-334,90310-000065060004,7050,12750,1413,1250,250,2013-05-28 23:36,165.4,187.6,182.8,183.2,192.3,192.8,180.3,180.4,185.3,180.1,180.7,215.8,207.7,206.5,207.3,215.1,181,180,180,44.1,84.2,80.8,8.003,8.005,25.54,1343,192.7,14.2,163.496,2013-05-28 23:11,,
2013-05-28 23:00,Extruder 1,13-A-333,90310-000065060004,7050,12750,1413,1250,1000,2013-05-28 23:00,155.9,186,180.7,180.5,191.3,192,179.8,179.2,184.9,180,179.3,213.8,206,204.8,205.9,214.9,179.8,180,180.6,43.3,83.2,80.3,7.998,8.012,24.501,1425,191.4,13.8,168.833,2013-05-28 20:17,,
2013-05-28 21:53,Extruder 1,13-A-333,90310-000065060004,7050,12750,1476,1250,500,2013-05-28 21:53,179.6,188.9,184.9,182.9,193.9,194,180.2,180,184.7,179.6,180,214.6,206.5,206.1,207,214.5,179.8,180,179.9,43.8,84.1,80.6,8.1,8.099,25.273,1297,191.7,15.1,185.389,2013-05-28 20:17,,
2013-05-28 21:22,Extruder 1,13-A-333,90310-000065060004,7050,12750,1476,1250,250,2013-05-28 21:22,177.7,187.3,182.9,170,191.1,192.8,180.4,180.1,184.9,179.8,181,215.7,209.2,206.7,208.9,215.3,179.8,180,179.7,44.1,83.8,80.4,8.003,8,25.565,1332,191.1,17.1,170.731,2013-05-28 20:17,,
2013-05-28 18:58,Extruder 1,13-A-332,90310-000065070004,7050,12749,1476,1250,1000,2013-05-28 18:58,178.4,187.7,182.4,171,192.8,193.1,180.2,180.4,184.8,180,180.6,215.2,207.3,206.2,206.9,214.8,179.8,180,180.2,43.8,84.5,80.8,10.002,9.993,30.046,1291,191.9,20.6,124.763,2013-05-28 16:57,,
2013-05-28 17:57,Extruder 1,13-A-332,90310-000065070004,7050,12749,1476,1250,500,2013-05-28 17:57,177.7,188.6,184.2,170.4,191.8,192.8,180.4,180.1,184.7,179.8,179.1,214.9,207.4,206.3,207.3,214.9,179.6,180,179.9,43.7,85.2,81,8.003,7.974,30.039,1285,192,20.6,177.372,2013-05-28 16:57,,
2013-05-28 17:26,Extruder 1,13-A-332,90310-000065070004,7050,12749,1476,1250,250,2013-05-28 17:26,176,187.5,181,169.9,191.2,192.4,180,180,185,180.2,179.7,215.5,207.2,206,206.7,214.9,180.1,179.8,180.1,44.3,85.5,81.1,8.001,7.984,30.043,1228,191.6,20.7,175.071,2013-05-28 16:57,,
2013-05-28 16:52,Extruder 1,13-A-331,90310-000065070004,7050,12749,1476,1250,1000,2013-05-28 16:52,169.3,182.9,170,168.6,187.1,190.2,180,179.2,185,180,179.3,214.6,206.5,205.2,206.2,215.1,180,179.9,179.7,44,85.1,81.2,8.001,7.984,30.016,1188,191.3,20.6,160.152,2013-05-28 14:53,,
2013-05-28 15:48,Extruder 1,13-A-331,90310-000065070004,7050,12749,1476,1250,500,2013-05-28 15:48,178.3,188.1,182.9,169.9,192.3,193,180.3,179.7,185,180.1,180.3,214.8,206.9,206,207.1,215,179.9,180,180,44.6,85.7,81.5,8.003,8.026,31.105,1281,192.4,19.6,172.059,2013-05-28 14:53,,
2013-05-28 15:17,Extruder 1,13-A-331,90310-000065070004,7050,12749,1476,1250,250,2013-05-28 15:17,176.5,186.9,181,170,191.5,192.5,180,180,185.3,180.1,179.6,214.8,207.1,206.2,207.2,215.2,180.1,180,180,44.3,85.9,81.4,8.003,8.01,31.062,1296,192,20.3,173.245,2013-05-28 14:53,,
2013-05-28 14:43,Extruder 1,13-A-330,90310-000065070004,7050,12749,1731,1250,1000,2013-05-28 14:43,169.2,182.4,167,168.9,187.7,190.2,180.3,180.3,185.3,180,180.5,214.5,206.9,205.7,206.6,215.2,179.8,180,179.6,43.6,85.4,81.2,8.001,8.008,31.062,1324,191.8,20.6,171.869,2013-05-28 12:51,,
2013-05-28 13:38,Extruder 1,13-A-330,90310-000065070004,7050,12749,1731,1250,500,2013-05-28 13:38,178.2,188.5,167.6,170.4,192.2,192.6,180.1,179.9,185.4,180.4,180.4,214.7,206.8,206.1,207.2,215.1,180,180,180,44.3,85.3,80.8,7.996,7.99,30.599,1219,192.1,21.1,169.284,2013-05-28 12:51,,
2013-05-28 13:07,Extruder 1,13-A-330,90310-000065070004,7050,12749,1731,1250,250,2013-05-28 13:07,176.1,187.2,159.6,170.1,191.5,192.6,180.2,180.1,184.9,179.8,179.4,215.2,207.2,206.2,207.2,215.2,180.5,179.8,180,43.9,85.4,80.8,7.998,8.002,30.567,1218,191.9,21.4,172.652,2013-05-28 12:51,,
2013-05-28 12:33,Extruder 1,13-A-329,90310-000065070004,7050,12749,1731,1250,1000,2013-05-28 12:33,167.1,182.9,143.9,171.5,188.2,189.8,180,179.4,185.1,179.9,178.7,215.1,206.9,205.7,206.7,215.1,179.5,180,180,43.2,85,80.3,7.998,8.008,30.526,1264,191.7,21.2,167.576,2013-05-28 10:30,,
2013-05-28 11:29,Extruder 1,13-A-329,90310-000065070004,7050,12749,1731,1250,500,2013-05-28 11:29,175.4,188.1,138.4,181.8,192.7,192.4,180,180.1,184.9,180,179.5,215,206.9,205.7,206.8,215,180.8,180.1,180,43.8,85.5,80.8,7.998,8.005,31.533,1253,192.2,20.7,178.961,2013-05-28 10:30,,
2013-05-28 10:58,Extruder 1,13-A-329,90310-000065070004,7050,12749,1731,1250,250,2013-05-28 10:58,166.7,185.1,153.2,177.5,188.3,192,180,180.2,185,180,180,215,207.3,206.1,207.2,215.3,180.3,180,180,43.2,85.3,80.6,7.998,7.992,32.048,1198,192.7,17.3,166.485,2013-05-28 10:30,,
2013-05-28 10:22,Extruder 1,13-A-328,90310-000065070004,7050,12749,1731,1250,1000,2013-05-28 10:22,155.4,185.5,180.7,180.4,191.5,192.4,180.1,178.9,185.3,180,179.5,214.5,206.6,205.6,206.8,215.5,179.7,180,180.1,42.8,84.5,79.8,7.978,7.992,30.093,1274,193,15.1,166.935,2013-05-28 8:22,,
2013-05-28 9:17,Extruder 1,13-A-328,90310-000065070004,7050,12749,1731,1250,500,2013-05-28 9:17,163.9,188.1,182.9,182.8,192.8,193.2,180.1,180.3,184.9,179.8,180.2,215.5,207.9,206.3,207.6,215.3,179.8,179.9,180,43.5,84.7,80,8.001,8,32.378,1182,194.1,14.4,165.963,2013-05-28 8:22,,
2013-05-28 8:46,Extruder 1,13-A-328,90310-000065070004,7050,12749,1731,1250,250,2013-05-28 8:46,152.3,187.2,182.7,182.6,192.4,192.8,180.2,180,185,180,180.7,212.7,207.3,206.3,207.8,212.8,179.6,180,180,43.4,84.8,77.1,7.998,7.98,33.048,1207,193.8,13.9,158.563,2013-05-28 8:22,,
2013-05-28 8:00,Extruder 1,13-A-327,90310-000065070004,7050,12749,1731,1250,1000,2013-05-28 8:00,179.1,188.1,183.1,183.2,193.1,192.6,180.2,179.8,185.1,180.1,180.3,212.6,207.4,206,206.8,210.1,179.3,180,180,43.3,84.2,77,8.003,7.992,31.556,1257,194.2,12.6,182.566,2013-05-28 5:30,,
2013-05-28 6:59,Extruder 1,13-A-327,90310-000065070004,7050,12749,1413,1250,500,2013-05-28 6:59,165.3,188.1,183,183.3,192.8,193.1,180.1,180.1,185.1,180,180.2,211.9,207.4,206.2,207.4,210,180.8,180,180,43.5,84.9,77.3,7.998,7.992,33.093,1207,194,12.5,177.704,2013-05-28 5:30,,
2013-05-28 6:28,Extruder 1,13-A-327,90310-000065070004,7050,12749,1413,1250,250,2013-05-28 6:28,161.8,187.9,183.2,183.1,192.7,193.3,180.6,180.6,185.4,180.1,180.3,212.5,208.1,206,208.5,210.8,179.3,180.1,179.9,43.5,85.1,77.3,7.994,7.99,31.579,1169,193.7,12.3,157.519,2013-05-28 5:30,,
2013-05-28 5:33,Extruder 1,13-A-327,90310-000065070004,7050,12749,1413,1250,1000,2013-05-28 5:33,156.5,185.6,181,178.9,190.7,192.2,180.1,179.3,185.1,180,179.3,211,206.8,204.3,206.7,210.6,180.1,180,180.4,43.3,84.5,77.1,9.999,10.005,30.565,1270,193,13.5,165.204,2013-05-28 5:30,,
2013-05-28 4:28,Extruder 1,13-A-326,90310-000065070004,7050,12749,1413,1250,500,2013-05-28 4:28,163.9,188,183,183,192.9,192.6,180,180.1,185,179.8,180.5,211.8,207.2,205.3,207.2,209.9,180.1,180,180,43.9,85.1,77.4,7.996,7.99,30.572,1094,193.3,14.5,161.599,2013-05-28 3:26,,
2013-05-28 3:57,Extruder 1,13-A-326,90310-000065070004,7050,12749,1413,1250,250,2013-05-28 3:57,163.5,187.2,182.8,182.8,192.4,193,180.1,180.1,184.8,180,180.7,212.5,207.2,205.3,207.3,210,180.3,180,180.1,43.5,85.3,77.4,7.998,8.002,30.526,1134,193.1,13.8,157.282,2013-05-28 3:26,,
2013-05-28 3:22,Extruder 1,13-A-325,90310-000065070004,7050,12749,1413,1250,1000,2013-05-28 3:22,156.1,185.7,180.7,181.1,190.6,192.3,180,179.3,184.7,180,179.6,211.8,207.1,204.4,206.5,210.1,180.3,180,179.7,42.9,84.6,77.1,10.503,10.502,30.36,1291,192.4,12.1,168.074,2013-05-27 22:09,,
2013-05-28 2:17,Extruder 1,13-A-325,90310-000065070004,7050,12749,1413,1250,500,2013-05-28 2:17,177.9,187.9,182.9,182.9,192.9,192.7,180,180,184.6,179.7,180.1,212.2,207.2,205,206.7,209.4,179.3,179.9,179.9,43.6,85.4,77.7,8.003,7.994,30.583,1213,192.6,12.5,179.744,2013-05-27 22:09,,
2013-05-28 1:46,Extruder 1,13-A-325,90310-000065070004,7050,12749,1413,1250,250,2013-05-28 1:46,177.3,187.8,182.9,183,192.6,193.2,180.7,180.3,185.7,180.2,180.7,212.1,208.3,206.2,208.7,210.8,180.1,180,179.8,43.9,85.3,77.9,8.005,7.998,30.56,1185,192.7,12.1,186.931,2013-05-27 22:09,,
2013-05-27 21:53,Extruder 1,13-A-324,90310-000065080004,7050,12747,1476,1250,1000,2013-05-27 21:53,178.1,188.3,183.2,183.5,193,193.1,180,180,184.9,180.1,179.7,211.9,207.3,204.9,206.9,209.8,179.9,180,180,43.5,82.4,79.6,7.666,7.654,34.547,1084,193.1,18.5,81.641,2013-05-27 19:45,,
2013-05-27 20:49,Extruder 1,13-A-324,90310-000065080004,7050,12747,1476,1250,500,2013-05-27 20:49,177.7,187.5,182.1,182.6,192.5,192.8,180,179.7,185,179.9,179.7,211.9,207.1,205.4,207.1,209.9,179.6,179.9,179.9,44.4,83.9,80.3,7.664,7.642,34.613,1195,193.1,19.6,178.961,2013-05-27 19:45,,
2013-05-27 20:17,Extruder 1,13-A-324,90310-000065080004,7050,12747,1476,1250,250,2013-05-27 20:17,176.9,188.1,181.4,181.3,191.5,192.7,180.5,180,184.6,180,180.2,212,207.5,205.6,207.4,210.1,180.8,180,180.1,44,83.8,80.5,7.659,7.662,34.622,1196,193.4,18.9,165.085,2013-05-27 19:45,,
2013-05-27 19:41,Extruder 1,13-A-323,90310-000065080004,7050,12747,1476,1250,1000,2013-05-27 19:41,171.1,184,171.8,173.1,188.5,190.7,180,179.1,184.9,179.9,179.8,212,206.6,204.2,206.6,210,179.2,179.8,180,43.4,82.8,80,7.659,7.64,32.075,1175,192.4,18.7,171.442,2013-05-27 17:29,,
2013-05-27 18:33,Extruder 1,13-A-323,90310-000065080004,7050,12747,1476,1250,500,2013-05-27 18:33,177.8,187.8,182.3,183.7,192.5,192.9,180,179.8,185.1,180.1,179.6,212.5,207.2,204.7,206.9,209.9,180,180,180,43.9,83.7,80.7,7.662,7.66,34.567,1169,192.9,18.9,173.34,2013-05-27 17:29,,
2013-05-27 18:01,Extruder 1,13-A-323,90310-000065080004,7050,12747,1476,1250,250,2013-05-27 18:01,176.9,187.6,182.8,181.4,191.8,192.7,180,179.7,185,180,180.2,212.2,207.4,205.4,207.2,210,180.8,180,179.7,44.7,83.8,80.6,7.662,7.652,35.043,1197,192.9,19,178.463,2013-05-27 17:29,,
2013-05-27 17:25,Extruder 1,13-A-322,90310-000065080004,7050,12747,1476,1250,1000,2013-05-27 17:25,171.9,184.2,173.4,174,189.5,190.8,180.3,179,184.6,179.6,179.3,211.9,206.8,204.6,206.6,210.1,179.9,179.8,179.5,44.4,84.8,81.6,7.662,7.652,32.064,1231,192.4,18.8,172.083,2013-05-27 15:09,,
2013-05-27 16:16,Extruder 1,13-A-322,90310-000065080004,7050,12747,1476,1250,500,2013-05-27 16:16,177.6,187.9,181.6,183.8,192.6,193,180.2,180,185.2,180.1,179.8,211.6,206.9,205,207.2,210,180.1,180,180,44.4,84.5,81.2,7.657,7.67,35.082,1288,193.3,19,176.85,2013-05-27 15:09,,
2013-05-27 15:44,Extruder 1,13-A-322,90310-000065080004,7050,12747,1476,1250,250,2013-05-27 15:44,176.6,187.4,181.3,182.8,191.7,192.7,180.1,180,184.9,180,180.3,212.3,207.5,205.3,207,210,179.5,180,180.1,43.7,83.5,80.8,7.662,7.664,35.057,1292,193,18.9,176.637,2013-05-27 15:09,,
2013-05-27 15:08,Extruder 1,13-A-322,90310-000065080004,7050,12747,1731,1250,1000,2013-05-27 15:08,171.3,183.8,173.5,173.7,188.2,190.7,180,180.3,185.4,180.3,179.7,212.1,206.6,204.4,206.4,210,180.7,180,180,44.1,83.1,80.3,7.662,7.667,33.057,1313,192.5,19.4,182.116,2013-05-27 15:09,,
2013-05-27 14:01,Extruder 1,13-A-321,90310-000065080004,7050,12747,1731,1250,500,2013-05-27 14:01,177.9,187.3,183.1,184.3,192.7,193,180.2,180.3,185.4,180.1,179.7,212,207.4,205.2,207.4,210.1,179.9,180,180,44.3,84.2,81.3,7.659,7.662,34.736,1298,193.4,19.1,184.488,2013-05-27 12:54,,
2013-05-27 13:29,Extruder 1,13-A-321,90310-000065080004,7050,12747,1731,1250,250,2013-05-27 13:29,177.1,187.9,181.7,182.3,191.5,192.7,181,180.7,185.2,180.3,180.9,213,208.5,205.7,207.8,210.5,180,179.8,180,44.2,82.1,81.3,7.662,7.66,34.765,1297,193.9,19.4,180.954,2013-05-27 12:54,,
2013-05-27 12:50,Extruder 1,13-A-320,90310-000065080004,7050,12747,1731,1250,1000,2013-05-27 12:50,170.5,183.9,173,174.3,188.5,190.5,179.2,177.7,178.5,178.5,180,205.9,203.6,203.7,204.1,205.2,180.3,179.4,179.7,43.6,81.4,80.7,10.03,10.003,34.754,1436,190,18.7,168.24,2013-05-27 10:44,,
2013-05-27 11:40,Extruder 1,13-A-320,90310-000065080004,7050,12747,1731,1250,500,2013-05-27 11:40,177.9,188.2,182.6,184.4,192.4,192.8,179.8,180.3,185,180,179.3,212.1,207.2,205.3,207.1,210.1,179.5,180,180.1,43.9,81.5,80.3,7.662,7.664,34.838,1249,192.8,18.9,177.538,2013-05-27 10:44,,
2013-05-27 11:07,Extruder 1,13-A-320,90310-000065080004,7050,12747,1731,1250,250,2013-05-27 11:07,176.7,188,181.3,181.8,191.8,192.8,180.1,179.6,184.9,180,180,212.9,207.3,205.3,207.4,210.2,180,179.9,180,43.5,83.5,78.3,7.657,7.66,35.057,1290,192.7,18.3,182.377,2013-05-27 10:44,,
2013-05-27 10:32,Extruder 1,13-A-319,90310-000065080004,7050,12747,1731,1250,1000,2013-05-27 10:32,172,183.2,172.2,173.9,188.8,190.5,180.1,179.3,184.9,180,179.3,211.8,206.4,204.1,206.3,209.9,179.1,179.9,180,43.1,83.4,77.4,7.662,7.667,35.075,1326,192.4,18,183.302,2013-05-27 8:30,,
2013-05-27 9:24,Extruder 1,13-A-319,90310-000065080004,7050,12747,1731,1250,500,2013-05-27 9:24,177.9,188.2,182.4,183,192.7,193,180.1,180.3,185.3,180.1,179.7,212.1,207.1,205.2,207.4,210.2,179.7,180.1,180,43.4,83.8,77.7,7.659,7.652,35.107,1256,192.9,17.1,171.774,2013-05-27 8:30,,
2013-05-27 8:52,Extruder 1,13-A-319,90310-000065080004,7050,12747,1731,1250,250,2013-05-27 8:52,176.8,187,181.8,177,191.7,192.6,180,180.3,184.9,180,180.3,212.5,207.7,205.5,207.1,209.9,180.1,180,180,43.5,83.5,77.7,7.662,7.644,35.091,1280,192.5,16.1,175.38,2013-05-27 8:30,,
2013-05-27 8:16,Extruder 1,13-A-318,90310-000065080004,7050,12747,1731,1250,1000,2013-05-27 8:16,171.8,183.9,172.2,172.1,188.8,190.4,180,179.1,185.2,180,180,211.8,206.5,204.3,206.2,210.1,179.3,179.8,179.9,42.7,83.1,77.2,7.659,7.65,35.048,1318,192,15.4,184.535,2013-05-27 6:02,,
2013-05-27 7:08,Extruder 1,13-A-318,90310-000065080004,7050,12747,1731,1250,500,2013-05-27 7:08,177.9,187.5,182.2,182.9,192.7,192.9,180,180,185,179.8,179.9,211.8,207,205.2,207.2,210.1,179.7,180,180,42.8,83.7,77.3,7.597,7.576,34.654,1315,192.6,15.6,179.649,2013-05-27 6:02,,
2013-05-27 6:36,Extruder 1,13-A-318,90310-000065080004,7050,12747,1413,1250,250,2013-05-27 6:36,177,187.6,182,181.3,192.2,192.7,180.6,180.2,184.9,180,180,212.7,208,205.8,208.1,210.8,180.1,180,180,42.7,83.3,76.7,7.602,7.606,34.556,1318,192.7,14.8,178.89,2013-05-27 6:02,,
2013-05-27 6:00,Extruder 1,13-A-318,90310-000065080004,7050,12747,1413,1250,1000,2013-05-27 6:00,172.4,184.3,173.5,169.2,188.9,190.7,179.7,179.2,185,179.8,178.8,211.4,206.1,203.2,205.3,209.7,180,179.8,179.9,42.5,83.2,76.8,7.597,7.592,34.718,1322,191.2,14.1,170.043,2013-05-27 6:02,,
2013-05-27 4:46,Extruder 1,13-A-317,90310-000065080004,7050,12747,1413,1250,500,2013-05-27 4:46,177.7,188,181,182.6,193.6,193,180,180,184.9,180,180,211.9,206.8,204.7,207,209.7,180.3,180,180,42.8,84.2,77.4,7.602,7.592,34.907,1285,192.4,15,175.996,2013-05-26 23:14,,
2013-05-27 4:14,Extruder 1,13-A-317,90310-000065080004,7050,12747,1413,1250,250,2013-05-27 4:14,177.6,188.4,183.7,182.5,192.6,192.9,180.2,180.3,184.6,179.8,180.1,213.3,208.6,205.9,208.2,210.6,180,180.1,180.2,42.9,84.3,77.3,7.594,7.602,34.815,1290,192.4,14.3,179.032,2013-05-26 23:14,,
2013-05-24 20:02,Extruder 1,13-A-316,90310-000065080004,7050,12747,1731,1250,1000,2013-05-24 20:02,179,188,166.3,180.7,192.7,193.1,180.1,179.7,184.9,180,181.6,217,209.8,207,210.2,217,180.4,180,180,44.4,81,76.7,7.653,7.65,34.358,1200,192.9,18.3,179.483,2013-05-24 18:01,,
2013-05-24 18:57,Extruder 1,13-A-316,90310-000065080004,7050,12747,1731,1250,500,2013-05-24 18:57,178.3,187.1,166.5,182,192.5,192.8,180.2,180,184.9,179.9,180.4,217.2,210.4,206.9,210,216.8,180.5,180,180.1,43.9,80.5,76.9,7.65,7.667,34.328,1181,192.8,18.6,180.716,2013-05-24 18:01,,
2013-05-24 18:25,Extruder 1,13-A-316,90310-000065080004,7050,12747,1731,1250,250,2013-05-24 18:25,177,187.3,163.8,181.3,190.7,192.4,180,180,185.1,180.1,181.1,216.9,210,207.1,210.3,217.3,180.1,180,180,44,80.1,76.7,7.65,7.657,34.394,1182,192.4,18.5,174.905,2013-05-24 18:01,,
2013-05-24 17:49,Extruder 1,13-A-315,90310-000065080004,7050,12747,1731,1250,1000,2013-05-24 17:49,167.3,183.2,148.4,172.8,188.3,190.2,179.7,180,185,179.7,181.3,217.1,209.7,206.5,209.5,217.6,180,180,180,43.2,79.6,76.2,7.648,7.654,34.902,1235,191.9,18.9,179.08,2013-05-24 15:46,,
2013-05-24 16:42,Extruder 1,13-A-315,90310-000065080004,7050,12747,1731,1250,500,2013-05-24 16:42,176.1,187.7,144.1,181.7,192.7,192.9,180.1,179.2,185,180.1,180.2,216.8,210.2,207.1,210.3,217.1,180.5,180,180,44.1,80.3,76.7,7.65,7.642,34.818,1225,192.8,18.5,179.507,2013-05-24 15:46,,
2013-05-24 16:10,Extruder 1,13-A-315,90310-000065080004,7050,12747,1731,1250,250,2013-05-24 16:10,175,187.7,140.5,183,192.4,192.5,179.7,179.7,184.3,179.7,180.4,217.2,210.3,207.3,209.8,216.8,180.4,180,180,44.1,80.6,76.7,7.648,7.654,34.39,1219,192.6,17.4,184.44,2013-05-24 15:46,,
2013-05-24 15:34,Extruder 1,13-A-314,90310-000065080004,7050,12747,1731,1250,1000,2013-05-24 15:34,163.8,183.5,160.8,179.7,189.4,191.4,181,180,185,179.7,179.1,216.7,209.8,206.6,209.8,217.2,180.2,180,180,43.1,79.7,76,7.648,7.647,33.843,1270,194.1,13.7,183.847,2013-05-24 13:24,,
2013-05-24 14:27,Extruder 1,13-A-314,90310-000065080004,7050,12747,1731,1250,500,2013-05-24 14:27,161.1,188.1,183.5,184,193.1,193.8,180.8,179.6,185,180.1,179.7,217.1,210.2,207,210.2,217,179.8,180,180,44.4,81.2,76.9,7.65,7.647,33.301,1214,194.9,12.2,173.055,2013-05-24 13:24,,
2013-05-24 13:54,Extruder 1,13-A-314,90310-000065080004,7050,12747,1731,1250,250,2013-05-24 13:54,177.1,187.9,182.7,183.1,192.7,192.4,180.3,179.8,185.1,180,180.4,217.2,210.2,207.3,210.3,217.1,179.7,179.8,180,43.6,81,76.7,7.65,7.642,33.226,1221,194.3,11.2,186.504,2013-05-24 13:24,,
2013-05-24 13:19,Extruder 1,13-A-313,90310-000065080004,7050,12747,1731,1250,1000,2013-05-24 13:19,158.8,186,180.3,181.2,192.2,192.7,180.5,179,185.2,179.8,179.4,216.8,210.1,206.7,209.6,217.3,180.2,180,179.8,43.1,80.6,76.3,7.65,7.642,33.31,1258,193.9,11.2,181.665,2013-05-24 11:13,,
2013-05-24 12:11,Extruder 1,13-A-313,90310-000065080004,7050,12747,1731,1250,500,2013-05-24 12:11,177.9,188.1,183.2,182.8,192.9,193.3,180.7,180,185.3,180,179.6,217,210,206.9,210,217,180.5,180.1,180.1,44,81.4,76.4,7.653,7.654,33.098,1120,194.4,11.1,174.81,2013-05-24 11:13,,
2013-05-24 11:39,Extruder 1,13-A-313,90310-000065080004,7050,12747,1731,1250,250,2013-05-24 11:39,177.4,187.8,182.9,183.7,192.6,192.6,180.6,180.4,184.9,179.8,180,217.4,210.4,207.5,210.5,217.3,179.6,180,180,43.1,80.6,76,7.65,7.644,33.105,1127,194.2,10.9,179.246,2013-05-24 11:13,,
2013-05-24 11:03,Extruder 1,13-A-312,90310-000065080004,7050,12747,1731,1250,1000,2013-05-24 11:03,174.8,185.9,180.1,180.7,190.9,191.5,180.6,178.9,184.6,179.8,179.8,216.7,209.6,206.7,209.6,217.1,180.5,180,180,42.5,80,75.5,7.65,7.662,33.071,1161,193.7,11.2,184.725,2013-05-24 9:01,,
2013-05-24 9:55,Extruder 1,13-A-312,90310-000065080004,7050,12747,1731,1250,500,2013-05-24 9:55,178.2,188.2,183.2,181.2,192.6,193.2,180.7,180.2,185,180.3,181.3,217.3,210.1,206.9,209.9,216.7,180.8,180.1,180.1,43.5,81.2,76.1,7.65,7.634,33.05,1153,194.6,11.4,178.961,2013-05-24 9:01,,
2013-05-24 9:22,Extruder 1,13-A-312,90310-000065080004,7050,12747,1731,1250,250,2013-05-24 9:22,177,187.9,182.8,182.7,192.6,192.7,180.4,180.8,185.2,180,179.1,217.3,210.3,207.3,210.4,217.3,180.9,180,180,43.2,81.3,76.5,7.65,7.654,33.007,1156,194.4,11,173.482,2013-05-24 9:01,,
2013-05-24 8:46,Extruder 1,13-A-311,90310-000065080004,7050,12747,1731,1250,1000,2013-05-24 8:46,173.7,186,180.6,181.3,190.8,192.3,180.3,180.5,184.7,179.9,179.2,216.8,210.1,207.1,210,217.1,179.7,180,180.1,42.8,80,75.7,7.636,7.644,33.071,1225,193.4,11.2,169.307,2013-05-24 6:07,,
2013-05-24 7:38,Extruder 1,13-A-311,90310-000065080004,7050,12747,1731,1250,500,2013-05-24 7:38,178.6,187.9,183,182.9,193,193.6,180.8,180.1,185.4,180,181,217.2,210.1,206.8,209.7,216.8,180.4,180,180,44,80.3,76.5,7.65,7.654,33.034,1096,194.1,11.3,179.032,2013-05-24 6:07,,
2013-05-24 7:06,Extruder 1,13-A-311,90310-000065080004,7050,12747,1731,1250,250,2013-05-24 7:06,178,188.4,183.2,183.8,192.7,192.8,180.4,180.9,185.3,180.2,179.8,217,210.4,207.3,210.3,217,179.8,180,179.8,43.3,80.1,76,7.65,7.647,33.107,999,193.7,11.2,176.684,2013-05-24 6:07,,
2013-05-24 4:24,Extruder 1,13-A-310,90310-000065100004,7050,12748,1476,1250,1000,2013-05-24 4:24,181.4,187.8,182.9,183,192.9,192.6,181.5,180,184.7,180,180.2,217.4,210.3,206.9,209.7,216.7,179.2,180,180.1,44.3,80.7,76.3,9.993,10.013,44.169,1072,196.4,15.1,176.257,2013-05-24 2:17,,
2013-05-24 3:21,Extruder 1,13-A-310,90310-000065100004,7050,12748,1476,1250,500,2013-05-24 3:21,172.4,188.1,183.2,183.5,192.9,192.7,181.7,179.7,185,180.1,180,217.1,210.3,206.9,209.8,216.9,180.1,180,180.1,43.4,80.6,76.6,7.65,7.642,44.185,1093,196.7,15.4,183.705,2013-05-24 2:17,,
2013-05-24 2:48,Extruder 1,13-A-310,90310-000065100004,7050,12748,1476,1250,250,2013-05-24 2:48,171.9,187.5,182.9,183.6,192.4,193.8,181.4,180.7,184.9,180,180,217.4,210.4,207.4,210.5,217.1,180.3,180,180.1,43.7,80.7,76.7,7.65,7.652,43.626,1028,196.4,15.1,185.602,2013-05-24 2:17,,
2013-05-24 2:13,Extruder 1,13-A-309,90310-000065100004,7050,12748,1476,1250,1000,2013-05-24 2:13,165.2,186.9,181,178.6,191.7,192.1,182,178.9,185.2,180,179.8,216.5,209.1,206.1,209.3,217.1,180,179.9,179.9,43.3,80.6,75.9,7.653,7.644,40.244,1173,196.4,15.2,197.083,2013-05-24 0:04,,
2013-05-24 1:05,Extruder 1,13-A-309,90310-000065100004,7050,12748,1476,1250,500,2013-05-24 1:05,173.5,187.6,182.8,184.8,193,194,181.9,180.3,185,179.7,180,216.9,210.3,207.3,210.3,216.9,180,180,180,43.6,81,76.7,7.648,7.632,43.656,1131,197.6,15.7,199.336,2013-05-24 0:04,,
2013-05-24 0:33,Extruder 1,13-A-309,90310-000065100004,7050,12748,1476,1250,250,2013-05-24 0:33,161.7,188.4,182.7,180.1,192.7,194.9,180.9,180,184.7,180,180.3,217.7,210.7,207.6,210.6,217.1,180.6,180,180,44.1,80.9,76.5,7.647,7.652,43.656,1117,196.6,15.3,197.652,2013-05-24 0:04,,
2013-05-23 23:58,Extruder 1,13-A-308,90310-000065100004,7050,12748,1476,1250,1000,2013-05-23 23:58,164.7,186.3,181.2,181.6,191.9,192.6,181,178.9,185.2,180.1,180.2,217,209.5,205.8,209,217.1,180.2,179.9,179.8,42.7,79.7,75.9,7.65,7.647,42.175,1151,195.1,15.1,193.477,2013-05-23 21:52,,
2013-05-23 22:49,Extruder 1,13-A-308,90310-000065100004,7050,12748,1731,1250,500,2013-05-23 22:49,177,186.7,166,182.2,192.9,193,180.5,180,185.2,179.8,180,216.7,210,207,210.3,217.2,180.3,180.1,180,43.5,81.6,76.7,7.653,7.647,44.704,1133,195.6,18.8,192.861,2013-05-23 21:52,,
2013-05-23 22:17,Extruder 1,13-A-308,90310-000065100004,7050,12748,1731,1250,250,2013-05-23 22:17,177.2,187.4,166.1,181,192.2,192.8,180.2,180.1,184.9,179.9,180,216.8,210.5,207.5,210,216.8,180.6,180.1,179.9,43.7,81.6,76.8,7.594,7.6,44.982,983,195.1,18.9,197.604,2013-05-23 21:52,,
2013-05-23 21:37,Extruder 1,13-A-307,90310-000065100004,7050,12748,1731,1250,1000,2013-05-23 21:37,168.9,183.3,148.6,173.8,188.5,190.7,180.4,179.3,185.7,180.4,180,216.4,209.5,206.6,209.8,217.3,180.1,180,179.3,42.9,80,76,7.485,7.491,44.948,1170,194.4,18.4,202.965,2013-05-23 19:32,,
2013-05-23 20:28,Extruder 1,13-A-307,90310-000065100004,7050,12748,1731,1250,500,2013-05-23 20:28,177.4,187.8,139.2,183.8,193.6,193,180,180,184.8,180,180.1,216.9,210.4,207.4,210.4,216.8,180.5,180.1,180.1,43.2,79.7,76.2,7.8,7.789,43.187,1028,193.6,18.5,186.456,2013-05-23 19:32,,
2013-05-23 19:57,Extruder 1,13-A-307,90310-000065100004,7050,12748,1731,1250,250,2013-05-23 19:57,176.2,187.1,136.1,180.1,191.9,192.1,179.8,179.7,185,179.9,180.1,216.8,209.4,206.8,209.9,217.2,179.7,179.8,180,43,80.1,76,7.8,7.805,41.205,1102,193.3,17.7,192.861,2013-05-23 19:32,,
2013-05-23 19:03,Extruder 1,13-A-306,90310-000065100004,7050,12748,1731,1250,1000,2013-05-23 19:03,154.6,186.3,181.5,182,192,191.8,181,179.1,184.9,180,180,216.8,209.7,206.2,209.1,216.9,179.2,180,180,42.5,79.3,75.5,8.005,7.994,44.916,1153,195.6,15.2,199.976,2013-05-23 16:58,,
2013-05-23 17:53,Extruder 1,13-A-306,90310-000065100004,7050,12748,1731,1250,500,2013-05-23 17:53,155.5,188.1,183.1,182.8,193,194,180.8,180,185.1,179.9,179.7,216.7,210,207.2,210.3,217.4,180.4,180,180,41.6,78,75.8,7.597,7.596,45.182,1090,196.4,15,185.935,2013-05-23 16:58,,
2013-05-23 17:21,Extruder 1,13-A-306,90310-000065100004,7050,12748,1731,1250,250,2013-05-23 17:21,151.2,187.8,182.6,182.1,192.7,193.7,180.5,179.9,185,180.3,180,217.6,210.5,207.3,210.3,217.2,180,180,180,41,79.2,71.6,7.595,7.6,45.194,1105,196.1,15.3,194.426,2013-05-23 16:58,,
2013-05-23 16:42,Extruder 1,13-A-305,90310-000065100004,7050,12748,1731,1250,1000,2013-05-23 16:42,158.5,186.2,181.1,181.5,191.3,193,180.9,179.1,185,179.8,179.7,216.5,209.7,206.2,209.6,217.6,179.4,180,180.1,40.7,78.8,71.4,7.602,7.588,44.923,1186,195.6,14.3,199.858,2013-05-23 14:30,,
2013-05-23 15:34,Extruder 1,13-A-305,90310-000065100004,7050,12748,1731,1250,500,2013-05-23 15:34,179.2,188.1,182.8,182.1,192.9,193,180.9,180.1,185.2,180.2,180.3,216.7,210.1,207.3,210.2,216.8,179.8,180,180,41.2,80.3,72.2,7.597,7.6,44.524,1108,196.3,14.9,197.462,2013-05-23 14:30,,
2013-05-23 15:02,Extruder 1,13-A-305,90310-000065100004,7050,12748,1731,1250,250,2013-05-23 15:02,171.6,188,182.8,180.8,192.6,193.2,180.6,180.3,184.9,180.1,181.4,217.8,210.7,207,210.6,217.7,180.6,180,180.1,41.5,80.9,72.7,7.606,7.604,45.011,1105,195.9,14.4,191.129,2013-05-23 14:30,,
2013-05-23 14:24,Extruder 1,13-A-304,90310-000065100004,7050,12748,1413,1250,1000,2013-05-23 14:24,159.9,187,181.4,179.8,191.5,192.5,181.4,178.9,184.9,180.1,179.7,216.3,209.4,204.3,208.8,217,179.8,179.8,180.2,40.8,80.6,72.6,11.011,11.04,44.223,1274,195.5,15,185.65,2013-05-23 9:36,,
2013-05-23 13:15,Extruder 1,13-A-304,90310-000065100004,7050,12748,1413,1250,500,2013-05-23 13:15,154.9,187.9,182.6,183.6,192.9,193.7,181.5,179.7,185.2,180,180,216.3,209.9,206.3,209.8,216.8,180,180,179.7,41.4,82.2,74.1,7.597,7.596,44.223,1178,197,14.2,196.75,2013-05-23 9:36,,
2013-05-23 12:43,Extruder 1,13-A-304,90310-000065100004,7050,12748,1413,1250,250,2013-05-23 12:43,152.5,188.1,182.6,183,193.2,194.9,181.4,180.3,185.6,180,180,217.4,211.8,207.6,212,217.3,180.1,180,179.6,41.8,82.2,74.1,7.595,7.604,43.941,1155,196.4,13.5,194.9,2013-05-23 9:36,,
2013-05-23 9:29,Extruder 1,13-A-303,90310-000065100004,7050,12748,1413,1250,1000,2013-05-23 9:29,157.9,185.5,181.4,177.2,191.3,192.7,179.8,179.4,179.8,179.8,179.6,215.9,209.3,204.9,209.8,217.6,179.7,179.8,180.6,41.5,80.4,73.4,9.025,9.019,44.203,2710,193.3,16.9,194.07,2013-05-23 6:51,,
2013-05-23 8:19,Extruder 1,13-A-303,90310-000065100004,7050,12748,1476,1250,500,2013-05-23 8:19,173,188.3,183.1,184.5,193.3,194,180.1,180.3,180.1,180,180.2,217.2,210.9,205.2,211.2,217.7,181.1,180,180.2,42.1,81.9,74.6,7.602,7.612,44.228,1121,195.5,17.5,190.892,2013-05-23 6:51,,
2013-05-23 7:47,Extruder 1,13-A-303,90310-000065100004,7050,12748,1476,1250,250,2013-05-23 7:47,168.5,188.1,182.8,183.7,193,193.9,180.6,180.3,180.3,180,180.3,217.7,211.7,203.8,211.4,217.5,179.9,180,181,42.1,81.7,74.4,7.7,7.7,43.175,1696,195.5,16.8,191.912,2013-05-23 6:51,,
2013-05-23 7:04,Extruder 1,13-A-303,90310-000065100004,7050,12748,1476,1250,1000,2013-05-23 7:04,156.2,186.4,181.9,180.9,191.7,191.5,178.7,178.8,179.4,179.7,178.5,215.3,206.3,199.2,206.2,215.3,178.5,179.9,179.7,42.1,82.5,75.4,10.997,10.976,44.212,1833,191.1,15.8,196.845,2013-05-23 6:51,,
2013-05-23 5:45,Extruder 1,13-A-302,90310-000065100004,7050,12748,1476,1250,500,2013-05-23 5:45,160.7,188.1,183,181.4,192.9,193.7,179.8,180,180,180,179.8,217,210.1,204.2,210,216.9,180.9,180.1,179.9,42.5,83.2,75.8,7.797,7.795,45.203,1613,195,18.7,185.342,2013-05-23 4:26,,
2013-05-23 5:13,Extruder 1,13-A-302,90310-000065100004,7050,12748,1476,1250,250,2013-05-23 5:13,156.4,188.1,182.6,184,192.9,193.9,180.2,180.1,179.8,180,180.2,217.3,210.4,204.1,210.3,217.1,180.3,180,180.1,42.1,81.9,74.7,7.6,7.6,44.182,1400,195.2,18.5,186.599,2013-05-23 4:26,,
2013-05-23 4:21,Extruder 1,13-A-301,90310-000065100004,7050,12748,1476,1250,1000,2013-05-23 4:21,157.8,187,181.7,181.3,191.7,191.7,180,179.1,180.2,180.1,179.3,216.6,209,203.1,209.1,217.1,179.7,179.9,179.8,41.8,81.4,74.4,7.602,7.594,42.2,1426,193.8,18.4,195.256,2013-05-23 2:07,,
2013-05-23 3:12,Extruder 1,13-A-301,90310-000065100004,7050,12748,1476,1250,500,2013-05-23 3:12,155.4,187.7,182.9,181.9,192.9,193.2,180,180,179.8,180,180,216.5,209.9,204.7,210,216.9,179.2,180,180,42.1,82.3,75,7.604,7.622,43.699,1324,195,19,192.766,2013-05-23 2:07,,
2013-05-23 2:39,Extruder 1,13-A-301,90310-000065100004,7050,12748,1476,1250,250,2013-05-23 2:39,158.5,188.3,182.9,179.7,192.9,195.3,180.3,179.7,180,179.9,180.8,217.8,210.8,204.4,210.5,217.3,180.2,180,180.1,42.1,82.1,75.1,7.609,7.606,43.64,1271,195.5,18.6,197.106,2013-05-23 2:07,,
2013-05-23 2:04,Extruder 1,13-A-300,90310-000065100004,7050,12748,1476,1250,1000,2013-05-23 2:04,161.8,185.7,180.9,180.8,191.4,192.3,180,179.7,180,180,179.1,216.6,209.2,204,209.6,217.3,179.5,179.9,179.9,42.8,83.4,75.6,7.602,7.602,40.164,1647,194.3,17.6,200.498,2013-05-22 23:53,,
2013-05-23 0:55,Extruder 1,13-A-300,90310-000065100004,7050,12748,1476,1250,500,2013-05-23 0:55,179,187.8,182.6,183.1,192.9,193.5,180,180,180.2,179.7,180,216.9,210.1,204.9,210.3,217.1,180,180.1,180,43.4,84.2,76,7.604,7.62,43.688,1638,195.3,18.5,203.321,2013-05-22 23:53,,
2013-05-23 0:23,Extruder 1,13-A-300,90310-000065100004,7050,12748,1476,1250,250,2013-05-23 0:23,172.6,188,182.6,183.5,192.7,195,180.4,180.1,180.2,180.2,180,217.4,210.5,204.5,210.4,217.4,180,179.9,180.1,42.9,84.2,76,7.6,7.602,43.615,1607,195.6,18.5,199.383,2013-05-22 23:53,,
2013-05-22 23:47,Extruder 1,13-A-299,90310-000065100004,7050,12748,1476,1250,1000,2013-05-22 23:47,157.2,186.2,181.1,179.3,191.5,192.4,179.9,179.2,180,180,179.5,216.7,209,203.8,209.3,217,179.6,179.9,180,42.9,83.5,75.6,7.597,7.566,43.21,1593,194.3,17.6,200.071,2013-05-22 21:31,,
2013-05-22 22:38,Extruder 1,13-A-299,90310-000065100004,7050,12748,1731,1250,500,2013-05-22 22:38,179,188,182.8,183.6,192.9,193.8,180,179.7,180.2,179.8,179.7,216.4,210,205.5,210.4,217.2,179.7,180,180,43.8,84.3,76.3,7.602,7.602,44.923,1215,195.5,18.1,207.875,2013-05-22 21:31,,
2013-05-22 22:06,Extruder 1,13-A-299,90310-000065100004,7050,12748,1731,1250,250,2013-05-22 22:06,178.5,188,182.9,181.3,192.7,195,180.6,180.3,180.1,180.1,181.1,217.3,210.6,204.6,210.5,217.4,180.1,180,180.1,43.2,84.1,76.2,7.595,7.61,44.959,1213,196.2,17.6,207.756,2013-05-22 21:31,,
2013-05-22 21:30,Extruder 1,13-A-299,90310-000065100004,7050,12748,1731,1250,1000,2013-05-22 21:30,158.4,186.2,181.6,181.6,191.7,192.4,180,179.5,180,179.7,179.8,216.8,209.4,204.1,209.5,217.2,179.8,179.8,180.1,42.9,83.4,75.8,8.998,8.996,44.932,1234,194.3,17,200.285,2013-05-22 21:31,,
2013-05-22 20:21,Extruder 1,13-A-298,90310-000065100004,7050,12748,1731,1250,500,2013-05-22 20:21,177.7,188.1,183.1,183.7,192.9,193.2,179.8,180,179.9,179.9,180,216.9,210.1,204.9,209.9,216.9,180.1,180,180,43.6,84.2,76.1,7.606,7.606,44.904,1160,195,17.5,201.684,2013-05-22 19:23,,
2013-05-22 19:49,Extruder 1,13-A-298,90310-000065100004,7050,12748,1731,1250,250,2013-05-22 19:49,179.3,188.1,183.1,183.4,192.7,194.6,180.1,180.1,179.7,180,180.3,217.5,210.7,204.7,210.5,217.2,180.2,180.1,180.1,43.2,84.3,76.2,7.595,7.602,45.212,1169,195.4,17.7,199.36,2013-05-22 19:23,,
2013-05-22 19:13,Extruder 1,13-A-297,90310-000065100004,7050,12748,1731,1250,1000,2013-05-22 19:13,160.7,186.5,181.7,182.2,191.4,192.6,180.1,179.2,180.1,180,179.8,216.5,209.3,204.4,209.3,217.1,179.9,180,180,42.5,83.4,75.8,7.587,7.6,45.597,1319,194.3,17.4,198.624,2013-05-22 17:02,,
2013-05-22 18:04,Extruder 1,13-A-297,90310-000065100004,7050,12748,1731,1250,500,2013-05-22 18:04,179.1,187.9,183.3,182.7,193,194.7,180,180,180.2,180.1,180.1,216.5,209.7,205.7,210,217,180.2,180.1,180,43.6,84.3,76.2,7.602,7.616,45.79,1158,195.6,17.5,203.321,2013-05-22 17:02,,
2013-05-22 17:32,Extruder 1,13-A-297,90310-000065100004,7050,12748,1731,1250,250,2013-05-22 17:32,177.1,187.8,182.6,182.8,192.9,195.9,180.2,180.4,180.3,180,180,217.3,210.5,205.7,210.6,217.6,180,180,180,43.3,84.2,76.1,7.595,7.588,45.747,1187,195.9,17.4,207.614,2013-05-22 17:02,,
2013-05-22 16:50,Extruder 1,13-A-296,90310-000065100004,7050,12748,1731,1250,1000,2013-05-22 16:50,160.4,186.5,181.5,179.2,191.5,194.4,180,179.4,179.8,179.7,180,216.5,209.8,205.9,210.1,216.9,179.7,180,180,43.4,83.5,75.8,7.594,7.588,45.838,1328,194.5,17.2,200.878,2013-05-22 14:36,,
2013-05-22 15:42,Extruder 1,13-A-296,90310-000065100004,7050,12748,1731,1250,500,2013-05-22 15:42,176.3,188,183,182.5,192.9,194.6,180.1,180.1,180,180,180.1,215.9,209,203.3,208.6,216.2,180.3,180.2,180,44,84.2,76.2,7.595,7.6,45.667,1160,195.8,17.1,206.001,2013-05-22 14:36,,
2013-05-22 15:10,Extruder 1,13-A-296,90310-000065100004,7050,12748,1731,1250,250,2013-05-22 15:10,178,188.1,183.2,182.7,192.7,196.1,180.3,180,180,179.7,180.7,212.3,205,202.3,203.5,210.7,180.6,180,179.5,43.8,84.5,76.3,7.604,7.602,44.697,1149,195.9,16.7,198.221,2013-05-22 14:36,,
2013-05-22 14:33,Extruder 1,13-A-295,90310-000065100004,7050,12748,1413,1250,1000,2013-05-22 14:33,168.3,186.5,181.8,182,191.3,192.6,179.9,178.7,180,179.9,180,211.6,204,201.4,202.8,210,179.5,180,180,41.8,81.5,74.5,7.179,7.218,44.658,1287,193.7,17.1,202.372,2013-05-22 6:01,,
2013-05-22 13:23,Extruder 1,13-A-295,90310-000065100004,7050,12748,1413,1250,500,2013-05-22 13:23,183.4,188.1,183,182.1,192.9,193.4,180.1,180.3,180,180.1,180,212.5,204.7,201.6,203,210.6,179.9,180,180.1,43.1,83.1,76,7.491,7.493,44.677,1124,195.3,18.1,200.024,2013-05-22 6:01,,
2013-05-22 12:50,Extruder 1,13-A-295,90310-000065100004,7050,12748,1413,1250,250,2013-05-22 12:50,178.3,188.1,183.3,183.8,193,194.5,180,179.7,179.9,179.7,179.9,212.6,203.4,201.7,202,210.4,180.1,180,179.9,43.4,83,75.9,7.5,7.518,43.615,1098,195,17.5,195.043,2013-05-22 6:01,,
2013-04-23 10:35,Extruder 1,13-A-285,90310-000065100004,7050,12253,1476,1250,1000,2013-04-23 10:35,178,188,182.9,183.7,193,192.7,180,179.8,180.1,180.2,179.4,212.1,205,201.3,204.7,212,187.9,179.9,179.8,33.7,81.2,70.7,7.998,8.012,45.957,1209,1200,14.8,204.578,2013-04-23 8:40,,
2013-04-23 9:34,Extruder 1,13-A-285,90310-000065100004,7050,12253,1476,1250,500,2013-04-23 9:34,178,187.9,182.7,181.2,192.8,192.6,180,180,180.1,180,180.3,212,204.7,202,204.7,211.9,188.3,180,179.9,34,80.9,70.4,7.998,8.018,45.649,1245,1200,14,195.683,2013-04-23 8:40,,
2013-04-23 9:03,Extruder 1,13-A-285,90310-000065100004,7050,12253,1476,1250,250,2013-04-23 9:03,177.5,188.1,182.8,181.6,192.6,192.7,180,180.1,179.8,180.1,179.5,212.1,205.5,202.5,205.4,212.2,188.4,180,180.2,33.7,81.2,70.6,7.996,8.026,45.626,1278,1200,14.2,196.964,2013-04-23 8:40,,
2013-04-23 8:28,Extruder 1,13-A-284,90310-000065100004,7050,12253,1476,1250,1000,2013-04-23 8:28,174.4,187,181.5,181.5,191.5,192.5,180,179,179.7,180.1,180.4,211.6,204.6,201.2,204.3,211.9,188.4,180,179.7,33.5,80.9,71.4,7.998,8.012,45.134,1357,1200,13.8,205.598,2013-04-23 6:27,,
2013-04-23 7:23,Extruder 1,13-A-284,90310-000065100004,7050,12253,1476,1250,500,2013-04-23 7:23,178.1,188.4,182.9,183.9,192.9,193.1,180,180,179.7,180,180,211.9,205,202.4,205.2,212,188,180,180,34.7,80.8,71.1,7.998,8.028,45.856,1254,1200,13.8,198.648,2013-04-23 6:27,,
2013-04-23 6:53,Extruder 1,13-A-284,90310-000065100004,7050,12253,1476,1250,250,2013-04-23 6:53,177.4,187.8,183,183.9,192.7,193.2,180.4,180.1,180.2,180,179.8,212.7,205.4,201.8,205.3,212.3,187.8,179.8,180,34.5,81.9,72,8.001,8,45.818,1242,1200,13.6,187.5,2013-04-23 6:27,,
2013-04-23 6:18,Extruder 1,13-A-283,90310-000065100004,7050,12253,1520,1250,1000,2013-04-23 6:18,174.9,186.9,181.2,182.2,191.5,191.6,179.8,178.9,180,180,178.3,211.6,204.6,201.4,204.2,211.9,188.1,179.8,179.8,34.1,80.4,71.6,8.299,8.326,45.797,1338,1200,13.5,193.952,2013-04-23 4:16,,
2013-04-23 5:12,Extruder 1,13-A-283,90310-000065100004,7050,12253,1520,1250,500,2013-04-23 5:12,177.4,188.4,182.9,183.2,193,193.2,180,180,179.9,179.8,179.4,211.8,205.2,202.1,205.1,212,188.4,180,180,34.8,82.6,72.6,8.001,8.02,45.825,1284,1200,14.1,200.142,2013-04-23 4:16,,
2013-04-23 4:42,Extruder 1,13-A-283,90310-000065100004,7050,12253,1520,1250,250,2013-04-23 4:42,177.6,187.9,182.8,183.6,192.6,193.1,180.3,180.1,180.3,180,179.6,212.5,205.8,202.5,205.7,212.3,187.6,180,180,35.1,82.5,72.6,8.005,8.026,45.804,1258,1200,13.7,196.703,2013-04-23 4:16,,
2013-04-23 4:06,Extruder 1,13-A-282,90310-000065100004,7050,12253,1520,1250,1000,2013-04-23 4:06,175.4,186.7,181.1,180,191.4,191.7,179.7,178.8,179.9,179.9,180.4,211.6,204.4,200.8,204.4,211.9,187.2,179.9,179.7,33.9,81.2,72,8.2,8.209,45.583,1324,1200,13.1,189.469,2013-04-23 2:04,,
2013-04-23 3:00,Extruder 1,13-A-282,90310-000065100004,7050,12253,1520,1250,500,2013-04-23 3:00,177.9,187.6,183,181.9,192.8,192.8,180,180,180,180.2,179.7,211.9,205.1,202.2,204.9,211.8,186.8,180.1,180,34.6,82.6,72.5,8.052,8.026,45.572,1210,1200,12.9,185.247,2013-04-23 2:04,,
2013-04-23 2:29,Extruder 1,13-A-282,90310-000065100004,7050,12253,1520,1250,250,2013-04-23 2:29,177.4,188.1,182.9,182.6,192.6,193.1,180.6,180.2,180.2,180,180,212.7,205.9,203.1,205.8,212.6,186.4,180.1,180.1,35.2,82.3,72.4,8.052,8.038,45.544,1222,1200,12.5,188.354,2013-04-23 2:04,,
2013-04-23 1:54,Extruder 1,13-A-281,90310-000065100004,7050,12253,1520,1250,1000,2013-04-23 1:54,175.9,186.9,181.5,182,191.6,191.7,179.4,178.6,180.1,179.6,179.4,211.3,203.8,200.2,203.1,211.6,186.5,179.7,179.6,33.8,81.8,72.4,10.004,9.993,45.13,1326,1200,12.2,185.057,2013-04-22 22:46,,
2013-04-23 0:44,Extruder 1,13-A-281,90310-000065100004,7050,12253,1520,1250,500,2013-04-23 0:44,178.3,188.5,183,184.4,193.1,193.5,180,180.3,180,180,180,212,205.3,202.4,204.7,211.7,187.1,180,180,34.9,82.6,72.6,7.804,7.781,44.957,1306,1200,13.2,201.423,2013-04-22 22:46,,
2013-04-23 0:13,Extruder 1,13-A-281,90310-000065100004,7050,12253,1520,1250,250,2013-04-23 0:13,177.4,187.8,183,183.4,192.7,193.1,180.6,180.3,180.3,180.2,179.4,211.7,206.4,203.7,206,211.9,185.5,180,180,35,83.1,73,7.8,7.783,44.9,1203,1200,12.7,191.058,2013-04-22 22:46,,
2013-04-22 22:38,Extruder 1,13-A-280,90310-000065100004,7050,12253,1413,1250,1000,2013-04-22 22:38,178,188.2,183,182.9,192.9,193.2,180,180,180,179.8,180.8,212.3,205.1,202,204.7,212.1,180.1,180.1,180,35.3,83.2,73.2,7.998,7.982,42.622,1198,1200,13.5,187.761,2013-04-22 20:27,,
2013-04-22 21:32,Extruder 1,13-A-280,90310-000065100004,7050,12253,1413,1250,500,2013-04-22 21:32,178.3,187.5,183,182.9,193,193.2,179.5,180,179.7,179.8,179.7,212.1,204.9,201.9,205.1,211.8,180.2,180,179.7,35.3,83.3,73.3,7.5,7.493,43.695,1156,1200,13.6,186.433,2013-04-22 20:27,,
2013-04-22 20:59,Extruder 1,13-A-280,90310-000065100004,7050,12253,1413,1250,250,2013-04-22 20:59,177,188.5,183,183.2,193,193.4,181.3,180.3,180.7,180,181.6,213.1,207.3,203.8,207.2,213.2,180.7,180,180,35.6,83.6,73.4,7.6,7.592,43.554,1167,1200,12.8,184.701,2013-04-22 20:27,,
2013-04-22 19:58,Extruder 1,13-A-279,90310-000065100004,7050,12253,1413,1250,1000,2013-04-22 19:58,178.1,188.1,182.9,183,193,192.9,180,180,180.3,180.3,179.8,211.9,205.2,202.1,204.9,211.8,179.9,180,180,35.6,83.8,73.4,8.497,8.489,43.303,1229,1200,14.1,191.912,2013-04-21 3:34,,
2013-04-22 18:54,Extruder 1,13-A-279,90310-000065100004,7050,12253,1413,1250,500,2013-04-22 18:54,178.6,187.6,183,181.9,192.9,193.2,180,180,179.7,180.2,180.1,212.1,204.7,202.2,204.7,211.9,180.2,180,179.5,35.1,83.6,73.7,7.8,7.773,44.647,1203,1200,14,187.856,2013-04-21 3:34,,
2013-04-22 18:23,Extruder 1,13-A-279,90310-000065100004,7050,12253,1413,1250,250,2013-04-22 18:23,178.5,188,183,182.3,192.8,193.1,180.3,180.2,180.1,179.9,180.1,211.6,205.6,202.7,205.5,212.1,180.6,180,179.7,35.3,83.6,73.3,7.7,7.685,44.667,1217,1200,12.8,191.651,2013-04-21 3:34,,
2013-04-21 3:18,Extruder 1,13-A-278,90310-000065100004,7050,12253,1731,1250,1000,2013-04-21 3:18,174.9,187.5,146.6,180.4,191.9,190.4,180.2,180,180,180.3,180.5,211.9,205,202.4,205.6,212.2,180.3,180.1,180.1,36.6,82.5,72.8,7.921,7.871,45.369,168,415.2,15.8,29.673,2013-04-21 0:52,,
2013-04-21 2:11,Extruder 1,13-A-278,90310-000065100004,7050,12253,1731,1250,500,2013-04-21 2:11,180.2,188.1,182.9,183,193,194.2,180.6,180,180.1,180.2,180.5,211.7,205.4,202.9,205.2,211.9,180,179.9,180.1,36.5,82.5,72.7,7.209,7.183,45.121,1269,954.2,14,197.557,2013-04-21 0:52,,
2013-04-21 1:37,Extruder 1,13-A-278,90310-000065100004,7050,12253,1731,1250,250,2013-04-21 1:37,177.5,188.4,183.1,182.1,192.9,195.3,180.3,180.3,180.2,179.9,180.6,212.8,206.7,203,206,212.6,180.6,180,180.3,36.4,82.7,73,7.197,7.178,45.123,1323,453.5,12.9,198.861,2013-04-21 0:52,,
2013-04-21 0:41,Extruder 1,13-A-277,90310-000065100004,7050,12253,1731,1250,1000,2013-04-21 0:41,178.8,188.1,182.9,182.7,193.1,193,180,180,179.7,180,180,211.9,205.1,202.1,205.1,212.1,179.7,180,180.5,37.2,82.7,73.1,7.204,7.18,44.588,1299,944,13.8,198.292,2013-04-20 22:13,,
2013-04-20 23:33,Extruder 1,13-A-277,90310-000065100004,7050,12253,1731,1250,500,2013-04-20 23:33,176.6,188.5,183,183.5,193,194.7,180.4,180,180.1,179.9,180.7,211.7,205.2,202.5,204.8,211.9,180.3,180,180,36.7,82.6,73,7.195,7.188,44.626,1254,939.2,14.9,199.953,2013-04-20 22:13,,
2013-04-20 23:00,Extruder 1,13-A-277,90310-000065100004,7050,12253,1731,1250,250,2013-04-20 23:00,176.9,188.3,183.4,182.9,193,193.5,180.9,180.1,180.9,180.1,180.1,212.7,207.1,203.4,206.7,212.5,180.3,179.9,180,36.6,82.6,73.1,7.996,7.98,49.335,1308,1157.2,14.1,196.703,2013-04-20 22:13,,
2013-04-20 21:53,Extruder 1,13-A-276,90310-000065100004,7050,12253,1731,1250,1000,2013-04-20 21:53,178.2,188.3,183,181.5,193,193.5,180.2,180.2,180.1,179.8,180.2,212.2,205.4,202.1,205,212.1,180.3,180.1,180.2,36.9,82.6,73.3,6.805,6.777,45.21,1172,-210,13.3,179.246,2013-04-20 18:37,,
2013-04-20 20:44,Extruder 1,13-A-276,90310-000065100004,7050,12253,1731,1250,500,2013-04-20 20:44,178,188.1,183.2,183.4,192.9,193.9,180.5,179.7,180.1,180.1,180.4,211.7,206,203.8,205.5,211.6,180.1,180,180,36.4,82.5,74.4,7.202,7.186,44.585,1228,1200,11.9,196.513,2013-04-20 18:37,,
2013-04-20 20:12,Extruder 1,13-A-276,90310-000065100004,7050,12253,1731,1250,250,2013-04-20 20:12,177.6,188.5,183,183.5,192.8,196.3,180.4,180,180.3,180.1,180.7,211.2,207.4,205.7,207.4,211.7,180.9,180,179.8,36.4,82.6,73.4,7.996,7.978,49.802,1281,1200,12.6,193.074,2013-04-20 18:37,,
2013-04-20 18:23,Extruder 1,13-A-275,90310-000065100004,7050,12253,1413,1250,1000,2013-04-20 18:23,178.1,188.2,183.1,182.9,193,196.2,181.4,180,180.1,180.2,182.9,211.9,206.4,205,206.2,211.8,182.3,180.1,180,37,82.7,66.4,9.003,8.971,49.011,1368,1200,14.1,203.914,2013-04-20 16:25,,
2013-04-20 17:21,Extruder 1,13-A-275,90310-000065100004,7050,12253,1413,1250,500,2013-04-20 17:21,178.5,188.1,183.3,181.5,193,196.8,181.3,180.2,180.2,179.8,182.2,212,206.9,204.7,206.5,212,181.9,180,180,36.5,82.5,58.1,8.001,7.98,49.349,1348,1200,13.3,202.277,2013-04-20 16:25,,
2013-04-20 16:51,Extruder 1,13-A-275,90310-000065100004,7050,12253,1413,1250,250,2013-04-20 16:51,178,188.1,182.9,182,193,196.6,180.7,180.3,180,180,181.3,213.1,207.2,204.1,206.9,213.2,181.7,180.1,180.1,36.6,82.8,35.9,8.003,7.968,49.528,1328,1200,15.4,200.854,2013-04-20 16:25,,
2013-04-20 16:02,Extruder 1,13-A-274,90310-000065100004,7050,12253,1413,1250,1000,2013-04-20 16:02,178.5,188.1,182.6,182.3,193.1,195,180.9,180.1,180.2,180,181.5,211.8,205.4,203.7,205.3,212.1,181,180,180,36,82.8,75.3,8.003,7.994,49.576,1316,1200,11.8,196.727,2013-04-20 9:28,,
2013-04-20 15:00,Extruder 1,13-A-274,90310-000065100004,7050,12253,1413,1250,500,2013-04-20 15:00,179.8,188.1,183.7,184.3,193.1,194.9,180.2,180.2,179.7,179.8,180.4,212.1,205,202.9,205.3,211.9,180.4,180,179.9,36.6,82.9,75,7.998,7.974,50.155,1264,329.8,11.1,199.217,2013-04-20 9:28,,
2013-04-20 14:29,Extruder 1,13-A-274,90310-000065100004,7050,12253,1413,1250,250,2013-04-20 14:29,183.6,188.3,182.9,183.6,192.9,193.4,180.2,180.2,180.5,180,180.5,211.9,205.8,203.3,205.4,212.1,180.8,180,180,36.5,82.2,74.6,8.105,8.076,45.891,1246,201.2,12,194.402,2013-04-20 9:28,,
2013-04-20 8:24,Extruder 1,13-A-273,90310-000065060004,7050,12254,1413,1250,1000,2013-04-20 8:24,178.1,188.5,183.3,182.8,192.7,192.7,180.5,180.5,179.8,179.9,180.1,210.1,205,202.2,205.3,209.7,179.7,179.9,180,35.7,80.1,72.4,8.403,8.404,26.339,1198,190.8,13,176.067,2013-04-20 6:20,,
2013-04-20 7:24,Extruder 1,13-A-273,90310-000065060004,7050,12254,1413,1250,500,2013-04-20 7:24,177.7,188,182.9,183.1,192.8,192.5,180,180,180,180.1,180.4,209.7,205.1,202,205.2,210,180,180,180,36.3,80.7,71.8,8.202,8.207,26.333,1191,190.1,12.8,175.996,2013-04-20 6:20,,
2013-04-20 6:54,Extruder 1,13-A-273,90310-000065060004,7050,12254,1731,1250,250,2013-04-20 6:54,177.4,187.8,182.6,182.7,192.4,192.9,180.3,179.7,180.2,180.2,180.2,210.1,205.7,202.3,205.3,210.3,180.1,180,180,35.6,80.1,72,8.2,8.185,26.426,1165,190.4,12.5,176.565,2013-04-20 6:20,,
2013-04-20 6:08,Extruder 1,13-A-272,90310-000065060004,7050,12254,1731,1250,1000,2013-04-20 6:08,178,188.1,182.9,182.9,192.9,193.3,179.9,180,179.7,180,180.9,209.8,204.8,201.9,204.9,210.1,180.3,180,179.9,36,80.5,72.4,8.2,8.205,26.433,1190,190.2,12.4,167.955,2013-04-20 4:05,,
2013-04-20 5:08,Extruder 1,13-A-272,90310-000065060004,7050,12254,1731,1250,500,2013-04-20 5:08,177.9,188,183,183.1,192.9,192.6,180,180,179.8,180,179.6,210,205.5,202.2,204.8,209.7,180,180,180,36.4,81.3,72.5,8.202,8.209,26.294,1273,190.5,13,180.954,2013-04-20 4:05,,
2013-04-20 4:38,Extruder 1,13-A-272,90310-000065060004,7050,12254,1731,1250,250,2013-04-20 4:38,177.3,187.8,182.9,183,192.6,193,180,180.1,179.8,179.9,180.2,210.3,205.6,202.2,205.4,210.1,180,179.9,180,35.9,81,72.4,8.2,8.197,26.355,1267,190.3,12.4,181.76,2013-04-20 4:05,,
2013-04-20 3:53,Extruder 1,13-A-271,90310-000065060004,7050,12254,1731,1250,1000,2013-04-20 3:53,178,187.8,183.1,182.9,193,193.2,180,180.1,180.1,180,180.5,210,205,202.3,205.2,209.8,179.9,179.9,179.9,36.4,80.6,72.2,8.2,8.187,26.408,1250,190.5,10.9,186.29,2013-04-20 1:49,,
2013-04-20 2:53,Extruder 1,13-A-271,90310-000065060004,7050,12254,1731,1250,500,2013-04-20 2:53,177.8,187.9,182.9,183.1,192.9,193.3,180,180,180,180,180.6,210.1,205.1,201.6,204.8,210,180.2,180,180,35.6,81.6,72.8,8.202,8.187,26.33,1227,190.4,11.4,184.843,2013-04-20 1:49,,
2013-04-20 2:23,Extruder 1,13-A-271,90310-000065060004,7050,12254,1731,1250,250,2013-04-20 2:23,177.6,188,182.8,183,192.5,193.2,180.6,180.3,180.2,180.1,180.6,210.1,205.4,203.2,205.9,210,180.8,180.1,180,35.8,81.9,73.1,8.2,8.201,26.328,1209,190.8,12.7,185.769,2013-04-20 1:49,,
2013-04-20 1:35,Extruder 1,13-A-270,90310-000065060004,7050,12254,1731,1250,1000,2013-04-20 1:35,177.9,188,183,183.1,192.9,192.6,180,180,180,180.2,181.7,209.8,204.7,201.8,205,210,180.5,180,180,35.9,79.9,71.8,8.2,8.199,26.344,1168,190.3,12.5,172.177,2013-04-19 23:32,,
2013-04-20 0:35,Extruder 1,13-A-270,90310-000065060004,7050,12254,1731,1250,500,2013-04-20 0:35,178,188.1,183,183,192.8,192.5,180.1,180.2,180.2,180.3,180.2,210,205.4,202.2,204.9,209.9,180,180,180,36,79.8,71.7,8.2,8.212,26.314,1148,190.4,11,181.926,2013-04-19 23:32,,
2013-04-20 0:05,Extruder 1,13-A-270,90310-000065060004,7050,12254,1731,1250,250,2013-04-20 0:05,177.4,187.8,182.8,182.9,192.4,192.8,180.2,179.7,179.9,179.8,179.4,210.3,205.5,202.2,205.4,210.3,180.3,180,180.1,35.3,79.9,71.6,8.2,8.201,26.362,1145,190.4,12.6,179.222,2013-04-19 23:32,,
2013-04-19 23:20,Extruder 1,13-A-269,90310-000065060004,7050,12254,1731,1250,1000,2013-04-19 23:20,178.1,188,183,182.9,193,193.6,180,180.1,179.8,180.2,180.7,209.9,204.9,202,205.4,210.2,180,180,180,35.8,79.8,71.7,8.2,8.191,26.401,1119,190.2,11.6,177.965,2013-04-19 21:18,,
2013-04-19 22:21,Extruder 1,13-A-269,90310-000065060004,7050,12254,1731,1250,500,2013-04-19 22:21,178.7,188.2,183.1,182.9,192.7,193.2,180,180,180.1,179.7,178.9,209.9,205.2,202.1,205.2,210.3,179.3,180,180,36,80.6,71.8,8.2,8.207,26.424,1114,190.2,12,174.265,2013-04-19 21:18,,
2013-04-19 21:51,Extruder 1,13-A-269,90310-000065060004,7050,12254,1731,1250,250,2013-04-19 21:51,178.7,187.8,182.7,183,192.6,193,180.2,180,180,180,180,210,205.3,202.3,205.4,210.3,180.3,180,180.1,35.9,80.8,72.2,8.2,8.201,26.408,1113,190.3,10.8,170.92,2013-04-19 21:18,,
2013-04-19 21:02,Extruder 1,13-A-268,90310-000065060004,7050,12254,1731,1250,1000,2013-04-19 21:02,178,188,183.1,182.9,192.8,192.7,180,180.1,180.1,180.2,180.1,209.7,204.4,201.8,204.9,210.1,180.2,180,179.8,35.8,81.2,72.4,8.2,8.201,26.221,1127,190.4,11.5,174.573,2013-04-19 18:50,,
2013-04-19 20:02,Extruder 1,13-A-268,90310-000065060004,7050,12254,1731,1250,500,2013-04-19 20:02,178,187.8,183,183.2,193,192.9,180.1,179.6,180.4,180.2,179.7,210.2,205.1,202.3,205.2,210.3,180.1,180,180,35.5,81.4,73.4,8.2,8.197,26.032,1204,190.6,11.7,179.673,2013-04-19 18:50,,
2013-04-19 19:32,Extruder 1,13-A-268,90310-000065060004,7050,12254,1731,1250,250,2013-04-19 19:32,177.5,187.9,182.7,183.1,192.4,192.7,180.2,180.2,180,180.2,179.8,210,205.4,202.5,205.6,210.2,180,180,180,35.5,79.3,71.8,8.2,8.209,26.041,1188,190.4,12.9,173.387,2013-04-19 18:50,,
2013-04-19 18:46,Extruder 1,13-A-267,90310-000065060004,7050,12254,1413,1250,1000,2013-04-19 18:46,178.2,188,182.9,183,193,192.9,180,180,180,180.2,179.5,210,205,201.3,204.8,209.9,179.8,179.8,180,35.3,79.5,71.7,9.503,9.5,26.027,1250,190.4,12.2,181.475,2013-04-19 16:30,,
2013-04-19 17:46,Extruder 1,13-A-267,90310-000065060004,7050,12254,1413,1250,500,2013-04-19 17:46,178.6,188,182.9,183.1,192.8,192.8,179.9,180.1,180,180.2,179.1,209.7,205.1,202.2,205.5,210.4,180,180,179.9,35.8,79.3,71.7,8.1,8.096,26.059,1257,190.4,11.3,180.503,2013-04-19 16:30,,
2013-04-19 17:16,Extruder 1,13-A-267,90310-000065060004,7050,12254,1413,1250,250,2013-04-19 17:16,179.4,187.9,182.9,183.2,192.7,192.8,180.7,180.2,180,180,179.7,210.3,205.9,202.8,206,210.3,180.8,180,180,35.2,79.2,72,8.098,8.109,26.041,1255,190.8,10.8,181.452,2013-04-19 16:30,,
2013-04-19 16:24,Extruder 1,13-A-266,90310-000065060004,7050,12254,1413,1250,1000,2013-04-19 16:24,177.9,188.1,183,182.9,193,193,180.1,180,180.3,180,179.3,209.9,205.1,202.2,204.8,209.9,180,180,180,36,79.4,71.9,8.998,8.983,26.064,1245,190.5,11.5,179.839,2013-04-19 14:02,,
2013-04-19 15:22,Extruder 1,13-A-266,90310-000065060004,7050,12254,1413,1250,500,2013-04-19 15:22,178,188,183,182.9,192.9,193.5,180.1,180.1,180.2,180.1,181.7,210.3,205.7,202.7,205.3,210.1,179,180,179.9,35.4,79.6,72.5,8.001,8.063,26.301,1256,1200,11.9,186.361,2013-04-19 14:02,,
2013-04-19 14:52,Extruder 1,13-A-266,90310-000065060004,7050,12254,1413,1250,250,2013-04-19 14:52,177.8,188,182.8,183,192.6,193.1,180.2,180,179.9,180.2,180,210.5,205.5,203.6,205.7,210.6,180.2,180.1,180.2,35.9,79.8,72.4,7.998,8.046,26.025,1279,1200,11,179.53,2013-04-19 14:02,,
2013-04-19 10:36,Extruder 1,13-A-265,90310-000065060004,7050 0% 065T 600W BK N/T,12254,1413,1250,1000,2013-04-19 10:36,173.2,188,182.7,182.1,192.9,193,180.4,180.2,180.2,180.1,179.8,210,200,200.1,200.2,209.9,180.3,180,180,35.8,81.2,71.1,9.499,9.48,32.098,1296,486.7,15.1,173.743,2013-04-19 8:36,,
2013-04-19 9:35,Extruder 1,13-A-265,90310-000065060004,7050 0% 065T 600W BK N/T,12254,1413,1250,500,2013-04-19 9:35,154.5,188.2,183.2,183.2,193,193,179.5,179.9,180,180.1,180,209.9,200.3,200.2,200.2,209.6,179.8,180,180,35.5,80.6,70.2,8.1,8.088,32.474,1245,354,15.4,172.201,2013-04-19 8:36,,
2013-04-19 9:05,Extruder 1,13-A-265,90310-000065060004,7050 0% 065T 600W BK N/T,12254,1413,1250,250,2013-04-19 9:05,155,188,183.1,183.1,192.8,193.9,181.1,180.3,180,180.2,181,210.6,201.4,201.3,201.4,210.3,180.4,180,180.1,35.3,80.4,70.1,8.1,8.091,31.626,1224,418.4,14.6,174.739,2013-04-19 8:36,,
2013-04-19 8:08,Extruder 1,13-A-264,90310-000065070004,7050,12251,1413,1250,1000,2013-04-19 8:08,178.2,188,182.7,182.9,192.9,192.8,180.1,180,179.8,179.9,179.1,209.8,199.9,200,200.1,210.3,180,180,179.9,35.5,80.4,70.1,8.1,8.101,31.164,1242,326.8,13.5,181.428,2013-04-19 6:13,,
2013-04-19 7:07,Extruder 1,13-A-264,90310-000065070004,7050,12251,1413,1250,500,2013-04-19 7:07,178.1,187.9,182.8,182.6,192.7,193,180,180,180.1,180,180,210.2,200,199.8,200,209.8,180.2,180,180,36.5,80.8,70.5,8.2,8.199,31.62,1280,321.6,12.9,185.697,2013-04-19 6:13,,
2013-04-19 6:38,Extruder 1,13-A-264,90310-000065070004,7050,12251,1476,1250,250,2013-04-19 6:38,177.2,187.8,182.5,182.7,192.3,192.7,180.2,179.9,179.9,180.2,180.7,210.4,200.6,200.3,200.3,210.1,180.4,180,180,36,80.8,70.4,8.399,8.398,32.105,1278,320.2,12.8,183.42,2013-04-19 6:13,,
2013-04-19 6:05,Extruder 1,13-A-263,90310-000065070004,7050,12251,1476,1250,1000,2013-04-19 6:05,175.2,186.7,181,181.6,191.3,191.9,180,179.3,179.9,179.9,179.9,209.7,199.5,199.1,199.6,210,179.5,180,180,35.2,80,69.7,8.399,8.441,31.064,1387,362,12.9,193.596,2013-04-19 4:08,,
2013-04-19 5:02,Extruder 1,13-A-263,90310-000065070004,7050,12251,1476,1250,500,2013-04-19 5:02,177.9,187.9,183.1,183.1,192.9,193,180,180,179.9,180,180.1,209.9,200.2,200.2,199.9,210.1,180,180.2,180,36.6,81.2,71.1,8.299,8.305,31.043,1376,306.4,13,192.054,2013-04-19 4:08,,
2013-04-19 4:32,Extruder 1,13-A-263,90310-000065070004,7050,12251,1476,1250,250,2013-04-19 4:32,177.7,188,182.7,182.9,192.6,192.9,180.1,180.2,180.1,180,180.2,210.3,200.4,200.1,200.4,210.2,180.1,180,180,35.8,80.6,70.2,8.397,8.408,32.118,1396,316.8,13,196.94,2013-04-19 4:08,,
2013-04-19 4:00,Extruder 1,13-A-262,90310-000065070004,7050,12251,1476,1250,1000,2013-04-19 4:00,175.5,186.8,180.8,181.4,191.3,191.8,179.9,179,179.9,179.7,180,210.1,199.4,199.2,199.5,209.8,179.2,180,179.9,35.6,80.4,70.2,8.397,8.421,31.08,1440,330.1,13.1,203.463,2013-04-19 2:05,,
2013-04-19 2:56,Extruder 1,13-A-262,90310-000065070004,7050,12251,1476,1250,500,2013-04-19 2:56,178,188,182.9,183.4,192.7,193.6,179.9,180,180,180,180.8,209.6,200.1,200.2,200.1,209.9,180,180.1,179.9,36.8,81.1,71.2,8.295,8.316,32.009,1315,332.5,13,198.411,2013-04-19 2:05,,
2013-04-19 2:27,Extruder 1,13-A-262,90310-000065070004,7050,12251,1476,1250,250,2013-04-19 2:27,177.5,187.8,182.9,183.9,192.6,193.1,180,180,180.1,180.1,180,210.1,200.3,200.3,200.2,209.9,180.2,180,179.9,36.4,81.2,71.3,8.297,8.298,32.096,1307,355.3,13.4,187.168,2013-04-19 2:05,,
2013-04-19 1:53,Extruder 1,13-A-261,90310-000065070004,7050,12251,1476,1250,1000,2013-04-19 1:53,175.4,186.3,180.6,181.3,191.9,191.8,180,179.3,180.2,180,179.6,209.9,199.7,199.4,199.7,209.9,179.9,180,180,36.1,81.1,71.5,8.299,8.308,31.055,1327,349,13.2,186.172,2013-04-18 23:55,,
2013-04-19 0:50,Extruder 1,13-A-261,90310-000065070004,7050,12251,1476,1250,500,2013-04-19 0:50,177.9,188,182.9,182.8,192.8,192.8,180,180,180.1,179.7,179.5,210.1,200.2,200.1,200.2,210.2,180,180,180,35.9,81.1,71,8.301,8.292,32.109,1271,339.2,13.2,184.725,2013-04-18 23:55,,
2013-04-19 0:21,Extruder 1,13-A-261,90310-000065070004,7050,12251,1476,1250,250,2013-04-19 0:21,177.6,187.8,182.7,182.7,192.4,192.7,180,180,180,180,180.3,210.3,200.2,200.1,200.4,210,180,179.9,180,36.1,81.1,70.9,8.352,8.338,32.064,1264,377.8,13.2,186.314,2013-04-18 23:55,,
2013-04-18 23:47,Extruder 1,13-A-260,90310-000065070004,7050,12251,1476,1250,1000,2013-04-18 23:47,175.5,186.7,180.6,181.3,191.2,191.8,179.8,179,180,180,178.4,209.6,199.4,199.2,199.5,209.9,179.9,179.7,179.8,35.6,80.6,70.6,8.401,8.388,32.103,1305,338,13,184.962,2013-04-18 21:50,,
2013-04-18 22:44,Extruder 1,13-A-260,90310-000065070004,7050,12251,1476,1250,500,2013-04-18 22:44,178,188.1,183,183.6,192.9,192.9,180.2,180,180.2,180.1,180.6,209.8,200.1,200.2,199.9,209.9,180.3,180.1,180,36.4,81.2,71,8.295,8.313,32.08,1291,308.5,13,186.172,2013-04-18 21:50,,
2013-04-18 22:14,Extruder 1,13-A-260,90310-000065070004,7050,12251,1476,1250,250,2013-04-18 22:14,177.6,188,182.9,182.9,192.6,193,180.1,180.1,180.4,180.1,179.7,210.5,200.8,200.7,200.8,210.8,180.2,180,180.2,36.5,81.2,70.9,8.354,8.344,32.096,1313,327.6,12.9,192.671,2013-04-18 21:50,,
2013-04-18 21:41,Extruder 1,13-A-259,90310-000065070004,7050,12251,1476,1250,1000,2013-04-18 21:41,176.1,186.9,181.2,181.3,191.3,191.6,179.5,179.2,179.9,179.9,179,210,198.6,198.3,198.6,209.7,179.5,179.9,179.7,35.7,81,70.9,8.405,8.406,31.157,1410,461,12.5,194.711,2013-04-18 19:39,,
2013-04-18 20:34,Extruder 1,13-A-259,90310-000065070004,7050,12251,1476,1250,500,2013-04-18 20:34,178.3,187.9,183,183,192.9,193.1,180,180,179.7,180.2,180.7,210,200.4,200.2,200,209.8,180.9,180.1,180,36.2,81.6,71.7,8.301,8.308,32.153,1368,580.7,13.6,196.94,2013-04-18 19:39,,
2013-04-18 20:04,Extruder 1,13-A-259,90310-000065070004,7050,12251,1476,1250,250,2013-04-18 20:04,177.2,187.9,182.8,183.2,192.4,193.1,180,180,180,180,179.5,210.1,200.5,200.2,200.1,210.3,180.3,180,179.8,36.6,81.4,71.5,8.401,8.406,32.082,1349,629,13.3,193.501,2013-04-18 19:39,,
2013-04-18 19:31,Extruder 1,13-A-258,90310-000065070004,7050,12251,1476,1250,1000,2013-04-18 19:31,175.3,186.8,180.5,181.4,191.4,192.5,180.2,179.3,179.9,179.9,179.9,210,199.4,199.3,199.6,209.7,180.4,180,180,36.3,80.9,71.1,8.401,8.396,31.576,1385,643.4,13.3,194.9,2013-04-18 17:29,,
2013-04-18 18:27,Extruder 1,13-A-258,90310-000065070004,7050,12251,1520,1250,500,2013-04-18 18:27,178,188,183,183.2,192.9,192.7,180,180,180,180.1,180,209.7,200.1,200.1,199.9,209.8,179.8,179.9,180,38,82.3,73.7,8.202,8.181,32.087,1319,633.9,13.5,191.437,2013-04-18 17:29,,
2013-04-18 17:57,Extruder 1,13-A-258,90310-000065070004,7050,12251,1520,1250,250,2013-04-18 17:57,177.6,188,182.9,183.2,192.6,192.8,180.1,180,179.9,179.9,180.8,210.1,200.6,200.4,200.7,210.2,180.1,180,180,37.6,82.5,73.7,8.248,8.262,32.103,1288,619.2,13.7,186.433,2013-04-18 17:29,,
2013-04-18 17:24,Extruder 1,13-A-257,90310-000065070004,7050,12251,1520,1250,1000,2013-04-18 17:24,175.6,186.8,181.2,181,191.3,192.6,179.8,178.9,180.1,180,179.7,209.6,199.6,199.4,199.7,210,179.7,180,180,37.1,81.2,73.1,8.401,8.396,32.089,1332,218.2,13.4,186.077,2013-04-18 15:21,,
2013-04-18 16:19,Extruder 1,13-A-257,90310-000065070004,7050,12251,1520,1250,500,2013-04-18 16:19,178.1,188,183,182.6,192.9,193.3,179.7,180.1,180.3,180,180,210.1,200.2,200.1,200.2,210.3,180.1,180.1,180,37.3,81.9,73.5,8.248,8.257,32.087,1245,505.2,13,188.164,2013-04-18 15:21,,
2013-04-18 15:49,Extruder 1,13-A-257,90310-000065070004,7050,12251,1520,1250,250,2013-04-18 15:49,177.6,187.9,182.7,183.1,192.6,193.1,180.6,180.3,180.3,180,180.2,210,200.5,200.5,200.2,210.3,180,179.8,180.1,37.3,81.7,73.1,8.25,8.257,32.13,1256,324.8,12,181.641,2013-04-18 15:21,,
2013-04-18 15:16,Extruder 1,13-A-256,90310-000065070004,7050,12251,1520,1250,1000,2013-04-18 15:16,175.5,186.4,180.8,180.9,191.1,192.1,179.7,179.3,180.3,179.8,179.7,210,199.6,199.3,199.3,209.9,178.9,179.9,180,36.6,80.8,72,8.503,8.487,32.093,1351,331.8,11.7,180.621,2013-04-18 13:14,,
2013-04-18 14:12,Extruder 1,13-A-256,90310-000065070004,7050,12251,1520,1250,500,2013-04-18 14:12,177.8,187.9,182.9,183.2,192.6,193.3,179.6,180.1,180.1,180.1,180.6,210,200,199.9,200.1,209.8,179.9,180,179.9,37,80.6,71.8,8.301,8.305,32.103,1295,339.5,11.7,186.195,2013-04-18 13:14,,
2013-04-18 13:42,Extruder 1,13-A-256,90310-000065070004,7050,12251,1520,1250,250,2013-04-18 13:42,177.4,188,182.8,183.6,192.5,193.1,180.6,180.1,180.2,180.2,180.3,210,200.4,200.3,200.5,210.3,180.4,180.1,180,36.3,80.3,71.3,8.301,8.28,32.098,1357,619.2,11.8,190.963,2013-04-18 13:14,,
2013-04-18 13:09,Extruder 1,13-A-255,90310-000065070004,7050,12251,1520,1250,1000,2013-04-18 13:09,175.6,186.6,180.8,182,191.1,192.1,179.7,179.1,180,180.1,179.3,209.6,199.5,199.4,199.6,210,179.8,179.9,180,36.1,79.8,71,8.499,8.482,32.116,1460,332.3,10.8,194.331,2013-04-18 11:08,,
2013-04-18 12:05,Extruder 1,13-A-255,90310-000065070004,7050,12251,1520,1250,500,2013-04-18 12:05,178,188,182.9,183.3,192.6,192.7,180,180,179.8,180,180,209.7,200.2,200.2,200.4,209.6,180.3,180,180,36.1,80.7,71,8.301,8.305,32.13,1261,624.2,11.5,185.247,2013-04-18 11:08,,
2013-04-18 11:35,Extruder 1,13-A-255,90310-000065070004,7050,12251,1520,1250,250,2013-04-18 11:35,177.6,187.8,182.8,182.9,192.5,193.2,180.1,180.5,180.3,180.3,180.3,210.5,200.2,200.3,200.6,210.5,179.9,180,180,36.1,80,70.8,8.301,8.298,32.062,1213,503.2,11.6,180.74,2013-04-18 11:08,,
2013-04-18 11:01,Extruder 1,13-A-254,90310-000065070004,7050,12251,1520,1250,1000,2013-04-18 11:01,175.7,186.4,180.9,181,191,191.9,180,179.4,179.7,179.7,178.4,209.8,199.8,199.5,200.1,210.5,179.8,180,180,35.8,79.5,70.6,9.001,8.996,32.098,1290,598.3,12.4,178.558,2013-04-18 9:03,,
2013-04-18 9:57,Extruder 1,13-A-254,90310-000065070004,7050,12251,1520,1250,500,2013-04-18 9:57,178.2,188,182.9,182.7,192.8,192.7,180.1,180,180,180,179.7,210,200.2,200.1,200.2,209.9,179.9,180,180.1,36.4,79.9,70.8,8.352,8.348,32.089,1252,595.5,12.3,186.409,2013-04-18 9:03,,
2013-04-18 9:28,Extruder 1,13-A-254,90310-000065070004,7050,12251,1520,1250,250,2013-04-18 9:28,178.6,188.1,182.5,183.2,192.4,193.3,180.1,180,180.2,179.8,180.1,210,200.5,200.6,200.5,210.5,180.3,180,180,35.9,80.1,70.9,8.304,8.292,32.103,1272,434.2,11.7,188.757,2013-04-18 9:03,,
2013-04-18 8:53,Extruder 1,13-A-253,90310-000065070004,7050,12251,1520,1250,1000,2013-04-18 8:53,166.9,186.4,180.8,181,191,191.7,180,179.1,180.3,180,179.4,210,199.8,199.2,199.5,210.5,180,180,180.1,35.2,79,70.2,8.401,8.38,31.057,1346,504,12,188.733,2013-04-18 6:55,,
2013-04-18 7:49,Extruder 1,13-A-253,90310-000065070004,7050,12251,1520,1250,500,2013-04-18 7:49,178.2,187.9,182.9,182.9,192.7,192.7,179.8,179.8,179.9,180,179.8,210,200.2,200,200.1,209.9,180.5,180,180.1,35.3,80.4,70.4,8.202,8.197,31.066,1232,916,13.3,192.576,2013-04-18 6:55,,
2013-04-18 7:19,Extruder 1,13-A-253,90310-000065070004,7050,12251,1520,1250,250,2013-04-18 7:19,178.2,187.8,182.8,183.5,192.4,193,180.3,180.1,180.4,180,179.3,210.2,200.5,200.4,200,210.4,179.6,179.8,180,34.7,79.9,69.3,8.2,8.197,31.036,1243,1162.6,13.5,186.48,2013-04-18 6:55,,
2013-04-18 6:45,Extruder 1,13-A-252,90310-000065070004,7050,12251,1476,1250,1000,2013-04-18 6:45,164.4,186.4,180.6,179.5,190.8,191.8,180,179.4,180,180,179.7,209.8,199.8,199.5,199.5,209.7,179.9,180,180,34.7,79.8,69.5,8.301,8.3,30.886,1316,1181.1,13.2,199.739,2013-04-18 4:47,,
2013-04-18 5:42,Extruder 1,13-A-252,90310-000065070004,7050,12251,1476,1250,500,2013-04-18 5:42,178,187.8,182.9,183.2,192.7,193,180,179.7,179.8,180.1,179.2,209.7,200.1,200.2,200.3,210,180,180,180,34.8,79.9,68.9,8.299,8.302,30.872,1277,1200,13.2,196.347,2013-04-18 4:47,,
2013-04-18 5:13,Extruder 1,13-A-252,90310-000065070004,7050,12251,1476,1250,250,2013-04-18 5:13,178.5,187.9,182.7,182.8,192.5,192.4,180.2,180,180.1,179.6,179.3,210.3,200.4,200.3,200.2,210.2,179.8,179.9,180,34.8,79.6,68.7,8.299,8.31,30.884,1313,766.9,12.5,196.988,2013-04-18 4:47,,
2013-04-18 4:38,Extruder 1,13-A-251,90310-000065070004,7050,12251,1476,1250,1000,2013-04-18 4:38,164,186.2,180.7,182.1,190.8,191.5,180.2,179.3,180.1,179.9,179.5,209.9,199.8,199.5,199.5,210.1,179,180.1,180.1,34.5,78.5,67.9,8.304,8.29,30.886,1401,1174,12.2,195.944,2013-04-18 2:44,,
2013-04-18 3:34,Extruder 1,13-A-251,90310-000065070004,7050,12251,1476,1250,500,2013-04-18 3:34,179.2,187.9,183,182.5,192.8,193.1,179.8,180,180,180.2,180.3,210,199.7,200,199.9,209.9,180.2,180,180,34.8,79.8,69.5,8.2,8.187,30.891,1288,1097,11.4,197.581,2013-04-18 2:44,,
2013-04-18 3:04,Extruder 1,13-A-251,90310-000065070004,7050,12251,1476,1250,250,2013-04-18 3:04,178.2,187.8,182.9,183.4,192.5,192.9,180.6,180,180.3,180,179.2,210.1,200.5,200.4,200.5,210.3,180.5,180,180,34.5,79.6,68.9,8.2,8.191,30.897,1291,1200,11.5,191.319,2013-04-18 2:44,,
2013-04-18 2:30,Extruder 1,13-A-250,90310-000065070004,7050,12251,1476,1250,1000,2013-04-18 2:30,174.5,186.4,180.9,181.2,191,192.3,180,179.3,180,180,179.8,210,199.7,199.2,199.3,210.2,179.6,180,180.3,34.9,79.9,70.1,8.397,8.411,30.875,1395,1185.2,11.2,195.138,2013-04-18 0:31,,
2013-04-18 1:26,Extruder 1,13-A-250,90310-000065070004,7050,12251,1476,1250,500,2013-04-18 1:26,178,187.9,183,182.7,193,192.7,180,179.9,180,179.9,180.3,209.7,199.9,199.6,199.8,209.8,180.2,180,179.9,35.6,80.6,70.6,8.2,8.189,30.877,1329,976.4,11.3,195.944,2013-04-18 0:31,,
2013-04-18 0:56,Extruder 1,13-A-250,90310-000065070004,7050,12251,1476,1250,250,2013-04-18 0:56,178,187.8,182.8,182.6,192.4,193,180.3,180.1,180.3,180.1,180.2,209.3,200.2,200,200.3,209.6,180.1,180,179.7,36.3,81.3,71.3,8.202,8.181,30.852,1338,567,12.6,201.992,2013-04-18 0:31,,
2013-04-17 22:13,Extruder 1,13-A-249,90310-000065080004,7050,12252,1476,1250,1000,2013-04-17 22:13,174.8,187.8,182.4,182.5,192.9,193.8,180,179.8,179.9,180,180,210,201.5,199.9,201.3,209.9,180,180,180,37.1,81.1,71.7,8.297,8.302,40.089,1300,1200,13.7,212.405,2013-04-17 20:58,,
2013-04-17 21:14,Extruder 1,13-A-249,90310-000065080004,7050,12252,1476,1250,250,2013-04-17 21:14,178.3,188.1,183.3,183.2,192.7,193.5,180.4,180.3,180.2,180.1,180.5,210.2,201,200.5,200.9,210.4,179.8,180,180,36.6,80.8,71.7,8.2,8.232,40.062,1284,1200,13.5,209.156,2013-04-17 20:58,,
2013-04-17 19:35,Extruder 1,13-A-248,90310-000065080004,7050,12252,1476,1250,500,2013-04-17 19:35,177.4,188.5,183.1,182.4,192.9,193.3,180,180.4,179.9,180.1,180.3,209.9,201.3,200.4,200.9,210,180,180,179.9,36.6,81.3,72.3,8.304,8.326,40.146,1268,1200,14.2,206.879,2013-04-17 18:41,,
2013-04-17 19:05,Extruder 1,13-A-248,90310-000065080004,7050,12252,1476,1250,250,2013-04-17 19:05,177.2,188,183,183.6,192.7,193.2,180.6,180.2,180.1,180,180.1,210.1,200.8,199.9,200.7,210.4,180.1,180.1,180,37.4,81.8,72.9,8.297,8.323,40.109,1229,1200,13.5,203.724,2013-04-17 18:41,,
2013-04-17 18:32,Extruder 1,13-A-247,90310-000065080004,7050,12252,1520,1250,1000,2013-04-17 18:32,176.1,186.6,182,181.5,191.2,191.9,179.7,179,180,180,179.4,209.6,201,199.3,200.4,210.3,180,180.1,180.1,36.9,80.9,72.3,8.506,8.529,40.153,1333,1200,14,199.834,2013-04-17 16:30,,
2013-04-17 17:28,Extruder 1,13-A-247,90310-000065080004,7050,12252,1520,1250,500,2013-04-17 17:28,178.1,187.8,182.7,182.2,192.8,194.1,180,180,180,180.2,180.4,210,201.7,200.5,201.3,209.7,180,180,180,37.4,81.6,72.8,8.253,8.26,40.096,1307,1200,14.7,205.787,2013-04-17 16:30,,
2013-04-17 16:59,Extruder 1,13-A-247,90310-000065080004,7050,12252,1520,1250,250,2013-04-17 16:59,177.7,187.7,183.1,183.3,192.7,194.3,180.2,180.2,180,180,181.3,210.4,201.2,200.2,201.3,210,179.8,180,180,37.1,81.8,72.8,8.301,8.313,40.1,1300,1200,14.1,204.056,2013-04-17 16:30,,
2013-04-17 16:24,Extruder 1,13-A-246,90310-000065080004,7050,12252,1520,1250,1000,2013-04-17 16:24,176.1,186.8,180.6,180.9,191.5,191.8,179.8,178.9,179.9,180,179.1,209.8,200.9,198.7,200.2,210.1,179.3,180,179.8,36.6,80.6,72.4,9.001,9.011,40.109,1481,1200,13.8,210.436,2013-04-17 14:26,,
2013-04-17 15:20,Extruder 1,13-A-246,90310-000065080004,7050,12252,1520,1250,500,2013-04-17 15:20,177.4,187.7,183.1,180.1,192.9,194.4,180.1,180,180.1,180,179.8,209.9,201.7,200.2,201.4,210.2,180.1,180,180,36.9,81.9,70.5,8.297,8.318,40.112,1313,1200,14.4,210.508,2013-04-17 14:26,,
2013-04-17 14:50,Extruder 1,13-A-246,90310-000065080004,7050,12252,1520,1250,250,2013-04-17 14:50,179.2,188.1,182.9,180.9,192.7,193.8,180.2,180.3,180,180,180.4,210.1,201.3,200.3,200.9,210.3,180.2,180,180.1,37.3,81.9,70.7,8.304,8.302,40.084,1293,1200,14.4,213.14,2013-04-17 14:26,,
2013-04-17 13:13,Extruder 1,13-A-245,90310-000065080004,7050,12252,1520,1250,500,2013-04-17 13:13,177.9,188,183.1,183,192.7,193.4,180.1,180,179.9,179.7,179.8,210,201,200.3,200.9,210.1,179.8,180,180,37.7,81.6,70.2,8.25,8.262,40.191,1221,1200,13.1,198.956,2013-04-17 12:19,,
2013-04-17 12:43,Extruder 1,13-A-245,90310-000065080004,7050,12252,1520,1250,250,2013-04-17 12:43,178,188.1,183,184,192.6,193.3,180.3,180,180.3,180,180.2,210.3,200.8,200.5,200.8,210.4,180.1,180.1,180.1,36.9,81.6,70.1,8.255,8.27,40.071,1207,1200,13,196.537,2013-04-17 12:19,,
2013-04-17 11:06,Extruder 1,13-A-244,90310-000065080004,7050,12252,1520,1250,500,2013-04-17 11:06,178.1,188,183,183,192.9,193.4,179.8,180.1,180.3,180.2,180,210.1,201.6,200.1,201,209.9,180.5,180,179.8,36.6,81.5,69.7,8.262,8.267,40.093,1231,1200,12,195.873,2013-04-17 10:12,,
2013-04-17 10:36,Extruder 1,13-A-244,90310-000065080004,7050,12252,1520,1250,250,2013-04-17 10:36,178.2,187.7,182.9,183.2,192.8,193.8,180.7,180.3,180.3,180,179.6,210.7,201.4,200.3,201.4,210.8,180.3,180,180.1,36.2,80.6,68.9,8.25,8.26,40.109,1231,1200,11.9,201.067,2013-04-17 10:12,,
2013-04-17 9:15,Extruder 1,13-A-243,90310-000065080004,7050,12252,1520,1250,1000,2013-04-17 9:15,178.2,188.3,183,183.7,193,192.7,179.8,179.8,179.8,179.7,180,210.1,202.2,200.8,201.9,209.6,180,180,180,35.8,80.4,68.5,8.31,8.316,40.025,1267,1200,12.1,204.791,2013-04-17 7:34,,
2013-04-17 8:26,Extruder 1,13-A-243,90310-000065080004,7050,12252,1520,1250,250,2013-04-17 8:26,175.4,187.7,183.3,183.8,192.8,195.1,181.6,180.7,181,180.2,181.5,211,204.4,203.4,204.1,211.1,181.2,180,180,35.8,79.9,68.2,8.2,8.222,40.114,1299,1200,12.2,209.013,2013-04-17 7:34,,
2013-04-17 6:58,Extruder 1,13-A-242,90310-000065080004,7050,12252,1520,1250,250,2013-04-17 6:58,178,188,182.8,183.2,192.7,193.5,180.7,180.2,180.3,180,180.5,210.4,202.1,201.1,201.4,210.3,180.4,180,180,35.3,79.3,67.6,8.054,8.06,39.096,1271,-210,10.7,158.159,2013-04-17 6:04,,
2013-04-17 6:26,Extruder 1,13-A-242,90310-000065080004,7050,12252,1731,1250,500,2013-04-17 6:26,176.9,187.5,181.6,181.7,191.7,192.7,179,180.2,179.7,179.8,180,209.2,198.7,198.1,199,209.3,179.2,180,179.7,34.2,79.6,66.3,7.998,8.01,39.071,1324,1200,12.3,209.606,2013-04-17 6:04,,
2013-04-17 5:44,Extruder 1,13-A-239,90310-000065080004,7050,12252,1731,1250,250,2013-04-17 5:44,177.9,187.8,183.2,183.3,192.9,194.5,180.9,180.4,180.7,180.1,179.8,212.1,203.7,201.5,203.2,212.1,181.3,180,180,34,79.8,66.4,8.003,8.033,39.057,1228,1200,12,205.313,2013-04-16 22:46,,
2013-04-16 21:54,Extruder 1,IPOLY 7050,90310-000065100004,GTS-,213066,1731,1250,250,2013-04-16 21:54,131.6,133.5,138.7,169.9,174.9,179.8,185.1,185.5,185.1,185,185.4,185.2,186.2,186.2,186.5,185.4,185.5,185.1,185,27.3,71.4,27.8,8.465,8.474,44.941,677,1200,11.6,158.586,2013-04-16 20:25,,
2013-03-30 16:31,Extruder 1,13-A-226,90310-000065080004,7050,11869,1251,1250,1000,2013-03-30 16:31,178.3,188,183,182.6,193,193.1,180,180,179.9,180,180.2,210.1,199.8,199.9,200.3,209.8,180.1,180,180.1,39.4,82.5,74.8,7.952,7.937,34.064,1412,230.3,11.1,197.035,2013-03-30 14:37,,
2013-03-30 15:31,Extruder 1,13-A-226,90310-000065080004,7050,11869,1251,1250,500,2013-03-30 15:31,177.9,188,183,184,192.8,192.9,179.9,180,180.1,180,180,210.1,200.8,200.3,201.2,209.6,180.8,180,179.8,39.2,82.9,75.9,8.047,8.036,34.005,1438,230.3,11.5,191.153,2013-03-30 14:37,,
2013-03-30 15:00,Extruder 1,13-A-226,90310-000065080004,7050,11869,1251,1250,250,2013-03-30 15:00,177.6,188.1,183.1,181.1,192.6,193.1,180.6,180.4,180.3,180.2,180.7,210.6,201.5,201.6,201.7,210.8,180.2,180,180.1,38.1,82.3,73.4,8.047,8.036,34.13,1511,232.1,11.8,192.647,2013-03-30 14:37,,
2013-03-30 14:26,Extruder 1,13-A-225,90310-000065080004,7050,11869,1251,1250,1000,2013-03-30 14:26,176.1,186.5,181.7,181.2,191.4,191.8,179.7,178.6,179.7,179.7,179.3,209.6,197.8,197.6,198.1,209.7,179,179.9,179.8,37,81.2,72.4,11.006,10.978,34.15,1792,216.9,12.4,194.046,2013-03-30 12:04,,
2013-03-30 13:06,Extruder 1,13-A-225,90310-000065080004,7050,11869,1251,1250,500,2013-03-30 13:06,177.9,187.9,182.9,182.6,192.8,193,180,180.1,179.8,180,180.2,210,200.1,199.9,200.2,209.9,180.9,180.1,180,38.6,83.2,74.5,7.197,7.173,30.654,1446,228.8,13.1,190.631,2013-03-30 12:04,,
2013-03-30 12:32,Extruder 1,13-A-225,90310-000065080004,7050,11869,1251,1250,250,2013-03-30 12:32,177.3,187.9,182.9,183.3,192.6,192.8,180,180,180.2,180,180,210.3,200.3,200.4,200.8,210.4,180.2,180,180.1,38.1,83,74.3,7.202,7.18,30.697,1424,228.4,11.8,191.888,2013-03-30 12:04,,
2013-03-30 11:56,Extruder 1,13-A-224,90310-000065080004,7050,11869,1251,1250,1000,2013-03-30 11:56,175.7,186.5,181,181.6,192.1,192.4,180,179,179.8,179.8,179,209.6,199.4,198.7,200,210.2,180.6,180,180.1,37.6,82,73.5,8.501,8.477,34.125,1585,224.4,10.9,186.528,2013-03-30 9:50,,
2013-03-30 10:49,Extruder 1,13-A-224,90310-000065080004,7050,11869,1251,1250,500,2013-03-30 10:49,178,188.2,182.9,181.9,192.9,193,180,180,180.2,180.1,180.3,210.1,200.5,200.3,200.8,210.2,179.9,180,180,37.9,82.6,73.5,8.003,7.978,34.05,1526,232.4,11.4,200.712,2013-03-30 9:50,,
2013-03-30 10:18,Extruder 1,13-A-224,90310-000065080004,7050,11869,1251,1250,250,2013-03-30 10:18,177.7,188,182.8,183.3,192.7,193.3,180.5,180.3,180.2,180,180.9,210.3,200.6,200,200.9,210.3,180.6,180.2,180.3,38.2,82.3,73.4,7.899,7.889,34.107,1496,232.3,11.5,200.972,2013-03-30 9:50,,
2013-03-30 9:42,Extruder 1,13-A-223,90310-000065080004,7050,11869,1251,1250,1000,2013-03-30 9:42,175.1,186.2,181,182.1,191.1,192.1,179.8,179.2,180.1,180.2,179.5,210,200.3,199.3,199.5,209.7,179.1,179.8,180.3,37.2,81.9,73.7,15,15.493,34.043,1601,222.4,12.8,185.009,2013-03-30 7:21,,
2013-03-30 8:37,Extruder 1,13-A-223,90310-000065080004,7050,11869,1251,1250,500,2013-03-30 8:37,177.8,187.9,182.9,181,192.7,193,179.7,179.8,179.7,180,180.1,209.6,200.5,200.3,201.2,209.4,179.6,180,179.8,37.6,82.5,73.8,7.998,7.974,34.03,1445,229.9,12.2,192.647,2013-03-30 7:21,,
2013-03-30 8:07,Extruder 1,13-A-223,90310-000065080004,7050,11869,1251,1250,250,2013-03-30 8:07,177.4,188.1,183,182.1,192.7,192.8,181.4,180.5,180.8,180,180.2,210.6,202.5,201.8,202.7,211.1,180.4,180,180,38.1,82.5,73.6,8.204,8.191,35.062,1463,231.2,13.1,194.853,2013-03-30 7:21,,
2013-03-30 7:02,Extruder 1,13-A-222,90310-000065080004,7050,11869,1251,1250,1000,2013-03-30 7:02,178.7,187.9,182.9,181.5,193,192.9,180,180,180,180,179.9,209.8,200,200.2,201.6,209.6,180,179.9,179.8,37.4,82.5,73.5,7.901,7.879,35.128,1425,234.4,11.5,205.645,2013-03-30 5:00,,
2013-03-30 6:00,Extruder 1,13-A-222,90310-000065080004,7050,11869,1520,1250,500,2013-03-30 6:00,178.1,188.6,183,183.6,192.9,193.2,179.9,180,180.2,180,180.3,210.2,200.3,200.1,201.8,210,180.1,180,180,38.5,82.2,74.8,7.894,7.879,35.109,1446,234.8,13.2,208.681,2013-03-30 5:00,,
2013-03-30 5:29,Extruder 1,13-A-222,90310-000065080004,7050,11869,1520,1250,250,2013-03-30 5:29,177.9,187.7,182.9,183.1,192.7,193.4,180.4,180,180.1,179.8,180,210.3,200.8,200.5,201.3,210.3,180,180,180,38.8,82.8,75.3,7.901,7.866,35.139,1448,234.9,11.7,203.487,2013-03-30 5:00,,
2013-03-30 4:53,Extruder 1,13-A-221,90310-000065080004,7050,11869,1520,1250,1000,2013-03-30 4:53,175.8,186.5,181.1,182,191.4,191.7,179.3,179.3,179.7,180,179.6,209.7,199.9,199.1,200.9,209.9,179.7,179.9,180,38.2,81.2,75,8.003,7.984,34.542,1638,228.6,12.2,211.267,2013-03-30 2:45,,
2013-03-30 3:46,Extruder 1,13-A-221,90310-000065080004,7050,11869,1520,1250,500,2013-03-30 3:46,178.4,187.7,182.8,183.6,192.9,192.8,179.8,180,180.3,180.1,180.3,210.2,200.5,200.5,201.6,210.2,179.8,180,180,38.9,82.3,75,7.8,7.775,34.672,1465,234.8,13.2,211.409,2013-03-30 2:45,,
2013-03-30 3:14,Extruder 1,13-A-221,90310-000065080004,7050,11869,1520,1250,250,2013-03-30 3:14,178.1,188,183,182.3,192.7,193.3,180.2,180.1,180.4,180,180,210.2,200.5,200.6,201.1,210.2,180.2,180,180,38.3,82.3,74.9,7.797,7.771,34.688,1435,234.4,13.3,200.759,2013-03-30 2:45,,
2013-03-30 2:38,Extruder 1,13-A-220,90310-000065080004,7050,11869,1520,1250,1000,2013-03-30 2:38,176.1,186.3,180.9,181.7,191.1,192.4,180,179.2,180,180,180.6,209.7,199.9,199.7,200,210,180,180,180.1,38.5,81.6,74.7,8.003,7.99,33.884,1531,226.3,11.6,192.671,2013-03-30 0:34,,
2013-03-30 1:33,Extruder 1,13-A-220,90310-000065080004,7050,11869,1520,1250,500,2013-03-30 1:33,178.1,188.1,183,183.4,192.9,193.1,180,180,180,180,180.1,210,200.3,200.1,200.6,210.2,180,180,180,39.2,82.2,75.7,8.005,7.974,33.895,1422,229.8,13.5,196.584,2013-03-30 0:34,,
2013-03-30 1:03,Extruder 1,13-A-220,90310-000065080004,7050,11869,1520,1250,250,2013-03-30 1:03,177.2,188,182.8,183.2,192.5,193.1,180.2,180.1,180,179.8,180,210.4,200.6,200.7,200.7,210,180.4,180,180,38.9,82.8,75.4,8.003,7.964,33.882,1401,228.1,11.9,186.575,2013-03-30 0:34,,
2013-03-30 0:28,Extruder 1,13-A-219,90310-000065080004,7050,11869,1520,1250,1000,2013-03-30 0:28,175.9,186.6,181,181.6,191.1,192.4,180.2,178.9,180,179.9,179,209.8,199.8,199,199.4,209.8,179.2,179.8,180,38.2,81.1,75,8.003,7.974,34.082,1481,221.8,13.1,185.769,2013-03-29 22:26,,
2013-03-29 23:21,Extruder 1,13-A-219,90310-000065080004,7050,11869,1520,1250,500,2013-03-29 23:21,178.8,188,185.1,183.6,192.7,192.7,180,179.9,179.7,179.8,179.7,210,199.9,199.9,200.3,210.1,179.4,180,179.8,39.4,82.6,75.8,7.998,7.964,33.998,1396,223.5,11.5,178.463,2013-03-29 22:26,,
2013-03-29 22:50,Extruder 1,13-A-219,90310-000065080004,7050,11869,1520,1250,250,2013-03-29 22:50,177.8,188,181.9,181.4,191.8,192.7,179.8,179.8,179.6,180,180.1,209.8,200.2,200.3,200,209.5,180.1,180,180,39.4,82.5,75.2,7.992,7.974,34.021,1496,225.6,11.9,184.084,2013-03-29 22:26,,
2013-03-29 22:15,Extruder 1,13-A-218,90310-000065080004,7050,11869,1520,1250,1000,2013-03-29 22:15,169.4,183.4,168.6,169,187.8,190.6,180,179.7,180.1,180.1,179.3,209.7,199.8,199.8,200.1,209.9,180.3,179.8,180,38.8,83.5,75.4,7.996,7.98,33.87,1606,222.1,12,184.322,2013-03-29 20:10,,
2013-03-29 21:10,Extruder 1,13-A-218,90310-000065080004,7050,11869,1520,1250,500,2013-03-29 21:10,178.5,188.2,164.2,170.9,192.2,192.9,179.8,180,180,180,180.9,210,200.1,200.2,200.7,210,180,180,180,39.2,84.2,75.2,8.001,7.98,33.986,1497,225.7,13.1,191.2,2013-03-29 20:10,,
2013-03-29 20:40,Extruder 1,13-A-218,90310-000065080004,7050,11869,1520,1250,250,2013-03-29 20:40,177.1,187.8,164.7,169.8,192.3,192.4,180.5,180.1,180,180,180.3,210.4,200.7,200.8,200.9,210.7,179.7,180,180,40.1,84.3,75.3,7.998,7.964,33.998,1490,224.8,12.9,186.172,2013-03-29 20:10,,
2013-03-29 20:02,Extruder 1,13-A-217,90310-000065080004,7050,11869,1520,1250,1000,2013-03-29 20:02,172.5,184.9,159.9,164.4,189.2,190.1,179.5,178.9,179.8,180.1,178.6,209.1,199.2,198.7,198.7,209.5,179.2,179.8,179.9,38.6,83.6,75.4,9.003,8.976,33.879,1616,216.9,12.7,183.61,2013-03-29 17:54,,
2013-03-29 18:53,Extruder 1,13-A-217,90310-000065080004,7050,11869,1520,1250,500,2013-03-29 18:53,178.4,187.8,153.1,183.3,191.7,193.1,180,180,180.1,180,179.7,209.9,200.5,200.2,200.3,209.9,180.2,180,180,39.6,84.2,75.2,8.001,7.98,34.03,1488,225.1,13.9,188.212,2013-03-29 17:54,,
2013-03-29 18:23,Extruder 1,13-A-217,90310-000065080004,7050,11869,1413,1250,250,2013-03-29 18:23,176.2,187.3,149.6,179.7,192,192.9,180.6,180.3,180.1,180,180.4,210.8,201.2,200.9,201.3,210.6,180.3,180,180,39.2,83.9,74.8,8.003,7.96,33.989,1489,224.4,13.6,189.896,2013-03-29 17:54,,
2013-03-29 17:48,Extruder 1,13-A-216,90310-000065080004,7050,11869,1413,1250,1000,2013-03-29 17:48,172.1,184.1,149.2,161.4,189.2,190.1,179.8,178.8,180,179.8,179.6,209.8,198.6,197.8,197.9,209.6,180,179.8,179.7,39.1,83.3,75.9,13.047,13.001,33.654,1643,215.9,13.3,186.765,2013-03-29 15:33,,
2013-03-29 16:35,Extruder 1,13-A-216,90310-000065080004,7050,11869,1413,1250,500,2013-03-29 16:35,177.3,187.7,145.4,183.5,192.6,192.8,179.7,180,180.1,180.1,179.3,209.7,199.9,200.3,200.4,209.6,179.3,180,179.9,39.8,85.3,75.7,7.901,7.869,33.713,1441,223.3,14.4,189.635,2013-03-29 15:33,,
2013-03-29 16:04,Extruder 1,13-A-216,90310-000065080004,7050,11869,1413,1250,250,2013-03-29 16:04,176.5,188.9,143.1,180.8,192.6,192.7,180,180.1,180.2,179.7,180.3,210.4,200.3,200.3,200.7,210.6,179.9,179.9,180,39.4,83.9,74.9,8.001,7.97,33.759,1434,222.5,14.1,186.812,2013-03-29 15:33,,
2013-03-29 15:29,Extruder 1,13-A-215,90310-000065080004,7050,11869,1413,1250,1000,2013-03-29 15:29,167.6,183.5,139.2,170.7,188.9,190.3,180.2,179.2,179.7,179.7,179.6,210,200.2,199.2,199.5,210.2,179.3,180,180.2,38.6,83,75,8.001,7.97,33.396,1495,218.5,13.7,184.772,2013-03-29 11:16,,
2013-03-29 14:23,Extruder 1,13-A-215,90310-000065080004,7050,11869,1413,1250,500,2013-03-29 14:23,177.5,185.6,140,178.3,191.4,191.5,179.8,179.8,179.4,180,179.7,209.2,199.7,199.9,200.8,209.8,179.9,180,179.9,39.7,83.5,74.4,8.001,7.964,33.296,1489,223.3,13.1,200.474,2013-03-29 11:16,,
2013-03-29 13:53,Extruder 1,13-A-215,90310-000065080004,7050,11869,1413,1250,250,2013-03-29 13:53,177,188.1,182.6,183.4,192.8,193.2,180.7,180.5,180.9,179.8,179.8,210,201.2,201.2,201.8,210.4,180.6,180.1,179.8,39.4,84.7,75.4,7.998,7.978,33.121,1462,227.3,11.7,194.805,2013-03-29 11:16,,
2013-03-29 11:04,Extruder 1,13-A-214,90310-000065080004,7050,11869,1413,1250,1000,2013-03-29 11:04,178.4,188,182.9,183.4,192.9,192.9,180,179.7,180.3,180,179.6,210,200,200.1,200.2,209.8,180.5,180.1,180,39.6,84.5,75.2,9.001,8.969,33.692,1338,230.2,12.4,191.176,2013-03-29 9:07,,
2013-03-29 10:02,Extruder 1,13-A-214,90310-000065080004,7050,11869,1413,1250,500,2013-03-29 10:02,178.2,188.1,183.1,183,193,193.1,180.1,180.3,179.8,180,180,210,200.5,200.7,200.7,209.9,180.4,180,179.7,39.4,84.1,72.7,7.903,7.889,33.749,1341,229.7,13.3,187.026,2013-03-29 9:07,,
2013-03-29 9:32,Extruder 1,13-A-214,90310-000065080004,7050,11869,1413,1250,250,2013-03-29 9:32,177.3,187.9,182.6,183.4,192.8,193.5,180.4,180.3,180.2,180.3,180.4,210.6,201.3,201.5,201.1,210.4,180.7,180,180.2,39.5,83.5,72.7,8.001,7.984,34.169,1285,228.8,12.2,182.566,2013-03-29 9:07,,
2013-03-29 8:57,Extruder 1,13-A-213,90310-000065080004,7050,11869,1413,1250,1000,2013-03-29 8:57,175,186.5,181.1,181.2,191.3,191.7,179.5,179.1,180.1,180,178.3,209.3,198.6,197.9,198.4,209.5,179,179.7,179.8,38.3,82.7,72.8,9.499,9.508,34.125,1491,214.4,11.7,169.023,2013-03-29 6:35,,
2013-03-29 7:43,Extruder 1,13-A-213,90310-000065080004,7050,11869,1413,1250,500,2013-03-29 7:43,177.9,187.8,182.9,182.7,192.7,193,180.1,180,179.9,179.9,179.9,210.1,200.1,200,200.4,210,179.5,180,179.9,39.6,83.9,73,7.998,8.008,34.492,1277,227.3,13,181.452,2013-03-29 6:35,,
2013-03-29 7:12,Extruder 1,13-A-213,90310-000065080004,7050,11869,1413,1250,250,2013-03-29 7:12,177.2,188,182.8,182.8,192.5,193,180.2,180.5,180,180.2,180,210.1,200.7,200.5,200.5,210.3,180.6,180,179.8,39,84.1,73,8.003,8,34.683,1309,227.9,11.8,178.368,2013-03-29 6:35,,
2013-03-29 6:28,Extruder 1,13-A-212,90310-000065080004,7050,11869,1731,1250,1000,2013-03-29 6:28,178,188.1,182.9,179.7,192.9,192.8,180,180.1,180.1,179.8,180.4,210.2,200,200,199.8,209.9,180,180,180,39.5,83.4,73.1,7.998,8,34.535,1344,229,13.2,185.223,2013-03-29 4:20,,
2013-03-29 5:28,Extruder 1,13-A-212,90310-000065080004,7050,11869,1731,1250,500,2013-03-29 5:28,178,187.7,182.6,182.4,192.9,193.2,180,180.3,180.1,180.1,180.2,209.9,200.1,200.2,200.6,210.1,179.5,180,180,39.2,83.1,72.7,8.003,8.005,34.759,1298,229.3,11.5,183.112,2013-03-29 4:20,,
2013-03-29 4:57,Extruder 1,13-A-212,90310-000065080004,7050,11869,1731,1250,250,2013-03-29 4:57,177.4,188.2,183,181.8,192.6,193,180.5,180.3,179.9,179.9,180.6,210.1,200.6,200.6,200.8,210.3,179.7,179.9,179.8,38.8,83.1,72.8,8.001,7.998,34.845,1304,228.9,12.2,184.227,2013-03-29 4:20,,
2013-03-29 4:08,Extruder 1,13-A-211,90310-000065080004,7050,11869,1731,1250,1000,2013-03-29 4:08,178.1,188,183.1,182.2,192.8,193,180.1,180.2,180.2,180.1,180,210.2,200,199.9,199.9,209.9,180.2,180,180.1,39.8,82.6,72.7,7.998,8.002,34.941,1303,229.3,12.5,187.69,2013-03-29 1:56,,
2013-03-29 3:07,Extruder 1,13-A-211,90310-000065080004,7050,11869,1731,1250,500,2013-03-29 3:07,177.8,187.9,183.1,183.5,192.9,193.1,180,179.9,180,179.9,181.1,209.9,200.2,200.5,200.6,209.8,179.5,180,180,39.8,81.5,72.7,7.998,7.992,34.774,1247,228.1,12.7,183.278,2013-03-29 1:56,,
2013-03-29 2:37,Extruder 1,13-A-211,90310-000065080004,7050,11869,1731,1250,250,2013-03-29 2:37,177.6,188.1,183,183.5,192.7,193.1,180.6,180.2,180.1,180,180.7,210.6,201.1,200.9,201.2,210.6,180.5,180,180.1,39.6,83.4,72.5,7.998,8.002,35.005,1240,227.6,11.6,184.464,2013-03-29 1:56,,
2013-03-29 1:48,Extruder 1,13-A-210,90310-000065080004,7050,11869,1731,1250,1000,2013-03-29 1:48,178,188,182.9,183.5,193,192.4,179.9,179.8,179.7,179.8,180,210.1,200,199.9,200.3,210.3,180.3,180.1,180,39.7,84.4,73.7,8.003,7.99,35.014,1236,227.9,13.5,180.313,2013-03-28 23:40,,
2013-03-29 0:47,Extruder 1,13-A-210,90310-000065080004,7050,11869,1731,1250,500,2013-03-29 0:47,178,188.2,183.1,183.3,192.9,192.9,180,180,180,180.1,180,210.1,200.2,199.8,200.5,209.6,180.2,180,180,38.9,85.1,73.7,7.998,8.012,34.768,1306,230.3,11.8,184.843,2013-03-28 23:40,,
2013-03-29 0:17,Extruder 1,13-A-210,90310-000065080004,7050,11869,1731,1250,250,2013-03-29 0:17,177.6,187.9,182.9,183.4,192.5,192.8,180.5,180.3,180.3,180,180.3,210.3,200.3,200.4,200.8,210.7,181,180.2,180,39.7,84.2,73.2,7.996,7.992,34.727,1317,229.2,12.3,186.338,2013-03-28 23:40,,
2013-03-28 23:32,Extruder 1,13-A-209,90310-000065080004,7050,11869,1731,1250,1000,2013-03-28 23:32,178.2,188.2,183.1,183,193,192.8,180,180.3,180,180.1,180.5,210.2,200.1,200,200.4,209.8,180.4,180,180,39.5,84.6,73.9,8.003,8.005,34.654,1289,230,12.5,185.294,2013-03-28 20:06,,
2013-03-28 22:31,Extruder 1,13-A-209,90310-000065080004,7050,11869,1731,1250,500,2013-03-28 22:31,178.1,188,183,183.3,192.9,193.2,179.8,180,180.1,180.1,180.2,209.7,199.9,199.5,200.8,209.7,180.1,180,180,40.1,84.7,73.6,8.001,7.992,34.661,1353,229.7,13.3,186.29,2013-03-28 20:06,,
2013-03-28 22:01,Extruder 1,13-A-209,90310-000065080004,7050,11869,1731,1250,250,2013-03-28 22:01,177.6,187.9,182.9,183.9,192.7,192.7,180.7,180.8,180.4,180,180.4,210.3,201.8,201.5,202.2,210.3,180,180,179.8,39.4,85.4,74,7.998,8.002,34.585,1354,228.6,12,184.725,2013-03-28 20:06,,
2013-03-28 19:50,Extruder 1,13-A-208,90310-000065080004,7050,11869,1731,1250,1000,2013-03-28 19:50,178,188.1,183,183.2,193,192.4,180.1,179.7,180.1,180,180.1,209.5,199.8,199.9,199.7,210.2,180.4,180,180,40.2,85.6,74.8,7.901,7.904,34.064,1206,226.3,13.1,177.585,2013-03-28 17:47,,
2013-03-28 18:47,Extruder 1,13-A-208,90310-000065080004,7050,11869,1413,1250,500,2013-03-28 18:47,177.9,188,183,183.2,192.8,193,179.8,179.9,180.2,180.2,180,210,200.2,200.1,200.1,209.7,180.8,180,180.2,40.3,85.9,74.8,7.8,7.811,33.777,1183,225.3,12.4,180.882,2013-03-28 17:47,,
2013-03-28 18:16,Extruder 1,13-A-208,90310-000065080004,7050,11869,1413,1250,250,2013-03-28 18:16,177.2,188,182.6,183,192.5,193.4,180.3,180.3,180.1,180,180,210.5,200.4,200.2,200.3,210.6,180.4,180,180,39.6,85.5,74.2,7.899,7.894,33.995,1183,225.6,11.4,176.233,2013-03-28 17:47,,
2013-03-28 17:42,Extruder 1,13-A-207,90310-000065080004,7050,11869,1413,1250,1000,2013-03-28 17:42,174.6,186.2,180.7,181,191.7,191.5,180,179,179.7,179.9,179.8,209.7,199.7,199.1,199.3,210.3,180.6,180,180.2,39.4,81.9,73.9,8.003,8.002,33.797,1266,221.9,11.8,173.79,2013-03-28 15:39,,
2013-03-28 16:36,Extruder 1,13-A-207,90310-000065080004,7050,11869,1413,1250,500,2013-03-28 16:36,178,188.1,183,183.5,192.8,192.9,179.4,180,180,180.1,180.3,210,200,199.9,199.8,209.9,179.7,180,180,40.2,83.2,75,7.998,8.008,34.002,1243,227.8,12,179.815,2013-03-28 15:39,,
2013-03-28 16:05,Extruder 1,13-A-207,90310-000065080004,7050,11869,1413,1250,250,2013-03-28 16:05,177.5,188,182.7,181,192.5,193,180.3,179.8,180,180,179.8,210,200.5,200.4,200.7,210.2,180.2,180,180.1,39.7,83.1,75,7.996,7.994,34.009,1307,229.5,12.4,185.721,2013-03-28 15:39,,
2013-03-28 15:31,Extruder 1,13-A-206,90310-000065080004,7050,11869,1413,1250,1000,2013-03-28 15:31,174.9,186.5,181,180.6,191.3,192.4,180,178.8,180,180,179.2,209.5,199.5,199,199.5,209.9,179.4,179.8,180.1,39.2,81.8,74.1,8.005,8.012,33.879,1439,224.2,12.7,185.46,2013-03-28 13:23,,
2013-03-28 14:23,Extruder 1,13-A-206,90310-000065080004,7050,11869,1413,1250,500,2013-03-28 14:23,178,187.9,182.7,183,192.9,193,180,180.2,180.4,179.8,180.2,209.9,200.3,200.1,200.1,210.2,179.8,180,180.3,39.9,83.4,74.8,8.001,8.005,34.116,1323,230.6,12.8,187.358,2013-03-28 13:23,,
2013-03-28 13:53,Extruder 1,13-A-206,90310-000065080004,7050,11869,1413,1250,250,2013-03-28 13:53,177.5,188,182.9,183.6,192.4,193.3,180.1,180.3,180,180,180.1,210.4,200.4,200.2,200.4,210.4,180.6,180,180.1,39.6,82.7,74.2,7.998,7.994,34.096,1315,230.1,12.9,187.951,2013-03-28 13:23,,
2013-03-28 13:09,Extruder 1,13-A-205,90310-000065080004,7050,11869,1413,1250,2000,2013-03-28 13:09,178.2,187.8,182.8,183.4,193,192.7,179.9,180,179.7,180,179.8,210,200.2,200,200.1,210.2,179.5,180,180,39.4,82.9,74.4,7.994,7.994,33.998,1306,230,12.5,184.915,2013-03-28 11:08,,
2013-03-28 8:47,Extruder 1,13-A-203,90310-000065080004,7050,11869,1413,1250,1000,2013-03-28 8:47,177.9,188,183,182.6,192.9,193.2,179.9,179.8,179.6,179.8,179.8,210,200.1,200,199.9,210,179.9,180,179.9,39.5,82.8,74.4,10.006,10.041,34.087,1262,228.2,12.7,179.744,2013-03-28 6:41,,
2013-03-28 7:47,Extruder 1,13-A-203,90310-000065080004,7050,11869,1413,1250,500,2013-03-28 7:47,177.9,188,182.7,182.5,192.7,192.9,179.9,180,180.3,180,180.2,210.3,200.5,200,200.2,210,179.8,179.8,180,39.5,82.4,73.3,7.996,7.992,34.034,1301,228.8,12.1,188.828,2013-03-28 6:41,,
2013-03-28 7:16,Extruder 1,13-A-203,90310-000065080004,7050,11869,1413,1250,250,2013-03-28 7:16,177.3,187.8,182.7,183.7,192.6,192.7,180.3,180,180.1,180.2,180.1,210.3,201.1,200.7,200.8,210.1,180.2,180,180.1,39.4,82.6,73.8,8.001,7.988,34.112,1291,228.8,11.6,184.488,2013-03-28 6:41,,
2013-03-28 6:34,Extruder 1,13-A-202,90310-000065080004,7050,11869,1731,1250,1000,2013-03-28 6:34,177.9,188,183,183.4,192.9,192.9,180.1,179.8,180,180,180,211.1,200.5,200.2,200.1,210.2,180.2,180.1,180.3,39.6,82.1,74.3,7.994,8.015,34.262,1301,229.2,12.8,182.495,2013-03-28 4:26,,
2013-03-28 5:33,Extruder 1,13-A-202,90310-000065080004,7050,11869,1731,1250,500,2013-03-28 5:33,177.9,187.8,182.9,180.6,192.8,193.4,180,180.1,180.3,180.1,180,209.8,200.2,200.2,200.1,209.8,180.7,180,180,39.2,82,74.1,8.001,8,34.337,1297,229.6,12.6,181.286,2013-03-28 4:26,,
2013-03-28 5:03,Extruder 1,13-A-202,90310-000065080004,7050,11869,1731,1250,250,2013-03-28 5:03,177.3,188.1,182.7,182.2,192.6,193,180.4,179.7,180,180.1,180.3,210.3,201,200.9,200.8,210.3,179.4,179.9,180,39.5,82.8,74.1,8.001,8.01,34.216,1293,229,11.5,180.527,2013-03-28 4:26,,
2013-03-28 4:18,Extruder 1,13-A-201,90310-000065080004,7050,11869,1731,1250,1000,2013-03-28 4:18,178.1,187.9,183.2,181.6,193.1,192.6,180.4,180.4,179.9,180,179.9,210.1,200.1,200.1,200.1,210.3,180.1,180,180,39.8,82.7,74.2,8.001,7.992,34.2,1284,228.2,12.8,184.464,2013-03-28 2:24,,
2013-03-28 3:18,Extruder 1,13-A-201,90310-000065080004,7050,11869,1731,1250,500,2013-03-28 3:18,178,188.1,183,181.4,192.9,192.9,179.9,180.4,180,180.1,181.5,209.8,199.7,199.9,199.6,209.8,179.8,180.1,180,40.1,82,74.4,8.001,8.002,34.084,1291,228,11.9,181.689,2013-03-28 2:24,,
2013-03-28 2:47,Extruder 1,13-A-201,90310-000065080004,7050,11869,1731,1250,250,2013-03-28 2:47,177.6,187.9,182.9,184.2,192.7,193,180.4,180,180.4,180,180.1,209.4,200.3,200.4,200.4,209.6,180,180.1,179.8,39.7,82,74.4,7.996,8.002,34.087,1303,228.2,11.7,185.484,2013-03-28 2:24,,
2013-03-27 23:45,Extruder 1,13-A-200,90310-000065080004,7050,11869,1731,1250,500,2013-03-27 23:45,177.9,188,182.9,183.6,193,193.6,180.1,180.3,180.3,180,180.1,210,200.3,200.1,200.5,210,180.1,180.2,180,39.3,87.4,76.1,7.992,7.998,34.462,1186,229.2,13.1,185.721,2013-03-27 22:41,,
2013-03-27 23:15,Extruder 1,13-A-200,90310-000065080004,7050,11869,1731,1250,250,2013-03-27 23:15,177.4,188,182.9,183.7,192.6,193,180.2,180.3,180.1,180,180.3,210.5,200.9,200.9,201,210.5,179.8,179.9,180,39.4,87.7,75.9,8.003,8,34.433,1150,228.4,13.5,181.95,2013-03-27 22:41,,
2013-03-27 22:29,Extruder 1,13-A-199,90310-000065080004,7050,11869,1731,1250,1000,2013-03-27 22:29,178.1,188,183,183.6,192.9,192.4,180,180.1,180,180.1,180,209.9,200.1,200.1,199.8,209.7,179.8,180.1,180,39.5,85,76.4,8.001,8.015,34.421,1157,228.4,11.3,184.559,2013-03-27 20:29,,
2013-03-27 21:29,Extruder 1,13-A-199,90310-000065080004,7050,11869,1731,1250,500,2013-03-27 21:29,178,188,183,183.9,192.7,193.5,180.1,179.8,180.2,180.1,180,210.1,200.7,200.4,200.2,209.9,180.4,180,180,40,85.3,76.5,7.998,7.992,34.41,1157,228.9,13,185.342,2013-03-27 20:29,,
2013-03-27 20:59,Extruder 1,13-A-199,90310-000065080004,7050,11869,1731,1250,250,2013-03-27 20:59,177.3,188.1,182.9,181.8,192.5,193.3,180.3,180.4,180.1,179.9,181.2,210.5,201.1,201,201.5,210.7,180,180,180.1,40.1,85.1,76.1,7.998,7.998,34.123,1145,227.7,12.8,181.357,2013-03-27 20:29,,
2013-03-27 20:10,Extruder 1,13-A-198,90310-000065080004,7050,11869,1731,1250,1000,2013-03-27 20:10,178,188,183.1,183.4,193.1,193.2,180,180,180.1,180,179.7,209.9,200.1,200.2,200.1,209.8,180.5,180,180.1,39.4,85.1,76.1,7.998,8.005,34.383,1154,228.7,11.5,184.061,2013-03-27 17:25,,
2013-03-27 19:09,Extruder 1,13-A-198,90310-000065080004,7050,11869,1731,1250,500,2013-03-27 19:09,177.7,188.1,183.1,182.6,193,193,180,180,179.7,179.9,180.3,209.7,200.7,200.1,200.5,209.6,179.9,180,180,40.1,85.2,76.5,7.998,7.988,34.068,1141,227.3,12.8,181.736,2013-03-27 17:25,,
2013-03-27 18:39,Extruder 1,13-A-198,90310-000065080004,7050,11869,1413,1250,250,2013-03-27 18:39,177.1,188.1,182.8,181.8,192.4,193.4,180.7,180.5,180.6,180,180.4,210.4,202.6,201.4,202.5,210.8,180.8,180.1,179.8,39.2,83.2,75.8,7.998,8.028,34.059,1145,227.1,13.4,180.147,2013-03-27 17:25,,
2013-03-27 16:48,Extruder 1,13-A-197,90310-000065080004,7050,11869,1413,1250,1000,2013-03-27 16:48,177.8,188,183.1,183.8,192.8,192.7,180.3,179.7,179.8,180,180,210,199.8,200,200.3,209.7,179.5,180,179.9,38.8,83.4,76,9.499,9.504,34.007,1165,228.8,13.1,182.448,2013-03-27 14:50,,
2013-03-27 15:47,Extruder 1,13-A-197,90310-000065080004,7050,11869,1413,1250,500,2013-03-27 15:47,178,188.1,182.9,181.9,193,193,179.9,180,179.9,180,180.1,209.9,201.1,200.5,200.7,210.1,180.1,180,180,39.5,82.9,75.8,7.996,7.998,33.989,1221,230.7,13.6,188.117,2013-03-27 14:50,,
2013-03-27 15:17,Extruder 1,13-A-197,90310-000065080004,7050,11869,1413,1250,250,2013-03-27 15:17,177.5,188.1,183,183.5,192.6,193.4,180.8,180.3,180.3,180.1,180.6,210.8,201.8,201.4,201.6,210.7,180.1,180,180.2,39.2,82.9,75.6,7.992,8.002,33.918,1221,229.7,12.1,189.516,2013-03-27 14:50,,
2013-03-27 14:26,Extruder 1,13-A-196,90310-000065080004,7050,11869,1413,1250,1000,2013-03-27 14:26,177.9,188,183.2,183.4,193.1,193,180,179.8,179.9,179.7,180.1,210,200,200,200.3,210.3,179.7,180,180,39.2,83.1,75.8,8.998,9.006,33.989,1193,230.4,13.6,185.46,2013-03-27 8:53,,
2013-03-27 13:25,Extruder 1,13-A-196,90310-000065080004,7050,11869,1413,1250,500,2013-03-27 13:25,178.1,187.9,183,182.9,192.9,193.4,180.1,180.1,180,179.8,180.1,209.8,201.1,200.1,200.8,209.7,180,179.9,179.9,38.9,83,75.6,8.005,8.046,33.966,1201,230.8,12.4,184.654,2013-03-27 8:53,,
2013-03-27 12:55,Extruder 1,13-A-196,90310-000065080004,7050,11869,1413,1250,250,2013-03-27 12:55,177.6,188,182.9,183.3,192.7,193,180.3,180.5,180.5,179.9,180.5,211.9,203.4,200.9,202.7,211.9,180,179.8,179.8,39.1,83.4,75.7,7.996,8.043,33.872,1183,229.5,12.7,187.927,2013-03-27 8:53,,
2013-03-27 7:29,Extruder 1,13-A-195,90310-000065080004,7050,11869,1413,1250,1000,2013-03-27 7:29,177.9,188,183,182.7,193,193.3,179.6,180,179.8,179.8,180.3,200.1,199.8,200.1,200.2,200.1,179.4,180,180,39.4,83.3,76,7.998,7.988,34.585,1206,229.3,12.1,184.274,2013-03-27 0:16,,
2013-03-27 6:27,Extruder 1,13-A-195,90310-000065080004,7050,11869,1520,1250,500,2013-03-27 6:27,177.8,188,182.9,181.9,192.8,192.6,180,179.8,179.8,179.9,180,200.1,200.2,200.2,199.8,200,180,180,179.8,34,83.1,75.7,8.001,8.005,34.576,1203,228.9,11.4,187.381,2013-03-27 0:16,,
2013-03-27 5:56,Extruder 1,13-A-195,90310-000065080004,7050,11869,1520,1250,250,2013-03-27 5:56,177.6,187.9,182.7,183.4,192.6,192.6,180.2,180.1,180,180.2,179.7,199.8,200.2,200.2,200.5,200.1,180.3,180.1,180,34.2,83.1,75.5,8.003,8.008,34.622,1222,229.1,12,189.374,2013-03-27 0:16,,
2013-03-27 2:07,Extruder 1,13-A-195,90310-000065080004,7050 0% 065T  800W BK N/T,11869,1520,32000,500,2013-03-27 2:07,178,188,182.8,183,192.7,192.6,180.1,179.8,179.9,179.8,179.4,169.4,166.9,168.8,167.5,169.2,180,180.1,179.6,34.4,70.8,75.6,7.006,6.999,-0.203,-15,200.4,12.2,0,2013-03-27 0:16,,
2013-03-27 1:32,Extruder 1,13-A-195,90310-000065080004,7050 0% 065T  800W BK N/T,11869,1520,32000,250,2013-03-27 1:32,177.7,187.8,182.7,182.6,192.3,191.9,178.8,179.8,179.6,180,180.2,170.7,175.9,179.3,177.4,172.6,179.8,180,179.4,33.3,74.6,75.2,7.003,7.011,-0.185,-15,205.4,12.3,0,2013-03-27 0:16,,
2013-03-27 0:07,Extruder 1,13-A-194,90310-000065100004,7050,11817,1520,1250,1000,2013-03-27 0:07,177.5,188.5,182.9,182.6,192.8,195.3,180.6,179.8,179.8,180,184,207.7,203.2,202.9,203.4,207.7,180.1,180,180,34.5,83.5,76.1,7.65,7.647,25.036,879,235.2,14.9,156.167,2013-03-26 21:59,,
2013-03-26 23:03,Extruder 1,13-A-194,90310-000065100004,7050,11817,1520,1250,500,2013-03-26 23:03,178,187.2,183.5,184,193.1,196.1,180.7,180.3,180.3,179.8,182.9,208.4,203.3,202.4,203.4,208.3,180.2,180,180.1,35,83.3,75.7,7.65,7.652,48.118,1188,246.4,14.5,207.282,2013-03-26 21:59,,
2013-03-26 22:30,Extruder 1,13-A-194,90310-000065100004,7050,11817,1520,1250,250,2013-03-26 22:30,178.1,188.1,182.9,184.4,192.7,196.2,180.3,180.2,180.1,179.7,182.1,208.5,202.4,201.4,202.4,208.7,180.3,180,180,34.4,83,75.4,7.647,7.644,48.107,1134,244.4,14.4,204.768,2013-03-26 21:59,,
2013-03-26 21:53,Extruder 1,13-A-193,90310-000065100004,7050,11817,1520,1250,1000,2013-03-26 21:53,176,187.1,181.9,182.3,191.6,191.1,180.3,178.3,180,179.7,181.9,206.7,201.2,199.9,201.2,207.7,179,179.9,179.7,33.4,82.5,75.3,8.959,8.966,48.08,1280,233,14.5,208.8,2013-03-26 19:38,,
2013-03-26 20:41,Extruder 1,13-A-193,90310-000065100004,7050,11817,1520,1250,500,2013-03-26 20:41,178,188.7,182.9,182.6,193,196.3,180.8,180.1,180.4,180.2,183.2,208,202.8,202.2,203.1,208,180,180,180,33.2,82.1,72.6,7.701,7.707,48.178,1154,245.2,15.3,207.495,2013-03-26 19:38,,
2013-03-26 20:09,Extruder 1,13-A-193,90310-000065100004,7050,11817,1520,1250,250,2013-03-26 20:09,178.2,188.4,183.5,182.7,192.8,196.8,180.5,180.3,180.3,180.2,182.5,208.3,202.4,201.5,202.5,208.6,180,180,180.1,33.8,82.6,73.6,7.647,7.657,48.103,1158,245.2,14.6,207.211,2013-03-26 19:38,,
2013-03-26 19:32,Extruder 1,13-A-192,90310-000065100004,7050,11817,1520,1250,1000,2013-03-26 19:32,176.5,187.5,181.7,180.4,191.7,191.9,180,178.8,179.8,179.9,182.1,205.7,201,200.3,201.2,206.6,179.4,179.7,179.8,32.6,80.9,71.9,8.01,7.998,48.18,1226,237.8,14.3,208.634,2013-03-26 17:07,,
2013-03-26 18:22,Extruder 1,13-A-192,90310-000065100004,7050,11817,1251,1250,500,2013-03-26 18:22,178.2,188.4,182.7,182.3,193.1,195.9,180.7,180.1,180,180,182.6,206.7,202.8,202.1,202.9,207.2,179.9,180,180,33,82.1,72.5,7.698,7.705,48.087,1129,243.8,11.9,201.85,2013-03-26 17:07,,
2013-03-26 17:50,Extruder 1,13-A-192,90310-000065100004,7050,11817,1251,1250,250,2013-03-26 17:50,178.1,187.2,182.7,184.4,192.9,196.8,181,180.3,180.4,180,182,208.1,203,202.2,203.1,208,180.2,179.9,180,33.7,81.9,72.5,7.606,7.594,48.162,1095,244.1,11.8,200.119,2013-03-26 17:07,,
2013-03-26 16:56,Extruder 1,13-A-191,90310-000065100004,7050,11817,1251,1250,1000,2013-03-26 16:56,178,186.5,182.7,181,193,193.6,180.1,180,180,180,182,207.2,201.5,200.5,201.6,207.2,180,180.1,180,33.5,82.3,72.6,7.496,7.493,48.155,1099,242.5,15.8,197.913,2013-03-26 14:38,,
2013-03-26 15:50,Extruder 1,13-A-191,90310-000065100004,7050,11817,1251,1250,500,2013-03-26 15:50,178,188.5,183.3,182.3,192.8,194.6,180.6,179.6,180,179.8,181.2,206.5,202.3,201.5,202,207,180,180,179.9,33.4,82.2,72.6,7.502,7.488,48.137,1052,240.5,15.6,195.066,2013-03-26 14:38,,
2013-03-26 15:18,Extruder 1,13-A-191,90310-000065100004,7050,11817,1251,1250,250,2013-03-26 15:18,178.1,188.1,183.6,183.2,192.8,196.6,180.9,180,180.3,180.1,181.4,207.7,202.8,201.8,202.7,207.8,180.2,180,180,33.1,82,72.5,7.704,7.71,48.128,1106,242.5,14.9,196.822,2013-03-26 14:38,,
2013-03-26 14:27,Extruder 1,13-A-190,90310-000065100004,7050,11817,1251,1250,1000,2013-03-26 14:27,178,188.5,183.7,183.7,192.9,195.4,180.6,179.7,180.3,179.7,182.3,206.8,202.4,201.8,202.2,207.1,179.8,179.9,180,33.5,81.9,72.2,7.698,7.705,48.155,1127,243.1,16.3,203.866,2013-03-26 12:14,,
2013-03-26 13:24,Extruder 1,13-A-190,90310-000065100004,7050,11817,1251,1250,500,2013-03-26 13:24,178,187.7,183.2,184.2,193,196.6,180.7,180,179.8,180,182.2,206.8,203,202.3,202.7,206.9,180.1,180.1,180,33.6,82,72.2,7.701,7.672,48.125,1121,243.9,15.4,206.997,2013-03-26 12:14,,
2013-03-26 12:52,Extruder 1,13-A-190,90310-000065100004,7050,11817,1251,1250,250,2013-03-26 12:52,178.1,187.6,182.5,182.8,193,197.5,180.5,180.2,180.7,180.2,181.3,207.9,202.8,201.8,202.3,207.9,180.3,179.8,180.1,33.4,81.8,72.4,7.691,7.707,48.166,1093,244.4,14,204.649,2013-03-26 12:14,,
2013-03-26 12:01,Extruder 1,13-A-189,90310-000065100004,7050,11817,1251,1250,1000,2013-03-26 12:01,178.1,188.4,182.7,180.8,193,195,180.4,179.9,180.2,179.9,182.3,207.2,201.7,200.8,201.8,207.2,179.3,180,179.8,32.9,82.4,72.8,7.698,7.685,48.164,1127,243.3,15.1,208.112,2013-03-26 10:00,,
2013-03-26 10:57,Extruder 1,13-A-189,90310-000065100004,7050,11817,1251,1250,500,2013-03-26 10:57,178.1,187.8,183.6,184,192.9,194.3,180.4,179.7,180.2,180,181.3,206.6,201.6,200.7,201.8,206.9,179.7,180,179.9,32.9,82.5,73.3,7.6,7.612,48.144,1069,241.9,14.3,201.684,2013-03-26 10:00,,
2013-03-26 10:24,Extruder 1,13-A-189,90310-000065100004,7050,11817,1251,1250,250,2013-03-26 10:24,178.1,188.8,183.3,182.3,192.9,196.4,180.5,180.2,180.4,180.1,181.3,207.7,201.8,200.8,201.6,207.6,180,180.1,180,33.1,81.9,72.1,7.595,7.588,48.118,1091,242.8,13.9,205.645,2013-03-26 10:00,,
2013-03-26 9:39,Extruder 1,13-A-188,90310-000065100004,7050,11817,1251,1250,1000,2013-03-26 9:39,178,188.4,182.9,184.5,193,193.8,180,180,180.1,180.3,182,206.9,201.6,201.1,202.2,207,180.3,180,180,33,82.7,73.4,7.698,7.702,48.144,1086,241.8,14.6,201.921,2013-03-26 7:24,,
2013-03-26 8:34,Extruder 1,13-A-188,90310-000065100004,7050,11817,1251,1250,500,2013-03-26 8:34,178.1,188.5,182.5,183.3,192.8,195.4,180.8,179.7,180.4,179.9,182.5,206.7,202.6,201.9,202.6,207,179.8,180,179.9,33.5,82.5,73.2,7.602,7.594,48.141,1096,243.2,13.9,204.839,2013-03-26 7:24,,
2013-03-26 8:02,Extruder 1,13-A-188,90310-000065100004,7050,11817,1251,1250,250,2013-03-26 8:02,178.1,187.6,182.6,183.3,192.8,196.8,180.9,180.3,180.6,180.1,182.6,207.8,203.1,202,202.8,207.9,180,180.1,180,33.2,82.8,73.6,7.597,7.6,48.132,1091,244.2,12.8,204.673,2013-03-26 7:24,,
2013-03-26 7:03,Extruder 1,13-A-187,90310-000065100004,7050,11817,1251,1250,1000,2013-03-26 7:03,178.4,187.8,183.3,183,193.2,196.6,180.6,180,180,180.1,182.9,207,202.4,201.8,202.6,206.9,180.3,180,180,33.5,82,72.1,7.749,7.745,48.159,1119,244.4,15.2,212.358,2013-03-26 4:57,,
2013-03-26 5:59,Extruder 1,13-A-187,90310-000065100004,7050,11817,1520,1250,500,2013-03-26 5:59,183,190.1,181.9,186.5,195,194.3,180,180.3,180,180.3,180.8,207.1,201.4,200.5,201.6,207,180.1,180,180,34.8,83,75.1,7.542,7.548,48.08,1080,242.8,18.7,206.784,2013-03-26 4:57,,
2013-03-26 5:26,Extruder 1,13-A-187,90310-000065100004,7050,11817,1520,1250,250,2013-03-26 5:26,177,188.1,149.8,180.8,192.9,192.9,180.5,180,180.2,180.3,180.5,207.1,200.9,200.5,201,207.1,180.4,180,180,34.6,83.1,75.3,7.556,7.544,48.075,1073,239.9,19.6,204.934,2013-03-26 4:57,,
2013-03-26 4:51,Extruder 1,13-A-186,90310-000065100004,7050,11817,1520,1250,1000,2013-03-26 4:51,167.9,184.4,147.5,173.7,188.5,190.8,180,178.8,180.1,180.2,180.9,206.1,200.5,199.5,201,207.1,179.6,179.8,179.9,33.9,82.4,75.2,8.005,8.002,48.1,1152,232.9,19.4,204.862,2013-03-26 2:42,,
2013-03-26 3:42,Extruder 1,13-A-186,90310-000065100004,7050,11817,1520,1250,500,2013-03-26 3:42,178.7,187.8,148.4,182.2,193.9,192.8,180.1,180.1,179.7,179.9,181.9,207.1,201.4,200.4,201.6,207,180.5,180,180.1,34.7,83.6,75.7,7.653,7.64,48.15,1079,240.3,20.3,203.676,2013-03-26 2:42,,
2013-03-26 3:10,Extruder 1,13-A-186,90310-000065100004,7050,11817,1520,1250,250,2013-03-26 3:10,176,186,148.9,181.9,192,192.9,180.2,180.2,180,180,181.5,207.4,201.2,200.3,201.3,207.1,180.2,180,179.9,34.6,83.1,75.7,7.648,7.647,48.148,1078,239.8,20.3,203.321,2013-03-26 2:42,,
2013-03-26 2:35,Extruder 1,13-A-185,90310-000065100004,7050,11817,1520,1250,1000,2013-03-26 2:35,169.7,183.8,144.5,175.8,188.2,190.9,179.9,179,179.8,180,181.9,206.7,201.4,200.3,201.5,207.1,179.7,179.8,180,34.4,82.6,75.3,8.005,7.998,48.105,1208,234.9,19.5,213.686,2013-03-26 0:29,,
2013-03-26 1:27,Extruder 1,13-A-185,90310-000065100004,7050,11817,1520,1250,500,2013-03-26 1:27,178.6,188,178.3,182.6,192.5,189.9,180.5,179.9,179.8,180,182.1,206.5,201.5,200.9,202.1,207.2,180.4,179.8,180,34.6,83.4,75.7,7.696,7.71,48.116,1087,241.2,16.5,209.464,2013-03-26 0:29,,
2013-03-26 0:55,Extruder 1,13-A-185,90310-000065100004,7050,11817,1520,1250,250,2013-03-26 0:55,177.5,187.6,182.8,183.3,192.7,195.3,180.6,180,180.3,180.3,181.6,207,201.7,200.9,201.6,207.3,180.2,180,180,34.6,83,75.3,7.647,7.654,48.125,1038,242.2,14.8,203.985,2013-03-26 0:29,,
2013-03-26 0:19,Extruder 1,13-A-184,90310-000065100004,7050,11817,1520,1250,1000,2013-03-26 0:19,175.7,187,181.5,179.8,191.2,192.6,180,178.9,180.1,180,181.1,206.2,200.3,199.2,200.5,207.1,179.9,180,180,33.9,82.3,74.8,8.007,8.008,48.075,1092,233.1,14.8,207.59,2013-03-25 22:14,,
2013-03-25 23:12,Extruder 1,13-A-184,90310-000065100004,7050,11817,1520,1250,500,2013-03-25 23:12,177.9,188.3,183.2,183.1,192.9,193.5,180.3,180.1,179.8,180,182.1,207,201.5,200.9,201.9,207.1,179.3,180,179.9,35.2,83.9,76.5,7.698,7.717,48.134,1032,239.8,14.9,197.249,2013-03-25 22:14,,
2013-03-25 22:40,Extruder 1,13-A-184,90310-000065100004,7050,11817,1520,1250,250,2013-03-25 22:40,177.9,188,182.3,183.8,192.8,195.9,180.2,179.9,180,180.1,181.9,207,202,200.9,201.9,207.4,180.2,180,180,34.7,83.2,75.6,7.65,7.66,48.237,1068,242.4,14.3,203.771,2013-03-25 22:14,,
2013-03-25 22:04,Extruder 1,13-A-183,90310-000065100004,7050,11817,1520,1250,1000,2013-03-25 22:04,175.9,187.5,180.1,182.6,192.3,192.1,180.4,178.9,180.1,180,181.8,206.3,201.2,200.8,201.7,207,180,180,179.9,34.1,82.7,75.4,8.003,8.01,48.109,1130,237.1,14.5,210.626,2013-03-25 19:34,,
2013-03-25 20:56,Extruder 1,13-A-183,90310-000065100004,7050,11817,1520,1250,500,2013-03-25 20:56,178,187.5,182.9,181.5,193,195.6,181,180,180.3,180.1,182.7,206.9,203.2,202.9,203.2,206.7,180.3,180,180,34.6,83.6,76,7.648,7.662,47.608,1101,243.1,14.5,204.957,2013-03-25 19:34,,
2013-03-25 20:24,Extruder 1,13-A-183,90310-000065100004,7050,11817,1520,1250,250,2013-03-25 20:24,178.1,188.7,183.1,183.6,193,197.1,181.4,180.5,180.8,180.2,182.5,208.4,203.8,202.8,203.8,208.7,180.3,180,180.2,34.9,83.6,76.3,7.65,7.642,47.613,1101,244.4,13.5,205.645,2013-03-25 19:34,,
2013-03-25 19:27,Extruder 1,13-A-182,90310-000065100004,7050,11817,1520,1250,1000,2013-03-25 19:27,177.8,188.4,182.6,184.6,193,195.9,181,179.9,180,180.1,183.6,207.1,203,202.6,203,207.2,179.8,180,180,35,83.9,72.8,7.751,7.755,25.002,830,239.4,15.3,172.723,2013-03-25 17:17,,
2013-03-25 18:23,Extruder 1,13-A-182,90310-000065100004,7050,11817,1251,1250,500,2013-03-25 18:23,177.9,187.9,182.5,183.2,193,195.4,180.5,180,180,179.8,182.3,205.3,201.8,201.5,202,204.8,180.3,180,180.1,33.6,82.7,63.2,7.7,7.697,47.592,1102,245.2,15,212.998,2013-03-25 17:17,,
2013-03-25 17:51,Extruder 1,13-A-182,90310-000065100004,7050,11817,1251,1250,250,2013-03-25 17:51,178.1,188.5,182.9,182.3,193,196.6,181,180.1,180.3,180,181.3,205.3,202.1,201.5,202.2,205.9,180.2,180,180.1,33.8,82.3,63.3,7.698,7.697,47.626,1069,243.5,14.4,204.246,2013-03-25 17:17,,
2013-03-25 17:01,Extruder 1,13-A-181,90310-000065100004,7050,11817,1251,1250,1000,2013-03-25 17:01,178,187.5,183.1,184.2,193,194.7,180.2,180.1,180,179.8,182.2,205.3,201.3,201.1,201.2,204.8,180,180.1,180.1,33.5,82.2,63.2,7.7,7.71,47.624,1057,241.9,15.7,198.648,2013-03-25 14:51,,
2013-03-25 15:57,Extruder 1,13-A-181,90310-000065100004,7050,11817,1251,1250,500,2013-03-25 15:57,178,187.8,183.1,183.8,192.9,195.1,180.8,179.8,180,179.7,181.9,204.9,202.3,202.1,202.1,204.8,180,180,179.8,33.2,82.2,67.3,7.7,7.707,47.647,1018,242.1,14.9,200.64,2013-03-25 14:51,,
2013-03-25 15:26,Extruder 1,13-A-181,90310-000065100004,7050,11817,1251,1250,250,2013-03-25 15:26,178.1,188.1,183.5,183.1,193,196.9,181.1,180.4,180.5,180.1,182.3,205.9,203.4,203,203.4,205.7,180.1,180,180.1,33.2,82,70.4,7.704,7.713,47.647,1044,192.3,13.6,202.87,2013-03-25 14:51,,
2013-03-25 13:46,Extruder 1,13-A-180,90310-000065100004,7050,11817,1251,1250,1000,2013-03-25 13:46,178.2,187.8,183.2,181,193,195.5,180.6,180.1,179.9,180,182.7,205,201.8,202,202.1,205.2,180.3,180,180,33.7,82.4,71.2,7.744,7.763,47.688,1075,191.7,14.5,199.597,2013-03-25 9:56,,
2013-03-25 12:43,Extruder 1,13-A-180,90310-000065100004,7050,11817,1251,1250,500,2013-03-25 12:43,177.8,187.9,183.3,184.3,193.1,196.3,181,180,180,180,183.1,204.7,203,203.4,203.1,204.7,180,180,179.8,33,81.9,70.2,7.7,7.692,47.576,1091,192.1,14.1,212.097,2013-03-25 9:56,,
2013-03-25 12:12,Extruder 1,13-A-180,90310-000065100004,7050,11817,1251,1250,250,2013-03-25 12:12,178.6,187.9,183.2,184.4,193.2,196.6,181.1,180.2,180.6,180.2,183,205.2,204.3,204.1,204.1,205.4,180.3,180,179.8,32.9,81.4,69.5,7.698,7.7,47.59,1062,192.4,13.6,206.879,2013-03-25 9:56,,
2013-03-25 10:44,Extruder 1,13-A-180,90310-000065100004,7050,11817,1251,1250,250,2013-03-25 10:44,178.7,186.6,183.5,184.2,193,195.6,180.6,180.2,180.6,179.8,181.2,200,202.1,202.5,201.7,200.5,180.1,180,179.8,33,81.6,69.6,7.698,7.692,44.938,1015,191.5,12,195.802,2013-03-25 9:56,,
2013-03-07 10:43,Extruder 1,13-A-175,90310-000065100004,7050,11250,1251,1250,1000,2013-03-07 10:43,177.9,188.4,182.5,184.2,193,194.1,180.1,180,180,180,182.7,218.1,205.1,202.9,205.1,213,180,180,180,33.6,80.9,74.8,7.653,7.702,46.08,1161,243.8,15.4,193.691,2013-03-07 8:29,,
2013-03-07 9:39,Extruder 1,13-A-175,90310-000065100004,7050,11250,1251,1250,500,2013-03-07 9:39,178.1,188.1,182.7,184.7,192.9,195.3,180.3,180,180.3,179.8,182.2,217.7,205.7,203.2,205.1,213,180.2,180,180,33.7,80.6,74.4,7.604,7.644,46.082,1165,245.1,13.7,200.949,2013-03-07 8:29,,
2013-03-07 9:07,Extruder 1,13-A-175,90310-000065100004,7050,11250,1251,1250,250,2013-03-07 9:07,177.9,187.4,182.7,182.5,192.8,196.3,180.6,180.1,180.6,180.1,181.3,218.5,206.5,204.1,206.4,213.8,180.3,180,180.1,33.7,81.1,74.9,7.602,7.647,46.121,1163,245.2,13.3,198.316,2013-03-07 8:29,,
2013-03-07 8:15,Extruder 1,13-A-174,90310-000065100004,7050,11250,1251,1250,1000,2013-03-07 8:15,177.9,188.1,183.1,182,193,193.1,180,180.2,180,180.1,181.7,217.8,204.9,203.4,205.1,212.8,180,180,180,33.9,80.4,74.3,11.999,12.041,46.039,1117,241.9,14.4,201.589,2013-03-07 5:59,,
2013-03-07 7:11,Extruder 1,13-A-174,90310-000065100004,7050,11250,1520,1250,500,2013-03-07 7:11,178,187.8,182.7,182.8,192.8,193.5,180.1,180,179.7,180,181.4,218,205.1,203.2,205.2,212.7,179.7,180,180,33.9,80.4,74.3,7.6,7.67,46.021,1111,242.2,13.6,194.165,2013-03-07 5:59,,
2013-03-07 6:39,Extruder 1,13-A-174,90310-000065100004,7050,11250,1520,1250,250,2013-03-07 6:39,177.7,188.3,182.7,181,192.6,195.4,180.6,180.1,180.1,180,180.8,218.4,206,203.9,206.1,213.5,180.1,179.8,180,33.8,80.5,74.4,7.6,7.634,46.128,1077,243,13.1,190.512,2013-03-07 5:59,,
2013-03-07 5:54,Extruder 1,13-A-173,90310-000065100004,7050,11250,1520,1250,1000,2013-03-07 5:54,178,188.1,182.6,181.9,192.9,192.6,180,179.7,179.8,180,181.6,217.9,204.8,203,205.1,212.9,179.7,180,180,34.1,79.9,74,7.602,7.632,22.918,812,233.6,13.8,151.233,2013-03-07 3:43,,
2013-03-07 4:51,Extruder 1,13-A-173,90310-000065100004,7050,11250,1520,1250,500,2013-03-07 4:51,177.8,187.9,183,181.4,192.8,194.7,180.4,180,180,179.9,182.2,217.9,205.7,202.8,205.2,212.8,179.7,180,179.9,33.7,80.4,75.2,7.7,7.761,46.077,1175,244.2,13.6,199.62,2013-03-07 3:43,,
2013-03-07 4:19,Extruder 1,13-A-173,90310-000065100004,7050,11250,1520,1250,250,2013-03-07 4:19,177.7,188.4,182.9,183.4,192.8,196.6,180.6,180.3,180.4,180,181.7,218.8,206.7,204.1,206.4,213.8,180.2,180,180.1,33.7,80.4,75.1,7.65,7.707,46.13,1202,246.3,13,199.787,2013-03-07 3:43,,
2013-03-07 3:33,Extruder 1,13-A-172,90310-000065100004,7050,11250,1520,1250,1000,2013-03-07 3:33,178,187.7,182.7,183.3,192.9,195,180.3,179.8,180,180.1,183.4,217.7,205.1,202.8,205.1,212.9,180.1,180,179.9,33.3,80.2,73.7,7.751,7.801,22.923,897,236.7,13.9,163.639,2013-03-07 1:22,,
2013-03-07 2:30,Extruder 1,13-A-172,90310-000065100004,7050,11250,1520,1250,500,2013-03-07 2:30,178,188.5,183.7,183.1,193,195.3,180.4,180.2,180.1,180,182.1,218,205.9,203.1,205,213,180,180,180,33.3,80.3,73.5,7.696,7.755,45.998,1196,244.1,13.8,201.376,2013-03-07 1:22,,
2013-03-07 1:58,Extruder 1,13-A-172,90310-000065100004,7050,11250,1520,1250,250,2013-03-07 1:58,177.8,187.9,183.6,181,192.9,196.7,180.7,180.3,180.4,179.9,181.5,218.7,206,203.7,206.4,214,180.3,180,180.1,33.5,80.1,73.4,7.6,7.65,46.128,1152,244.6,13.6,198.055,2013-03-07 1:22,,
2013-03-07 1:12,Extruder 1,13-A-171,90310-000065100004,7050,11250,1520,1250,1000,2013-03-07 1:12,178.2,188.3,182.6,184.6,192.9,194.1,180,180,179.8,179.8,182.8,217.8,205.1,203,205.1,213.2,180,180,180,33.2,80.6,74.3,7.698,7.753,22.95,870,234.6,14,160.033,2013-03-06 22:55,,
2013-03-07 0:08,Extruder 1,13-A-171,90310-000065100004,7050,11250,1520,1250,500,2013-03-07 0:08,178,187.2,183.1,182.4,193.1,195.5,180.4,180,180.2,180,182.7,218.2,205.9,203,204.7,212.6,179.8,180,179.9,33.7,80.3,73.7,7.622,7.664,45.968,1155,244.1,13.8,198.529,2013-03-06 22:55,,
2013-03-06 23:36,Extruder 1,13-A-171,90310-000065100004,7050,11250,1520,1250,250,2013-03-06 23:36,177.8,188.1,183.3,181.9,192.8,197,180.7,180.5,180.6,180.5,181.9,218.6,206.5,204.6,206.9,213.8,180.3,180,180.1,33.5,80.9,74.5,7.602,7.652,46.207,1142,244.5,13.4,190.275,2013-03-06 22:55,,
2013-03-06 21:45,Extruder 1,13-A-170,90310-000065100004,7050,11250,1520,1250,500,2013-03-06 21:45,178,188.1,182.6,184.5,193,194.3,180.2,179.8,179.9,180,182.6,218.2,205.6,202.7,204.7,212.6,180,180,180,33.7,80.9,74.4,7.602,7.64,45.517,1147,242.5,13.7,194.972,2013-03-06 19:03,,
2013-03-06 21:13,Extruder 1,13-A-170,90310-000065100004,7050,11250,1520,1250,250,2013-03-06 21:13,177.9,187.9,183,184.2,193,196.1,180.9,180.2,180.5,180.2,182.8,217.5,206.6,203.9,205.9,213.2,180,180,179.8,34.1,81,74.5,7.571,7.604,45.583,1172,244.1,13.2,194.9,2013-03-06 19:03,,
2013-03-06 18:54,Extruder 1,13-A-169,90310-000065100004,7050,11250,1251,1250,1000,2013-03-06 18:54,178.2,188.5,182.7,182.2,193,194.3,180.3,180,180,180,182.6,218.1,207.2,203.1,205.3,213.1,180,180,179.9,33.7,81,66.6,8.003,8.056,24.943,821,242.5,15.5,161.267,2013-03-06 16:48,,
2013-03-06 17:52,Extruder 1,13-A-169,90310-000065100004,7050,11250,1251,1250,500,2013-03-06 17:52,177.9,188,182.3,184.5,193,195.2,180.4,180,180.1,180.2,181.9,218,207.4,203.8,205.5,212.5,180,180,180,33.8,81.4,67.4,7.848,7.909,48.057,1148,243.3,15,197.296,2013-03-06 16:48,,
2013-03-06 17:21,Extruder 1,13-A-169,90310-000065100004,7050,11250,1251,1250,250,2013-03-06 17:21,177.6,188.1,183.5,184.3,192.8,196.4,180.5,180.1,180.3,180,180.9,218.1,206.9,204.1,206.1,213.6,180,180,180,33.5,79.7,65.3,7.85,7.907,48.007,1114,243.5,14.2,194.379,2013-03-06 16:48,,
2013-03-06 16:34,Extruder 1,13-A-168,90310-000065100004,7050,11250,1251,1250,1000,2013-03-06 16:34,178,188.3,183.2,183.6,193,194.3,180.3,180,180,180.1,182.5,217.8,207.3,203.4,205.3,213.2,180,180.1,180,33.6,80.2,66.3,11.999,12.038,47.531,1124,242.5,15.6,198.316,2013-03-06 14:28,,
2013-03-06 15:33,Extruder 1,13-A-168,90310-000065100004,7050,11250,1251,1250,500,2013-03-06 15:33,178,188.5,183,182.1,193,196.3,180.9,180,180.3,180,182.3,218.1,208.5,204.6,205.9,212.6,180.6,180,179.8,33.9,81.2,67.4,7.901,7.952,47.547,1152,244.2,14.9,194.307,2013-03-06 14:28,,
2013-03-06 15:02,Extruder 1,13-A-168,90310-000065100004,7050,11250,1251,1250,250,2013-03-06 15:02,177.9,188,183.2,183.5,193,197.3,180.8,180.3,180.4,180,181.4,218.7,207.6,204.7,207.1,214,180.3,180.1,180.1,34.1,80.9,67.2,7.848,7.904,47.615,1171,245.4,14.1,194.141,2013-03-06 14:28,,
2013-03-06 14:10,Extruder 1,13-A-167,90310-000065100004,7050,11250,1251,1250,1000,2013-03-06 14:10,177.7,188.8,183.4,184.4,193.1,195,180.5,180.1,179.9,180,183,218.2,207.4,203.5,205.3,213.3,180,180,180,34.2,80.8,67.2,11.997,12.031,47.599,1170,244.1,15.7,201.21,2013-03-06 12:16,,
2013-03-06 13:09,Extruder 1,13-A-167,90310-000065100004,7050,11250,1251,1250,500,2013-03-06 13:09,177.8,187.8,183.6,182.5,193,196.8,181.2,180,180.3,179.8,183.2,218.2,206.9,203.9,205.8,213.3,180,179.9,180.2,33.6,80.9,66.3,7.998,8.058,47.581,1189,245.3,14.6,197.415,2013-03-06 12:16,,
2013-03-06 12:38,Extruder 1,13-A-167,90310-000065100004,7050,11250,1251,1250,250,2013-03-06 12:38,178.1,186.9,182.7,182.7,192.8,198,180.8,180.3,180.5,180.2,182.3,218.8,207.3,204.7,207.3,213.9,180.2,180,180,33.3,80.7,65.8,7.989,8.056,47.528,1234,247.1,13.8,206.404,2013-03-06 12:16,,
2013-03-06 11:04,Extruder 1,13-A-166,90310-000065100004,7050,11250,1251,1250,1000,2013-03-06 11:04,178.2,187.7,182.6,180.5,193.1,194.8,180.4,180,179.9,179.9,183.2,217.8,205.3,202.8,204.8,212.9,180,179.9,179.9,33.7,80.9,66.7,8.003,8.033,47.556,1176,243.7,15.3,201.091,2013-03-06 9:05,,
2013-03-06 10:03,Extruder 1,13-A-166,90310-000065100004,7050,11250,1251,1250,500,2013-03-06 10:03,177.9,188.5,183.5,184,192.9,196.9,181.3,180,180.6,180,182.5,217.2,207.4,204.6,205.5,212.6,180.3,180,180,34,81,67.3,8.001,8.02,47.893,1173,192.1,14.1,197.533,2013-03-06 9:05,,
2013-03-06 9:32,Extruder 1,13-A-166,90310-000065100004,7050,11250,1251,1250,250,2013-03-06 9:32,177.9,187.8,183.1,182.2,193.2,197.7,181.4,180.7,180.9,180,181.5,218.7,209.2,206.2,208.1,213.5,180.5,180.1,179.9,38.2,83.6,72.6,8.001,8.005,50.144,1156,192.2,12.7,194.426,2013-03-06 9:05,,
2013-03-06 6:58,Extruder 1,13-A-165,90310-000065100004,7050,11250,1251,1250,250,2013-03-06 6:58,178.3,187.3,183,184.4,193.2,197,181.2,180.4,181.2,180.2,182.2,218.5,209.3,206.5,208.4,213.3,180.6,180,180,43.6,83.2,75.1,7.5,7.508,45.879,1164,192.1,12.8,203.178,2013-03-06 5:35,,
2013-03-06 5:20,Extruder 1,13-A-164,90310-000065100004,7050,11250,1413,1250,1000,2013-03-06 5:20,178.2,188.5,182.8,181.7,193,193.2,180,180.2,179.7,179.7,183.1,218,207.4,203.6,205.8,212.8,180,179.9,180,44.4,83.6,76.1,9.501,9.556,46.071,1185,191.1,13,199.312,2013-03-06 3:14,,
2013-03-06 4:17,Extruder 1,13-A-164,90310-000065100004,7050,11250,1413,1250,500,2013-03-06 4:17,178.2,188.3,183.3,182.8,193,194.8,180.4,180,180.2,180,182.4,217.6,207.5,204.3,206,213,179.8,180,179.9,43.6,83.9,76.6,7.7,7.73,46.073,1167,191.5,12.5,201.423,2013-03-06 3:14,,
2013-03-06 3:45,Extruder 1,13-A-164,90310-000065100004,7050,11250,1413,1250,250,2013-03-06 3:45,177.9,187.7,183.1,182.9,192.8,196.2,180.7,180.2,180,180.1,182.3,218.6,207.4,204.3,206.5,213.5,180.2,180,180.1,44,83.7,76.3,7.6,7.616,45.882,1168,191.8,12.5,198.269,2013-03-06 3:14,,
2013-03-06 3:08,Extruder 1,13-A-163,90310-000065100004,7050,11250,1413,1250,1000,2013-03-06 3:08,174.1,186.9,181.9,181.7,191.5,191.3,179.7,178.6,180,180,181.8,217.8,206.5,202.1,204.1,213.1,179.5,179.8,180,43,82,75.2,7.505,7.536,45.902,1324,190.4,12.1,198.126,2013-03-05 22:23,,
2013-03-06 1:58,Extruder 1,13-A-163,90310-000065100004,7050,11250,1413,1250,500,2013-03-06 1:58,178,187.4,182.6,183.2,193,194.6,180.1,180.2,179.8,180.1,182.7,217,207.4,204.6,206.2,212.6,180.6,180,179.7,43.2,83.2,76,7.6,7.63,46.089,1160,191.3,13.7,196.798,2013-03-05 22:23,,
2013-03-06 1:26,Extruder 1,13-A-163,90310-000065100004,7050,11250,1413,1250,250,2013-03-06 1:26,178.2,187.5,183.4,181.7,193,196.2,180.8,180,180.5,179.9,181.4,217.6,208.2,204.9,207.7,213.9,180.6,180,180,43.7,83.3,75.8,7.6,7.644,46.353,1147,191.8,14.1,197.083,2013-03-05 22:23,,
2013-03-05 21:36,Extruder 1,13-A-162,90310-000065060004,7050,11150,1413,1250,1000,2013-03-05 21:36,178,188,182.8,183,192.9,193,179.9,180,179.9,180,180.3,215.3,200.2,200,200,211.8,180.3,180.1,180,43.1,80.6,75.4,9.503,9.546,26.606,1179,189.9,13.8,156.594,2013-03-05 19:54,,
2013-03-05 20:39,Extruder 1,13-A-162,90310-000065060004,7050,11150,1413,1250,500,2013-03-05 20:39,177.9,187.9,183,183,192.8,193.3,180.1,180,180.2,180.2,179.6,214.6,200.1,200.3,200.6,212.1,180,180,180,43.5,80.6,75.7,8.501,8.621,26.913,1181,190.1,14.1,182.851,2013-03-05 19:54,,
2013-03-05 20:10,Extruder 1,13-A-162,90310-000065060004,7050,11150,1413,1250,250,2013-03-05 20:10,177.3,187.9,182.9,183.1,192.5,192.4,180.3,180,180.1,180.1,179.9,215.4,200.7,200.7,200.3,212.1,180.3,180,180,43.8,80.7,75.6,8.501,8.597,27.232,1190,190.1,13.6,178.155,2013-03-05 19:54,,
2013-03-05 19:37,Extruder 1,13-A-161,90310-000065060004,7050,11150,1413,1250,1000,2013-03-05 19:37,174.7,186.2,181.5,181,191.1,191.6,180.2,179.3,180.2,180,179.3,214.6,199.5,198.6,199.3,212.1,179.1,179.8,180.1,43.1,79.7,75.2,10.503,10.636,27.412,1346,189.9,11.6,165.251,2013-03-05 17:46,,
2013-03-05 18:32,Extruder 1,13-A-161,90310-000065060004,7050,11150,1546,1250,500,2013-03-05 18:32,178,188,182.9,182.9,192.8,192.7,180,180,180,179.8,179.6,215.2,200.5,199.9,200.3,212.3,179.3,179.8,179.9,43.2,80.3,75.2,8.601,8.696,27.28,1169,189.8,13.2,178.795,2013-03-05 17:46,,
2013-03-05 18:04,Extruder 1,13-A-161,90310-000065060004,7050,11150,1546,1250,250,2013-03-05 18:04,177.3,187.8,182.8,182.9,192.4,192.7,180.2,180.1,179.8,179.8,179.3,215.2,200.3,200.5,200.5,212,179.9,180,180,43.4,80.5,75.4,8.601,8.698,27.262,1167,189.8,13.5,178.724,2013-03-05 17:46,,
2013-03-05 17:31,Extruder 1,13-A-160,90310-000065060004,7050,11150,1546,1250,1000,2013-03-05 17:31,173.5,186.2,181.3,181.1,191.1,191.6,180,179.3,179.8,180,179.7,214.9,199.5,199.1,199.5,212.1,180.1,180,180,43,79.9,75.4,8.592,8.686,27.203,1286,189.4,11.8,175.83,2013-03-05 15:42,,
2013-03-05 16:29,Extruder 1,13-A-160,90310-000065060004,7050,11150,1546,1250,500,2013-03-05 16:29,178,188,183,182.8,192.8,193.2,180.1,180.1,180.1,180,180.2,215.2,200.1,200.1,199.9,212.1,179.2,180,180,44.4,80.9,76.1,8.603,8.696,27.235,1217,190,13.8,181.309,2013-03-05 15:42,,
2013-03-05 16:01,Extruder 1,13-A-160,90310-000065060004,7050,11150,1546,1250,250,2013-03-05 16:01,177.3,187.9,182.7,183,192.5,193.1,180.3,180,180.2,180.1,180.6,215.2,200.6,200.6,200.4,211.9,179.8,179.9,180,43.8,80.4,75.8,8.598,8.698,27.273,1226,190,12.2,181.546,2013-03-05 15:42,,
2013-03-05 14:36,Extruder 1,13-A-159,90310-000065060004,7050,11150,1546,1250,1000,2013-03-05 14:36,178,187.9,182.9,182.6,193,192.7,179.8,180.2,179.7,179.8,180,215.2,200.2,200.3,200.4,212,180,179.8,180,43.9,80.7,75.7,8.603,8.698,27.107,1217,189.8,13.7,182.732,2013-03-05 13:33,,
2013-03-05 13:46,Extruder 1,13-A-159,90310-000065060004,7050,11150,1546,1250,250,2013-03-05 13:46,178,188,183.1,183,193,192.8,179.8,180,180.2,180.1,179.8,215.2,200.2,200,200,211.9,180.4,180,180,43.8,80.4,75.6,8.497,8.615,27.155,1177,189.6,13.2,181.404,2013-03-05 13:33,,
2013-03-05 13:18,Extruder 1,13-A-158,90310-000065060004,7050,11150,1546,1250,1000,2013-03-05 13:18,178,188,182.9,183,193,193.2,180.3,180.2,179.9,180,179.8,215,200,200.1,200.3,212.1,179.6,180,180.1,44.1,80.5,75.7,8.501,8.603,27.166,1168,190,14.4,176.399,2013-03-05 11:29,,
2013-03-05 12:20,Extruder 1,13-A-158,90310-000065060004,7050,11150,1546,1250,500,2013-03-05 12:20,178,188,183,183,192.8,193.7,180.1,180,180.3,180,179.8,215.1,200.5,200.3,200.3,212,180.4,180,180,43.4,80.7,75.6,8.499,8.618,27.112,1157,189.9,13.7,177.396,2013-03-05 11:29,,
2013-03-05 11:52,Extruder 1,13-A-158,90310-000065060004,7050,11150,1546,1250,250,2013-03-05 11:52,177.5,187.9,182.8,183,192.4,192.4,180.2,180.2,180,180.1,179.8,215.2,200.5,200.5,200.7,212.4,179.8,179.9,180.1,43.2,80.4,75.5,8.499,8.605,27.123,1153,189.8,12.2,175.569,2013-03-05 11:29,,
2013-03-05 11:19,Extruder 1,13-A-157,90310-000065060004,7050,11150,1546,1250,1000,2013-03-05 11:19,174.1,186.2,181.3,181.1,191.1,192.4,180,179.3,180,179.9,180.2,215.2,199.9,199.3,199.6,212.2,180,180,180,43.2,79.5,75,8.503,8.57,26.77,1214,189.4,13.7,179.127,2013-03-05 9:27,,
2013-03-05 10:15,Extruder 1,13-A-157,90310-000065060004,7050,11150,1546,1250,500,2013-03-05 10:15,178,188,183,183,192.8,192.8,180,180,180.3,180,179.8,214.5,200.4,200.3,200.1,211.8,180.2,180.1,179.8,43.6,80.5,75.6,8.497,8.557,27.025,1155,189.6,13.8,172.699,2013-03-05 9:27,,
2013-03-05 9:46,Extruder 1,13-A-157,90310-000065060004,7050,11150,1546,1250,250,2013-03-05 9:46,177.6,188.1,182.9,183.1,192.6,193,180.7,180.6,181.1,180.3,180.1,215.5,201.6,202.2,202.1,212.8,180.7,180.1,180,43.3,80.8,75.5,8.499,8.545,27.162,1143,190.1,12.5,178.819,2013-03-05 9:27,,
2013-03-05 7:51,Extruder 1,13-A-156,90310-000065060004,7050,11150,1546,1250,1000,2013-03-05 7:51,174.6,186,180.6,179.9,190.9,191.6,180,179.7,180.1,180.1,180,214.8,199.9,199.9,199.8,212.1,179.3,180,180.4,43.2,79.7,73.4,6.992,7.057,15.007,931,189.4,12.7,127.158,2013-03-05 5:59,,
2013-03-05 6:48,Extruder 1,13-A-156,90310-000065060004,7050,11150,1413,1250,500,2013-03-05 6:48,178.1,188,183.1,183,193,192.8,180,180,180.3,180.3,180.2,214.5,199.8,200.2,200.1,212,180.2,179.8,180,43.4,80.4,73.8,8.499,8.547,27.018,1118,189.6,13.7,172.865,2013-03-05 5:59,,
2013-03-05 6:19,Extruder 1,13-A-156,90310-000065060004,7050,11150,1413,1250,250,2013-03-05 6:19,178.1,188,183.1,183,193,192.5,180.3,180.2,180.3,180.2,180,215.2,199.9,199.9,199.7,212,180.1,180.1,180.2,43.9,80.3,73.6,8.501,8.567,26.886,1115,225.2,13.3,174.976,2013-03-05 5:59,,
2013-03-05 5:50,Extruder 1,13-A-155,90310-000065060004,7050,11150,1413,1250,1000,2013-03-05 5:50,178.1,188,182.9,182.9,193,192.7,180.3,180,180,179.8,179.7,215.2,200.2,199.9,200,212.2,180.1,180,180,43.4,80.3,73.5,8.499,8.557,26.984,1125,225.3,12.1,171.632,2013-03-05 4:03,,
2013-03-05 4:52,Extruder 1,13-A-155,90310-000065060004,7050,11150,1413,1250,500,2013-03-05 4:52,177.8,188,182.9,183,192.9,192.8,180,180.1,179.9,180.2,180.2,215.1,199.9,199.8,200.2,211.9,179.5,180,180,43.6,80.4,73.7,8.501,8.563,26.927,1143,225.6,13.8,174.502,2013-03-05 4:03,,
2013-03-05 4:23,Extruder 1,13-A-155,90310-000065060004,7050,11150,1413,1250,250,2013-03-05 4:23,177.3,187.9,182.8,183,192.5,192.4,180,180.2,180,179.9,180,215,200.7,200.6,200.4,212.6,180.3,180,180,43.6,80.6,73.8,8.499,8.553,26.884,1153,225.5,13.6,180.527,2013-03-05 4:03,,
2013-03-05 3:51,Extruder 1,13-A-154,90310-000065060004,7050,11150,1413,1250,1000,2013-03-05 3:51,174.4,186.3,181.4,180.9,191.4,191.7,179.8,179.3,180,180,180.1,214.9,199.8,199.1,199.6,212.2,180,179.7,180,43.1,79.8,73.3,8.306,8.368,26.948,1257,220.5,13.3,168.643,2013-03-05 2:03,,
2013-03-05 2:47,Extruder 1,13-A-154,90310-000065060004,7050,11150,1413,1250,500,2013-03-05 2:47,178.1,188,182.9,183,193,193.5,179.6,180.1,180,180,179.3,214.8,199.8,200.2,200.1,212,180.3,180,179.9,44.2,80.5,73.6,8.503,8.553,26.85,1188,189.4,14.2,179.175,2013-03-05 2:03,,
2013-03-05 2:18,Extruder 1,13-A-154,90310-000065060004,7050,11150,1413,1250,250,2013-03-05 2:18,178,188,183,183.1,193.1,193.4,179.7,180.1,180,180.1,180.3,214.9,200.4,200.2,200,211.9,179.2,180,180,43.4,80.6,73.9,8.499,8.537,26.822,1190,189.6,13.8,181.926,2013-03-05 2:03,,
2013-03-05 1:49,Extruder 1,13-A-153,90310-000065060004,7050,11150,1413,1250,1000,2013-03-05 1:49,177.9,188,183,183.1,193,193.2,180.4,180.1,180,180,179.6,214.8,199.9,199.9,200.1,212.1,180.1,180,180.1,43.8,80.5,73.8,8.506,8.535,26.838,1185,190.1,13.1,180.479,2013-03-04 23:57,,
2013-03-05 0:52,Extruder 1,13-A-153,90310-000065060004,7050,11150,1413,1250,500,2013-03-05 0:52,177.9,187.9,183,183.1,192.8,192.7,180,180,180,179.9,179.7,215.3,200.3,200.3,200.5,211.8,179.8,179.9,180.1,43.4,80.4,73.6,8.501,8.553,26.845,1168,189.8,14,175.83,2013-03-04 23:57,,
2013-03-05 0:23,Extruder 1,13-A-153,90310-000065060004,7050,11150,1413,1250,250,2013-03-05 0:23,177.6,187.9,182.7,182.9,192.4,192.7,180.1,180.2,180,180.1,180,215.4,200.4,200.5,200.2,212.1,179.5,180,180.1,43.6,80.4,73.7,8.499,8.547,26.925,1175,189.8,13.7,179.246,2013-03-04 23:57,,
2013-03-04 23:50,Extruder 1,13-A-152,90310-000065060004,7050,11150,1413,1250,1000,2013-03-04 23:50,174.5,186.2,181.1,181,191.2,191.9,179.8,179.5,180,180,179.3,215,199.8,199.3,199.6,212.2,179.2,179.9,180.1,43.1,80.1,73.9,8.301,8.348,26.973,1271,189.3,11.9,171.584,2013-03-04 21:32,,
2013-03-04 22:46,Extruder 1,13-A-152,90310-000065060004,7050,11150,1413,1250,500,2013-03-04 22:46,177.9,188.1,183.1,183.1,192.9,193.4,180.2,180,180,180,180.6,214.9,200.1,200.1,200.3,212.1,180.4,180,179.8,43.1,80.9,73.7,8.395,8.446,26.882,1174,189.9,12.5,178.534,2013-03-04 21:32,,
2013-03-04 22:17,Extruder 1,13-A-152,90310-000065060004,7050,11150,1413,1250,250,2013-03-04 22:17,177.9,188.1,182.9,183,192.8,193.1,180.7,180.3,180.5,179.8,180,215.5,201.5,201.7,200.8,212.2,180.3,180,180,44.1,80.9,73.9,8.399,8.449,27.198,1192,190.3,13.7,177.585,2013-03-04 21:32,,
2013-03-04 21:14,Extruder 1,13-A-151,90310-000065060004,7050,11150,1413,1250,1000,2013-03-04 21:14,177.9,188,183.2,183,193.1,193.1,180,180,180,180.1,180.6,215.1,200.2,200.1,200,215,180,180,180,43.4,80.5,73.9,10.002,10.051,27.157,1224,189.8,12.6,185.128,2013-03-04 19:27,,
2013-03-04 20:17,Extruder 1,13-A-151,90310-000065060004,7050,11150,1413,1250,500,2013-03-04 20:17,178.2,188.1,183.2,183,192.9,192.7,180,180.2,180,179.7,180.2,215.1,200.2,200,200.1,215.3,179.1,179.8,180,43.1,80.4,73.6,8.497,8.553,27.248,1228,189.9,11.8,187.073,2013-03-04 19:27,,
2013-03-04 19:48,Extruder 1,13-A-151,90310-000065060004,7050,11150,1413,1250,250,2013-03-04 19:48,178,188,183,183,193,193,179.9,180,179.9,180.1,179.8,214.8,200.1,199.9,200,215.2,180.3,180,180,43.5,80.5,73.7,8.501,8.539,27.239,1223,189.8,13.6,181.523,2013-03-04 19:27,,
2013-03-04 19:19,Extruder 1,13-A-150,90310-000065060004,7050,11150,1413,1250,1000,2013-03-04 19:19,177.7,188,183,182.9,192.9,193,180,180,179.8,180,180.2,214.8,200,200.1,200.2,214.8,180,180,180,43.3,80.3,73.5,8.499,8.585,27.23,1229,189.9,12.2,185.579,2013-03-04 16:50,,
2013-03-04 18:22,Extruder 1,13-A-150,90310-000065060004,7050,11150,1546,1250,500,2013-03-04 18:22,177.7,188.1,183,183.2,193,192.5,180,180,179.8,180,179.9,214.8,200.1,200.2,200.1,215.1,180.2,180,179.9,43.2,80.3,73.4,8.501,8.611,27.219,1239,189.9,13.3,185.057,2013-03-04 16:50,,
2013-03-04 17:53,Extruder 1,13-A-150,90310-000065060004,7050,11150,1546,1250,250,2013-03-04 17:53,177.8,187.9,182.7,183.1,192.7,193.2,180.4,180.1,180.4,180.1,180.3,214.4,200.3,200.5,200.7,215.5,180.4,180.1,180,43.2,80.4,73.6,8.401,8.495,27.278,1233,190.2,13.6,185.816,2013-03-04 16:50,,
2013-03-04 14:01,Extruder 1,13-A-149,90310-000065060004,7050,11150,1546,1250,1000,2013-03-04 14:01,178,188,182.9,182.8,192.8,193,180,180,179.8,180,179.5,215,200,200,200.7,215.1,180.4,180.1,180,43.5,80.9,73.9,8.403,8.398,30.385,1249,190,12.3,187.619,2013-03-04 4:28,,
2013-03-04 13:02,Extruder 1,13-A-149,90310-000065060004,7050,11150,1546,1250,500,2013-03-04 13:02,178,188.1,183.2,183.2,192.9,193.2,179.6,180,180.1,180.2,180,214.4,200.4,200,200.8,214.7,180.7,180.2,180,43.5,80.7,73.8,8.401,8.404,29.995,1254,189.6,13.5,184.179,2013-03-04 4:28,,
2013-03-04 12:33,Extruder 1,13-A-149,90310-000065060004,7050,11150,1546,1250,250,2013-03-04 12:33,177.7,188,183,183,192.7,193,181,180.5,181,179.8,179.9,216.3,202.6,201.5,202.3,216.4,179.3,180,179.8,44,81,68.8,8.204,8.205,30.009,1237,190.7,14,189.279,2013-03-04 4:28,,
2013-02-25 3:11,Extruder 1,13-A-110,90310-000065070004,7050,10904,1546,1250,1000,2013-02-25 3:11,178,188.5,182.9,183.8,192.9,193,179.9,180,180.1,180,180.6,204.8,202,200.6,202,205.1,180.4,180.1,180,43.8,83.2,75.8,7.901,7.876,34.333,925,234.4,13.8,194.948,2013-02-25 1:21,,
2013-02-25 2:09,Extruder 1,13-A-110,90310-000065070004,7050,10904,1546,1250,500,2013-02-25 2:09,178,188.3,182.7,184.2,192.8,193.3,180,180,180.1,179.7,180,205.2,202.1,201.2,202.4,205,179.3,180,180,43.1,83.4,75.8,7.899,7.876,34.617,952,234.7,12,192.41,2013-02-25 1:21,,
2013-02-25 1:38,Extruder 1,13-A-110,90310-000065070004,7050,10904,1546,1250,250,2013-02-25 1:38,177.7,188.5,183,183.2,192.5,193,180.1,180,179.8,179.8,180.7,205.6,202.4,200.6,202.4,205.1,180.2,179.9,180,43.8,83.4,75.6,7.899,7.881,34.282,941,234.5,11.8,184.298,2013-02-25 1:21,,
2013-02-25 0:57,Extruder 1,13-A-109,90310-000065070004,7050,10904,1546,1250,1000,2013-02-25 0:57,178.1,188.1,183,183.5,193.1,193,180.2,180.1,180,180,179.7,205,202.1,200.8,201.9,204.8,180,180.1,180.1,43.1,83.2,75.7,7.894,7.871,34.428,958,234.8,11.8,191.627,2013-02-24 23:09,,
2013-02-24 23:55,Extruder 1,13-A-109,90310-000065070004,7050,10904,1546,1250,500,2013-02-24 23:55,178,187.7,183.2,181.9,193,193,180,180,180.2,180,180.3,205.1,202.2,200.7,202,205,179.7,180,180,43.8,83.2,75.5,7.899,7.879,33.993,954,234.5,12.7,189.35,2013-02-24 23:09,,
2013-02-24 23:24,Extruder 1,13-A-109,90310-000065070004,7050,10904,1546,1250,250,2013-02-24 23:24,178,187.8,183.2,183.6,193,193.2,180,180,180,180.2,180,204.8,202.1,200.9,202,205,180.2,179.9,180,43.1,83,75.4,7.901,7.889,34,958,234.7,13.3,187.69,2013-02-24 23:09,,
2013-02-24 22:53,Extruder 1,13-A-108,90310-000065070004,7050,10904,1546,1250,1000,2013-02-24 22:53,178.3,188.3,182.5,183.3,193.1,193,180,180.1,180,179.8,179.8,205.3,202.1,200.5,202.1,205.5,180.7,180.1,180.2,43.3,82.9,75.3,7.899,7.876,33.729,979,234.6,13.8,193.05,2013-02-24 20:58,,
2013-02-24 21:50,Extruder 1,13-A-108,90310-000065070004,7050,10904,1546,1250,500,2013-02-24 21:50,178.1,188.4,183.2,183.2,193.1,192.8,179.9,180,180.1,180,180.1,205,202.4,201,202.5,205.2,180.3,180,180,43.8,82.9,74.9,7.901,7.864,32.938,943,233.4,12.8,184.915,2013-02-24 20:58,,
2013-02-24 21:19,Extruder 1,13-A-108,90310-000065070004,7050,10904,1546,1250,250,2013-02-24 21:19,177.8,188,183.1,183,192.7,193.4,180.9,180.3,180.3,180.1,180.3,205.7,203.2,201.3,203.1,205.7,180.1,180,180.3,43.8,82.9,74.9,7.899,7.871,32.467,953,232,13.8,185.769,2013-02-24 20:58,,
2013-02-24 20:27,Extruder 1,13-A-107,90310-000065070004,7050,10904,1546,1250,1000,2013-02-24 20:27,178,188.4,182.9,180.4,192.8,193,179.8,179.8,180,180.1,181.3,204.8,202,200.4,202.2,205.1,179.5,179.9,180,43.7,83.2,75.6,7.899,7.879,33.344,937,233.5,12.9,187.12,2013-02-24 18:29,,
2013-02-24 19:24,Extruder 1,13-A-107,90310-000065070004,7050,10904,1546,1250,500,2013-02-24 19:24,178,188.1,183.1,180.7,192.9,193,180,180,180.2,179.7,180,205,202,200.5,202,205.1,180.6,180,179.9,43.5,82.7,75.4,7.899,7.894,33.141,951,233.6,11.8,187.903,2013-02-24 18:29,,
2013-02-24 18:53,Extruder 1,13-A-107,90310-000065070004,7050,10904,1546,1250,250,2013-02-24 18:53,178.1,188.1,183,183.9,193,193.1,180,180,179.8,180,179.6,205.1,202.2,200.2,201.8,204.8,180,180,179.8,43.1,82.8,75,7.903,7.879,33.189,992,234,12.9,187.168,2013-02-24 18:29,,
2013-02-24 18:22,Extruder 1,13-A-106,90310-000065070004,7050,10904,1413,1250,1000,2013-02-24 18:22,178.1,187.7,183,183.7,193,192.8,179.7,179.8,180,180,180.2,204.7,201.7,200.5,201.9,205.1,180,180,179.9,43.7,82.8,75,7.897,7.876,33.046,997,234.1,13.5,187.239,2013-02-24 16:09,,
2013-02-24 17:20,Extruder 1,13-A-106,90310-000065070004,7050,10904,1413,1250,500,2013-02-24 17:20,178.2,187.8,183.1,182.9,193.1,193.2,179.8,180.1,180.1,180.1,180.8,204.8,202.4,201.3,202.6,204.8,180.1,180,179.9,43.2,82.7,75,7.897,7.871,32.993,983,234.1,12.8,189.824,2013-02-24 16:09,,
2013-02-24 16:48,Extruder 1,13-A-106,90310-000065070004,7050,10904,1413,1250,250,2013-02-24 16:48,177.9,188.2,183,183.6,192.8,193.6,180.8,180.4,180.4,180.2,180.1,205.9,203.9,202.2,203.9,205.9,180,179.9,180.1,42.9,83.1,75.4,7.901,7.897,32.788,953,232.3,13.8,187.571,2013-02-24 16:09,,
2013-02-24 15:47,Extruder 1,13-A-105,90310-000065070004,7050,10904,1413,1250,1000,2013-02-24 15:47,178,187.5,183,183.1,193,192.9,180.3,180.1,180,180.2,180.7,204.8,199.9,200.2,200.1,204.8,180.6,180.1,180,43.6,83.2,75.3,8.503,8.477,33.073,971,233.9,13.8,190.441,2013-02-24 13:47,,
2013-02-24 14:45,Extruder 1,13-A-105,90310-000065070004,7050,10904,1413,1250,500,2013-02-24 14:45,178,188,182.8,183.3,192.9,192.9,179.8,179.8,180,179.6,180.3,205.1,199.9,200.1,200.5,205.1,180.8,180.1,180,43.1,82.9,75.2,7.901,7.874,33.1,966,233.8,11.8,189.658,2013-02-24 13:47,,
2013-02-24 14:13,Extruder 1,13-A-105,90310-000065070004,7050,10904,1413,1250,250,2013-02-24 14:13,178.1,188.1,183.2,183.5,193.1,193.4,180,180,180.2,180,180.1,205.3,200,200,199.9,205,180,180,180.1,43,82.8,74.9,7.899,7.864,33.027,955,233.7,12.8,190.655,2013-02-24 13:47,,
2013-02-24 13:41,Extruder 1,13-A-104,90310-000065070004,7050,10904,1413,1250,1000,2013-02-24 13:41,178.2,187.9,183.2,183.3,193,193,180,180,180,180.1,180.1,205.2,200.1,200.1,200,205.1,179.7,179.9,179.9,42.8,83,75.1,7.8,7.783,32.854,950,233.2,13.3,185.104,2013-02-24 11:14,,
2013-02-24 12:38,Extruder 1,13-A-104,90310-000065070004,7050,10904,1413,1250,500,2013-02-24 12:38,178,188.1,183,182.5,192.9,192.5,179.7,180,180.3,180.1,180.9,204.8,200.1,199.8,200,204.7,180.3,180.1,180,43.3,82.9,74.8,8.098,8.088,32.267,965,189.6,12.5,185.626,2013-02-24 11:14,,
2013-02-24 12:08,Extruder 1,13-A-104,90310-000065070004,7050,10904,1413,1250,250,2013-02-24 12:08,177.6,188.1,182.8,183.1,192.5,192.7,181.3,180.4,181.3,180,179.5,205.6,201.7,201.5,201.6,205.7,180.4,180,180,43.7,82.8,75.1,8.001,7.99,31.804,967,191.1,13.5,186.812,2013-02-24 11:14,,
2013-02-24 10:57,Extruder 1,13-A-103,90310-000065070004,7050,10904,1413,1250,1000,2013-02-24 10:57,178,188,183.1,182.7,193,193.1,180,180,180,180.3,181,205,200.1,199.9,200,205.1,180.7,180,180,43.2,82.8,74.8,9.01,8.989,33.251,952,190.1,11.8,184.962,2013-02-22 22:19,,
2013-02-24 9:55,Extruder 1,13-A-103,90310-000065070004,7050,10904,1413,1250,500,2013-02-24 9:55,178,188,182.9,183.5,193,193,179.8,180.2,180.2,179.8,179.5,204.8,200.1,200.2,200.3,205.1,180.5,180,180.1,43.1,80.3,73,8.007,8.022,32.544,969,189.8,13.5,186.741,2013-02-22 22:19,,
2013-02-24 9:25,Extruder 1,13-A-103,90310-000065070004,7050,10904,1413,1250,250,2013-02-24 9:25,177.8,188,183,182.7,192.7,192.9,180,180,180.8,178.2,183.2,206,201.1,200.7,200.7,205.9,185.3,179.8,180.2,42.6,80.3,72.9,8.098,8.151,32.073,1040,190.4,13.7,191.746,2013-02-22 22:19,,
2013-02-22 22:03,Extruder 1,13-A-102,90310-000065070004,7050,10904,1520,1250,1000,2013-02-22 22:03,178.2,188.2,182.8,181.5,193.1,193.3,180.1,180,179.8,180.3,180,205.1,200.2,200,199.9,205.1,180.4,180.1,180.1,43.4,80.9,73.3,8.601,8.638,14.948,751,190.3,12,146.584,2013-02-22 20:14,,
2013-02-22 21:06,Extruder 1,13-A-102,90310-000065070004,7050,10904,1520,1250,500,2013-02-22 21:06,178,188.1,183.1,182.8,193.1,193,179.8,180.1,179.8,180,180.1,205.1,199.8,199.8,199.7,205,179.8,180.1,179.9,43.3,80.6,73.4,8.598,8.648,34.378,1159,190.2,12.3,189.113,2013-02-22 20:14,,
2013-02-22 20:37,Extruder 1,13-A-102,90310-000065070004,7050,10904,1520,1250,250,2013-02-22 20:37,177.9,187.7,182.9,181.3,193.1,193,180.2,180,180.3,179.8,180,204.7,200,200.5,200.1,205.2,180,180,180,43.1,80.6,73.2,8.55,8.603,34.323,1160,190.5,11.8,193.714,2013-02-22 20:14,,
2013-02-22 20:08,Extruder 1,13-A-101,90310-000065070004,7050,10904,1520,1250,1000,2013-02-22 20:08,178,187.6,183,181.7,193,193.2,180,180.1,179.9,180,180.2,204.5,199.8,199.7,199.6,204.7,180.2,180,179.7,43.5,80.6,73.2,8.501,8.553,34.253,1157,190.4,12.2,194.853,2013-02-22 17:25,,
2013-02-22 19:11,Extruder 1,13-A-101,90310-000065070004,7050,10904,1520,1250,500,2013-02-22 19:11,177.7,188,183.1,183.2,192.9,193.4,180,180.3,180.4,180.1,180,204.7,200.2,200.3,200.4,204.7,179.8,180,180,43.5,80.8,73.4,8.499,8.557,34.175,1116,190.3,13,193.003,2013-02-22 17:25,,
2013-02-22 18:42,Extruder 1,13-A-101,90310-000065070004,7050,10904,1520,1250,250,2013-02-22 18:42,177,188.6,182.9,183.6,192.5,193.3,181.3,180.5,180.9,180.4,181.2,205.7,202.5,202.8,202.9,206.1,180.3,180,180.1,43.1,80.5,73.4,8.499,8.557,34.173,1141,191.1,13.6,193.833,2013-02-22 17:25,,
2013-02-22 16:19,Extruder 1,13-A-100,90310-000065070004,7050,10904,1520,1250,500,2013-02-22 16:19,177.9,187.7,183,182.6,192.9,192.8,180,179.8,180.1,179.9,180.5,205.3,199.9,200,200,205,180.8,180.1,180.1,43.8,80.4,72,8.499,8.567,34.153,1123,190.4,13.8,195.849,2013-02-22 15:17,,
2013-02-22 15:50,Extruder 1,13-A-100,90310-000065070004,7050,10904,1520,1250,250,2013-02-22 15:50,178.4,187.9,183,183.6,193,193.6,180,180,180.2,180.3,180,204.9,200,199.9,199.6,204.7,179.7,179.9,180,43.1,80.5,72.1,8.499,8.545,34.187,1102,190.5,14.1,192.054,2013-02-22 15:17,,
2013-02-22 15:14,Extruder 1,13-A-100,90310-000065070004,7050,10904,1520,1250,1000,2013-02-22 15:14,177.8,188.1,182.9,182.8,193.1,192.9,179.9,180,179.8,179.7,179.7,205.1,200.2,200.4,199.9,205.3,180.1,180,180,42.9,80.3,72.3,8.501,8.547,34.246,1089,190.4,14,189.848,2013-02-22 15:17,,
2013-02-22 14:16,Extruder 1,13-A-99,90310-000065070004,7050,10904,1546,1250,500,2013-02-22 14:16,178,187.9,183,182.2,192.8,192.9,180,180.2,180.2,180.2,180.9,204.8,199.9,199.9,200.3,205.1,180.6,180,180,43.9,80.6,72.1,8.501,8.547,34.446,1087,190.4,14.1,188.899,2013-02-22 13:27,,
2013-02-22 13:47,Extruder 1,13-A-99,90310-000065070004,7050,10904,1546,1250,250,2013-02-22 13:47,177.3,188.4,182.9,183.4,192.6,193.4,180.1,180.2,180,180,179.7,205.2,200.5,200.3,200.5,205.2,179.9,179.9,180,43.1,80.3,72,8.497,8.543,34.431,1060,190.4,12.3,188.733,2013-02-22 13:27,,
2013-02-22 13:15,Extruder 1,13-A-98,90310-000065070004,7050,10904,1546,1250,1000,2013-02-22 13:15,174.3,186.4,181.7,181.6,191.2,192.1,179.9,179.2,179.8,180,180,204.7,199.5,199.1,199.6,205.1,180.4,180,179.9,42.9,80,71.8,8.499,8.553,32.059,1052,189.8,11.8,180.432,2013-02-22 11:30,,
2013-02-22 12:13,Extruder 1,13-A-98,90310-000065070004,7050,10904,1546,1250,500,2013-02-22 12:13,178.2,188,182.9,183,193,193,180,180.2,179.9,179.8,179.9,205.1,199.7,199.7,200,205.2,179.8,180,179.9,42.8,80.5,72,8.503,8.563,34.364,1003,190.1,12.2,176.85,2013-02-22 11:30,,
2013-02-22 11:44,Extruder 1,13-A-98,90310-000065070004,7050,10904,1546,1250,250,2013-02-22 11:44,178.1,188.4,183.1,184,192.9,193,180,180,180.1,180,180,205.2,200,200,200,204.7,179.4,179.8,180,43.9,80.8,71.9,8.499,8.539,34.251,1069,232.2,12.8,181.641,2013-02-22 11:30,,
2013-02-22 10:31,Extruder 1,13-A-97,90310-000065070004,7050,10904,1546,1250,1000,2013-02-22 10:31,178.1,188.1,183,183.6,193,193.4,180,180.2,180.3,179.8,179.6,204.7,200.3,200.3,199.9,204.5,180,180,180,43.2,80.3,71.9,8.499,8.547,34.198,1108,233.7,11.9,189.611,2013-02-22 9:41,,
2013-02-22 9:54,Extruder 1,13-A-97,90310-000065070004,7050,10904,1546,1250,250,2013-02-22 9:54,177.4,187.7,182.9,182.5,192.7,193.1,180,180.2,180.3,180.1,180,205.5,200.8,200.4,200.5,205.3,180.2,180.1,180.1,42.7,80.4,71.7,8.499,8.559,34.077,1088,232.2,12,180.906,2013-02-22 9:41,,
2013-02-22 9:17,Extruder 1,13-A-96,90310-000065070004,7050,10904,1546,1250,1000,2013-02-22 9:17,173.7,186.2,181,181.3,191.1,191.7,179.9,179.2,180,180,179.3,204.5,200.2,199.5,199.3,205.4,179.6,179.9,180.2,42.5,79.3,71.4,8.211,8.237,19.957,908,223.8,13.1,143.311,2013-02-22 7:27,,
2013-02-22 8:14,Extruder 1,13-A-96,90310-000065070004,7050,10904,1546,1250,500,2013-02-22 8:14,178.3,188,183,183.3,193.2,192.5,180,180.2,180,180,180.2,205,199.9,199.9,200.2,205.3,180.4,180,179.9,43.2,79.9,71.5,8.499,8.537,34.032,1078,231.2,14.3,181.309,2013-02-22 7:27,,
2013-02-22 7:45,Extruder 1,13-A-96,90310-000065070004,7050,10904,1546,1250,250,2013-02-22 7:45,178,188,183,183,193,192.9,180,180,179.8,180.1,179.7,205,199.9,200.2,200.2,205.1,180,180,180.1,42.8,80.1,71.8,8.197,8.237,32.763,1064,230.2,12.4,182.448,2013-02-22 7:27,,
2013-02-22 7:15,Extruder 1,13-A-95,90310-000065070004,7050,10904,1546,1250,1000,2013-02-22 7:15,178,188,183,182.6,192.9,193,180,180,180,180.1,179.6,205.1,199.9,200,199.9,205.1,180,180,180,42.9,79.9,71.9,8.202,8.245,32.729,1065,230.2,13.3,190.299,2013-02-22 5:21,,
2013-02-22 6:16,Extruder 1,13-A-95,90310-000065070004,7050,10904,1413,1250,500,2013-02-22 6:16,177.8,188,183,182.8,192.8,192.4,180.3,180.2,180.3,179.9,180,205.2,200.3,200.1,200.1,205.1,179.8,180,179.9,42.6,80.5,71.6,8.202,8.242,32.645,1057,230.8,13.2,188.757,2013-02-22 5:21,,
2013-02-22 5:46,Extruder 1,13-A-95,90310-000065070004,7050,10904,1413,1250,250,2013-02-22 5:46,177.3,187.9,182.7,183.2,192.5,193,179.9,180.1,180,180.1,180.4,205.4,200.8,200.7,200.8,205.7,180.5,180,180,43.1,80.3,71.7,8.197,8.242,32.697,1103,230.8,12.8,184.749,2013-02-22 5:21,,
2013-02-22 5:11,Extruder 1,13-A-94,90310-000065070004,7050,10904,1413,1250,1000,2013-02-22 5:11,173.5,186.3,181.6,181,191.4,191.5,179.6,179,180,179.9,178.9,204.2,198.9,198.6,198.9,205,179.5,179.8,179.7,42.5,79.6,71.5,8.001,8.053,32.055,1228,189.4,13.6,182.946,2013-02-22 3:14,,
2013-02-22 4:02,Extruder 1,13-A-94,90310-000065070004,7050,10904,1413,1250,500,2013-02-22 4:02,178,187.5,183,183.2,193.1,192.7,180,180,179.8,180.1,180.9,205.1,199.9,200,199.9,204.7,180,179.9,180,42.9,80.1,71.3,7.998,8.036,32.162,1105,231.1,12.5,195.446,2013-02-22 3:14,,
2013-02-22 3:31,Extruder 1,13-A-94,90310-000065070004,7050,10904,1413,1250,250,2013-02-22 3:31,178,187.8,182.9,182.8,193.1,193.1,180,180,180,179.7,179.7,204.9,200,200.1,200.1,204.9,181.1,180,180.2,42.8,79.9,71.3,8.003,8.046,32.171,1107,231.3,12.8,194.9,2013-02-22 3:14,,
2013-02-22 2:26,Extruder 1,13-A-93,90310-000065070004,7050,10904,1413,1250,1000,2013-02-22 2:26,178,188.1,183,183.2,193,192.9,179.9,180.2,180,180,180.5,204.8,200,199.7,200.1,205.3,180.6,180,179.8,43.2,80.2,72,8.001,8.04,32.323,1096,231.4,13.2,186.029,2013-02-22 1:01,,
2013-02-22 1:29,Extruder 1,13-A-93,90310-000065070004,7050,10904,1413,1250,250,2013-02-22 1:29,177.2,188,182.7,183.1,192.5,193,179.7,180.1,180.1,180,180.2,205.1,200.3,200.4,200.5,205.1,180.4,180.1,180,43.1,80.1,71.7,7.998,8.048,32.415,1055,229.6,12.5,193.643,2013-02-22 1:01,,
2013-02-22 0:55,Extruder 1,13-A-92,90310-000065070004,7050,10904,1413,1250,1000,2013-02-22 0:55,173.9,186.1,181,180,190.8,192.3,180,179.5,180,180.1,180.2,204.6,199.9,199.5,199.6,205.3,180.4,180,180.2,43.1,79.7,71.3,8.001,8.063,32.244,1041,223.8,13.7,169.639,2013-02-21 22:56,,
2013-02-21 23:50,Extruder 1,13-A-92,90310-000065070004,7050,10904,1413,1250,500,2013-02-21 23:50,177.9,188,183,183,193,192.7,180,180,180,179.8,180.3,205.1,199.9,199.8,199.8,205.1,180.2,180.1,180,43.1,80.2,71.6,8.098,8.137,32.38,983,227.1,13.4,180.598,2013-02-21 22:56,,
2013-02-21 23:20,Extruder 1,13-A-92,90310-000065070004,7050,10904,1413,1250,250,2013-02-21 23:20,178,187.9,183,183.2,192.9,192.7,180,179.8,179.9,180,179.7,205.1,199.9,199.8,200,204.7,180.6,180.1,180.1,43.4,79.9,71.7,8.107,8.147,32.339,1012,228.5,14.1,181.452,2013-02-21 22:56,,
2013-02-21 22:49,Extruder 1,13-A-91,90310-000065070004,7050,10904,1520,1250,1000,2013-02-21 22:49,178,187.9,183,182.7,193,193,180,180,179.8,179.7,180.6,204.8,200,200.3,200,205.1,180.4,180,180,43.1,80.1,71.8,8.1,8.139,32.251,1046,229.6,12,187.215,2013-02-21 20:52,,
2013-02-21 21:49,Extruder 1,13-A-91,90310-000065070004,7050,10904,1520,1250,500,2013-02-21 21:49,178,187.9,183,183,192.9,193.1,179.8,180.2,180.3,180,180.7,205.1,200.1,200.2,200.2,205.1,180.7,180,180,42.9,80.1,71.9,8.052,8.093,32.278,1081,230.7,14,188.425,2013-02-21 20:52,,
2013-02-21 21:18,Extruder 1,13-A-91,90310-000065070004,7050,10904,1520,1250,250,2013-02-21 21:18,177.4,188.1,182.8,182.9,192.5,193.4,180.4,180.1,180,180.1,180.6,205.4,200.6,200.4,200.4,205,180.1,180,180,43.1,80.2,71.9,8.001,8.053,32.055,1055,229.5,13.2,188.544,2013-02-21 20:52,,
2013-02-21 20:45,Extruder 1,13-A-90,90310-000065070004,7050,10904,1520,1250,1000,2013-02-21 20:45,173.8,186.3,181.3,181.3,192.2,192.1,179.9,179.3,180.2,180,179.2,204.8,199.9,199.3,199.4,205.1,179.5,179.8,180,42.7,79.8,71.6,8.001,8.071,32.057,1077,225.8,13.7,177.704,2013-02-21 18:44,,
2013-02-21 19:39,Extruder 1,13-A-90,90310-000065070004,7050,10904,1520,1250,500,2013-02-21 19:39,178,188,182.9,182.8,193,192.7,180,180,180,180,180.4,205.3,199.9,199.9,200.3,205.4,179.6,180,180,42.8,80.4,71.9,8.001,8.043,32.05,1024,228.6,12.8,181.286,2013-02-21 18:44,,
2013-02-21 19:08,Extruder 1,13-A-90,90310-000065070004,7050,10904,1520,1250,250,2013-02-21 19:08,178.2,188,183.1,182.9,193,193.5,180,180,180,180,180.2,204.8,199.9,200.1,200.3,205.1,179.6,180,180,43.2,80.3,71.9,7.996,8.056,32.052,1027,228.6,13.8,186.172,2013-02-21 18:44,,
2013-02-21 18:37,Extruder 1,13-A-89,90310-000065070004,7050,10904,1520,1250,1000,2013-02-21 18:37,178.2,188,183.1,182.7,192.9,193.2,180,180,180,180.2,179.7,205.2,200,199.9,200,205.2,180.6,180.1,180.1,43.5,80.4,72.5,8.003,8.036,32.032,1009,228.4,14.3,180.408,2013-02-21 16:38,,
2013-02-21 17:36,Extruder 1,13-A-89,90310-000065070004,7050,10904,1520,1250,500,2013-02-21 17:36,177.9,187.9,183,183.2,192.8,192.6,180.1,180.1,180.1,180.1,179.5,205.3,200.3,200,200,205.1,180.2,180,180,44,80.6,72,7.998,8.071,31.975,1037,229.3,13.2,187.429,2013-02-21 16:38,,
2013-02-21 17:05,Extruder 1,13-A-89,90310-000065070004,7050,10904,1520,1250,250,2013-02-21 17:05,177.4,187.9,182.7,182.6,192.4,193,180.1,180.1,180,179.8,179.8,205.2,200.3,200.2,200.4,205.2,180.8,180,180.1,43.8,80.8,72.7,8.007,8.053,32.066,1049,229.6,13.8,188.686,2013-02-21 16:38,,
2013-02-21 14:21,Extruder 1,13-A-87,90310-000065070004,7050,10904,1546,1250,1000,2013-02-21 14:21,174.3,186.4,181.3,179.2,191.1,192.5,180,179.3,180.2,180,179.4,204.9,199.8,199.5,199.6,205.5,179.7,180,180,42.4,79.6,71.5,7.996,8.05,32.062,1165,222.7,12.8,182.827,2013-02-21 12:22,,
2013-02-21 13:15,Extruder 1,13-A-87,90310-000065070004,7050,10904,1546,1250,500,2013-02-21 13:15,178.1,188,183,183.2,192.9,193.2,180.3,180.1,180,179.8,180.2,204.8,200.1,200,200.1,205.2,180.3,180,180,42.7,80.2,71.8,8.005,8.053,32.048,1001,228.2,13.1,185.009,2013-02-21 12:22,,
2013-02-21 12:44,Extruder 1,13-A-87,90310-000065070004,7050,10904,1546,1250,250,2013-02-21 12:44,177.9,188,183.1,182.9,193,193,180,180,180.1,180.2,180.3,205.1,199.9,200.1,200.2,205.1,179.8,180,179.9,43.6,80.9,72.4,7.996,8.058,32.046,991,227.8,14.1,182.495,2013-02-21 12:22,,
2013-02-21 6:59,Extruder 1,13-A-85,90310-000065070004,7050,10904,1413,1250,1000,2013-02-21 6:59,178,187.9,182.9,183,192.9,192.7,179.9,180,179.9,180,180.1,204.8,199.8,199.9,199.9,204.8,179.9,180,180.1,43.2,80,71.3,8.001,8.04,32.524,886,228.3,14.9,184.298,2013-02-21 4:58,,
2013-02-21 5:58,Extruder 1,13-A-85,90310-000065070004,7050,10904,1413,1250,500,2013-02-21 5:58,178,187.7,182.9,183.6,192.9,193,180,180,180,180,180.3,205.4,200.5,200.6,200.3,205.2,179.9,180,180,42.5,80.2,71.3,7.998,8.048,32.631,947,230.7,13.7,191.461,2013-02-21 4:58,,
2013-02-21 5:27,Extruder 1,13-A-85,90310-000065070004,7050,10904,1413,1250,250,2013-02-21 5:27,177.5,188,182.9,183.4,192.5,192.9,180.5,180,180,180,180,205.1,200.4,200.6,200.9,205.4,179.8,179.8,180,42.6,80.3,71.1,8.001,8.056,32.699,916,229.2,13,189.279,2013-02-21 4:58,,
2013-02-21 4:51,Extruder 1,13-A-84,90310-000065070004,7050,10904,1413,1250,1000,2013-02-21 4:51,174.1,186.6,181.7,180.4,191.1,191.8,179.8,178.8,179.9,180,179.1,204.6,199.4,198.7,198.8,205.1,180.1,179.8,180,42.4,78.8,71,7.806,7.836,31.938,1006,225.5,12.3,182.685,2013-02-21 2:56,,
2013-02-21 3:43,Extruder 1,13-A-84,90310-000065070004,7050,10904,1413,1250,500,2013-02-21 3:43,178,188.1,183.1,182.4,193,193,180,180.1,179.6,180,180.3,204.7,200.2,200.3,200.1,205.1,180.7,180.2,180,43.1,80.2,71.1,8.003,8.048,32.608,890,229,13.8,191.295,2013-02-21 2:56,,
2013-02-21 3:12,Extruder 1,13-A-84,90310-000065070004,7050,10904,1413,1250,250,2013-02-21 3:12,178,187.8,182.9,182.7,192.9,192.9,179.9,180,180.2,180.1,180.4,204.8,199.9,200,200.1,205,180.9,180.1,180,42.6,80.1,70.9,8.001,8.04,32.617,879,228.5,13.4,183.42,2013-02-21 2:56,,
2013-02-21 2:42,Extruder 1,13-A-83,90310-000065070004,7050,10904,1413,1250,1000,2013-02-21 2:42,178.1,188.1,183,182.5,192.9,192.7,180,180,180,180,180.1,205,199.7,200.1,200.2,204.9,180.2,180,180.1,43.3,80.1,71.1,7.998,8.066,32.759,876,228.7,13.2,182.898,2013-02-21 0:43,,
2013-02-21 1:40,Extruder 1,13-A-83,90310-000065070004,7050,10904,1413,1250,500,2013-02-21 1:40,178,188,182.9,182.8,192.9,193,180.2,180,180.3,180.1,179.6,205,200.2,199.9,200.2,205.1,180.4,180,180,42.5,79.9,70.8,8.003,8.053,32.683,870,228,12.8,181.618,2013-02-21 0:43,,
2013-02-21 1:10,Extruder 1,13-A-83,90310-000065070004,7050,10904,1413,1250,250,2013-02-21 1:10,177.3,188,182.9,183.4,192.4,192.7,180.2,180.1,180.1,179.8,180,205.3,200.5,200.6,200.4,205.5,179.6,180,180,43,80.3,71.2,8.001,8.058,32.754,865,227.8,12.4,177.087,2013-02-21 0:43,,
2013-02-21 0:36,Extruder 1,13-A-82,90310-000065070004,7050,10904,1413,1250,1000,2013-02-21 0:36,173.9,186.5,181.7,181.1,191.2,191.9,180.1,179.1,180,180.3,180.6,204.8,199.4,198.5,198.6,205,180.6,179.9,180,42.4,78.3,70.7,8.003,8.058,32.572,982,223.6,12.9,187.168,2013-02-20 22:30,,
2013-02-20 23:28,Extruder 1,13-A-82,90310-000065070004,7050,10904,1413,1250,500,2013-02-20 23:28,177.9,188.5,183,183,192.9,193.2,180,180,179.8,180.1,180,205,200.2,200,200.1,205,179.8,180,180.1,42.9,79.9,70.9,8.003,8.048,32.724,915,229.7,12.3,187.713,2013-02-20 22:30,,
2013-02-20 22:57,Extruder 1,13-A-82,90310-000065070004,7050,10904,1413,1250,250,2013-02-20 22:57,177.4,187.9,182.9,182.7,192.6,192.7,180.1,180.2,180.3,180,180.4,205.2,200.4,200.4,200.4,205.2,179.2,180,180,42.9,80.4,71.7,8.003,8.036,32.718,917,229.7,14.3,175.759,2013-02-20 22:30,,
2013-02-20 22:23,Extruder 1,13-A-81,90310-000065070004,7050,10904,1520,1250,1000,2013-02-20 22:23,174.1,186.5,181.3,180.9,190.9,192.3,180,179.5,180,180.2,179.7,204.4,199.7,199,199.5,204.8,179.7,180,180,42.1,79.4,71.2,7.996,8.043,32.747,919,228.2,13.8,183.088,2013-02-20 20:24,,
2013-02-20 21:18,Extruder 1,13-A-81,90310-000065070004,7050,10904,1520,1250,500,2013-02-20 21:18,178.1,187.8,183,182.9,193.1,192.8,179.8,180.2,180,180.1,180.5,205,200.2,200.1,200.1,205.1,180.1,179.9,180,43,80.6,71.9,8.049,8.093,32.77,921,229.6,14.2,186.978,2013-02-20 20:24,,
2013-02-20 20:48,Extruder 1,13-A-81,90310-000065070004,7050,10904,1520,1250,250,2013-02-20 20:48,178,188,183,183.1,193,193.3,180,180.1,180.3,180.2,180,205,200,199.9,199.8,205,179.8,180,180,42.8,80.5,71.6,8.052,8.111,32.651,926,229.6,13.3,190.441,2013-02-20 20:24,,
2013-02-20 20:17,Extruder 1,13-A-80,90310-000065070004,7050,10904,1520,1250,1000,2013-02-20 20:17,178,188,183.1,183,193,193,180.1,179.8,180,179.8,179.7,204.7,200.1,200.2,199.9,205.3,180.2,180.1,180,43.1,80.3,71.9,8.001,8.06,32.779,932,229.9,14.4,185.935,2013-02-20 17:27,,
2013-02-20 19:16,Extruder 1,13-A-80,90310-000065070004,7050,10904,1520,1250,500,2013-02-20 19:16,178,188.1,183,183.7,193,193,180.3,180.1,180.2,180,180,204.7,200,200.2,200.4,204.7,180,180,180,43.4,80,71.3,8.001,8.06,32.809,907,229,14.2,182.827,2013-02-20 17:27,,
2013-02-20 18:45,Extruder 1,13-A-80,90310-000065070004,7050,10904,1520,1250,250,2013-02-20 18:45,177.9,188.2,183.2,182.9,192.7,192.9,180.9,180.4,180.5,180.2,180.6,206,202.2,201.8,202.6,206.3,180,180,180.2,42.6,80.1,71.6,8.001,8.038,32.788,892,228.1,13.5,181.001,2013-02-20 17:27,,
2013-02-20 17:20,Extruder 1,13-A-79,90310-000065070004,7050,10904,1520,1250,1000,2013-02-20 17:20,178,188.1,183,182.7,193,193.2,180,180,179.9,180.2,180.1,204.8,200.2,200,199.8,205,180.7,180,180,43.2,80.8,72.3,8.001,8.033,32.711,883,228.7,12.6,182.756,2013-02-20 15:24,,
2013-02-20 16:19,Extruder 1,13-A-79,90310-000065070004,7050,10904,1520,1250,500,2013-02-20 16:19,178,187.9,183,182.6,192.8,193.3,180,179.9,179.6,180,180.1,204.7,200.2,200.1,200.1,204.8,179.8,180,179.8,43.4,82.4,74.1,8.001,8.053,32.747,882,228.5,12.1,184.298,2013-02-20 15:24,,
2013-02-20 15:48,Extruder 1,13-A-79,90310-000065070004,7050,10904,1520,1250,250,2013-02-20 15:48,177.4,187.9,182.7,182.8,192.6,193.1,180,180,180,180,180.9,205,200.4,200.4,200.4,205.3,179.2,179.8,180,43.7,82.5,73.9,8.001,8.053,32.72,877,227.8,13.8,181.76,2013-02-20 15:24,,
2013-02-20 13:06,Extruder 1,13-A-77,90310-000065070004,7050,10904,1546,1250,1000,2013-02-20 13:06,178,188,183,182.7,193,192.9,180,179.9,180,179.8,180.3,205.1,200,200,200.2,205.3,180.5,180.1,180,43.7,82.2,74.1,8.003,7.992,32.729,874,228.4,14.2,186.195,2013-02-20 11:27,,
2013-02-20 12:04,Extruder 1,13-A-77,90310-000065070004,7050,10904,1546,1250,500,2013-02-20 12:04,178.1,188,183,182.6,192.9,193.4,180,180,180,180.1,179.6,204.9,200.4,200.5,200.3,204.7,180,180,180,43.1,80.3,72,8.003,8.04,32.599,876,228.9,11.7,182.353,2013-02-20 11:27,,
2013-02-20 11:34,Extruder 1,13-A-77,90310-000065070004,7050,10904,1546,1250,250,2013-02-20 11:34,177.5,188.1,182.9,183.1,192.6,192.5,180.5,180.2,180,180.1,180.4,205.9,200.8,200.6,200.4,205.5,179.3,180,180.2,43.2,80.6,72.1,7.996,8.043,32.581,886,229.7,13.7,182.187,2013-02-20 11:27,,
2013-02-20 10:58,Extruder 1,13-A-76,90310-000065070004,7050,10904,1546,1250,1000,2013-02-20 10:58,173.8,186.5,181.7,180,191.2,191.9,180,179,180.2,180.3,179.5,204.3,199.1,199,199,205.2,179.5,179.8,180.2,42.5,78.7,71.3,12.529,12.55,31.027,1007,221.4,12.8,182.519,2013-02-20 9:06,,
2013-02-20 9:49,Extruder 1,13-A-76,90310-000065070004,7050,10904,1546,1250,500,2013-02-20 9:49,178.2,188,183.1,182.9,193,193.2,180.1,180.1,180,180,179.7,205.1,200.2,200.1,200,205.1,180.3,180,180.1,42.8,80.6,72,7.998,8.043,32.508,853,229.2,13.5,190.133,2013-02-20 9:06,,
2013-02-20 9:19,Extruder 1,13-A-76,90310-000065070004,7050,10904,1546,1250,250,2013-02-20 9:19,178.2,188,183,183.3,192.9,193.1,180.1,180,180,180.1,180.3,204.7,199.9,199.9,199.8,204.8,179.3,180,180,42.6,80.9,71.3,7.998,8.048,32.588,870,228.9,12.3,185.745,2013-02-20 9:06,,
2013-02-20 8:48,Extruder 1,13-A-75,90310-000065070004,7050,10904,1546,1250,1000,2013-02-20 8:48,178.1,188,183,182.6,193,192.6,180,180,179.9,180.1,180.7,204.8,200.2,200.1,200,204.7,180.6,180.1,180,42.8,80.8,72.7,8.001,8.046,32.513,866,228.9,14,187.215,2013-02-20 6:50,,
2013-02-20 7:47,Extruder 1,13-A-75,90310-000065070004,7050,10904,1546,1250,500,2013-02-20 7:47,178,188,182.9,182.9,192.9,192.9,180.1,180.1,180,180.2,180.7,204.7,200,200.2,200.1,204.8,179.3,179.9,180,43.5,80.4,71.5,8.001,8.058,32.528,863,190.3,14,186.053,2013-02-20 6:50,,
2013-02-20 7:16,Extruder 1,13-A-75,90310-000065070004,7050,10904,1546,1250,250,2013-02-20 7:16,177.4,188,182.8,183,192.4,193.2,180.2,180.1,180,179.9,179.4,205.4,200.4,200.2,200.3,205.1,180.8,180.1,180,42.6,80.3,71.3,8.003,8.053,32.551,846,190.3,13.3,182.139,2013-02-20 6:50,,
2013-02-20 6:41,Extruder 1,13-A-74,90310-000065070004,7050,10904,1413,1250,1000,2013-02-20 6:41,175,186.1,181,181.2,191.1,192.4,179.9,179.5,180,180,179.5,204.7,199.5,199.2,199.8,205.5,179.8,180,180.1,43.1,80,71.3,7.5,7.548,31.244,980,189.7,12.4,174.265,2013-02-20 4:36,,
2013-02-20 5:35,Extruder 1,13-A-74,90310-000065070004,7050,10904,1413,1250,500,2013-02-20 5:35,178,188,183,182.7,192.8,193.2,180,180.1,180.3,180,180.1,205,200.4,200.1,199.9,205.1,180.7,180.1,180.1,43.1,80.7,71.1,8.001,8.043,32.487,920,229.8,11.6,185.318,2013-02-20 4:36,,
2013-02-20 5:05,Extruder 1,13-A-74,90310-000065070004,7050,10904,1413,1250,250,2013-02-20 5:05,177.4,188,182.8,183.3,192.6,192.7,180.2,180,180,180.1,180.7,205.3,200.6,200.7,200.4,205.4,179.8,179.9,180,43.4,80.9,71.2,8.001,8.04,32.403,932,229.3,13.7,189.16,2013-02-20 4:36,,
2013-02-20 3:19,Extruder 1,13-A-73,90310-000065070004,7050,10904,1413,1250,500,2013-02-20 3:19,178,188.1,183,182.8,192.9,193,180,180,180,180,180.4,205.2,200.2,200.3,200.2,205,180.3,180,180,43.3,80.6,70.9,7.901,7.958,31.977,915,230,13.1,191.959,2013-02-20 2:30,,
2013-02-20 2:48,Extruder 1,13-A-73,90310-000065070004,7050,10904,1413,1250,250,2013-02-20 2:48,177.6,187.9,182.8,183.2,192.4,192.7,180.3,180,179.8,179.6,180,205.4,200.3,200.5,200.6,205.2,179.7,180.1,180,42.9,80.6,70.8,7.802,7.851,31.738,924,229.5,13.8,186.575,2013-02-20 2:30,,
2013-02-20 2:13,Extruder 1,13-A-72,90310-000065070004,7050,10904,1413,1250,1000,2013-02-20 2:13,173.8,186.2,181.3,181.7,190.8,191.7,179.8,179.3,180,179.8,179,204.4,199.9,199.6,199.4,205.3,179.6,180,180,43.1,80.3,71.4,8.996,9.06,31.036,961,226.1,13.3,182.709,2013-02-20 0:04,,
2013-02-20 1:05,Extruder 1,13-A-72,90310-000065070004,7050,10904,1413,1250,500,2013-02-20 1:05,177.9,188,183,183.4,192.9,193,180.2,180.3,180.1,180.1,181.2,204.8,200.2,199.9,200.2,205.1,180,180,180,43.3,80.8,71,7.698,7.755,31.706,861,228.6,13.7,187.239,2013-02-20 0:04,,
2013-02-20 0:34,Extruder 1,13-A-72,90310-000065070004,7050,10904,1413,1250,250,2013-02-20 0:34,177.6,187.9,182.9,183.1,192.4,193.3,180,180.1,179.7,179.8,180,205.2,200.2,200.6,200.3,204.7,179.8,179.9,180.1,43.1,81.4,71.1,7.698,7.748,31.79,875,228.2,11.9,184.701,2013-02-20 0:04,,
2013-02-19 23:56,Extruder 1,13-A-71,90310-000065070004,7050,10904,1413,1250,1000,2013-02-19 23:56,173.9,186.4,181.3,181.3,190.9,192.5,180,179.4,180.2,180,180.5,204.8,199.6,199.2,199.3,205.4,179.6,180,180,43.3,80.7,71.5,7.5,7.544,31.068,931,226.2,14.1,179.839,2013-02-19 21:57,,
2013-02-19 22:49,Extruder 1,13-A-71,90310-000065070004,7050,10904,1520,1250,500,2013-02-19 22:49,178.2,188.1,183,182.6,192.9,192.9,180,179.8,180.2,180.1,180.6,204.9,200.1,200.1,200.2,204.7,179.9,180,180,43.2,80.6,71.8,7.8,7.864,32.023,921,229,13.6,186.978,2013-02-19 21:57,,
2013-02-19 22:18,Extruder 1,13-A-71,90310-000065070004,7050,10904,1520,1250,250,2013-02-19 22:18,177.4,187.6,182.9,182.7,192.4,193,180,180.1,180.5,180.1,180.3,205.4,200.6,200.4,200.3,205.1,180.1,180,180,43.3,80.4,72,7.802,7.841,32.021,921,228.8,14,186.765,2013-02-19 21:57,,
2013-02-19 21:43,Extruder 1,13-A-70,90310-000065070004,7050,10904,1520,1250,1000,2013-02-19 21:43,174,186.3,181.3,180.6,191,191.9,179.9,179.2,180,180,179.5,204.7,199.3,199.3,199.7,205.1,179.7,179.9,180,43.1,79.7,71.9,7.7,7.765,32.068,969,226.6,11.8,187.476,2013-02-19 19:39,,
2013-02-19 20:35,Extruder 1,13-A-70,90310-000065070004,7050,10904,1520,1250,500,2013-02-19 20:35,177.8,188.1,182.9,182.9,193,192.7,180,179.8,180.1,180,179.9,205,200.2,200.2,199.9,204.8,180.9,180.1,180,43.8,80.8,71.8,7.751,7.799,32.052,927,229.4,13.3,190.607,2013-02-19 19:39,,
2013-02-19 20:04,Extruder 1,13-A-70,90310-000065070004,7050,10904,1520,1250,250,2013-02-19 20:04,177.6,187.7,182.9,182.8,192.6,193,180.3,180.2,180,180.1,180.7,205.3,200.5,200.4,200.3,205.3,180.2,180,180.1,43.1,80.9,71.9,7.7,7.755,32.059,927,229.3,14.2,186.361,2013-02-19 19:39,,
2013-02-19 19:27,Extruder 1,13-A-69,90310-000065070004,7050,10904,1520,1250,1000,2013-02-19 19:27,174.9,186.3,181.2,181.2,191.6,192.5,180,179.3,180,179.8,179.4,205,199.7,199.1,199.9,205.4,180,179.9,180,42.7,79.6,71.7,8.994,9.057,32.016,985,225.8,11.9,178.297,2013-02-19 17:27,,
2013-02-19 18:20,Extruder 1,13-A-69,90310-000065070004,7050,10904,1520,1250,500,2013-02-19 18:20,177.9,187.9,183,182.9,192.8,192.6,180,180.1,180,180,180.3,204.7,200.1,200.3,200.2,205.1,180,180.1,180,43.6,80.7,71.8,7.746,7.801,32.066,881,227.7,13.7,177.158,2013-02-19 17:27,,
2013-02-19 17:48,Extruder 1,13-A-69,90310-000065070004,7050,10904,1520,1250,250,2013-02-19 17:48,177.7,188.1,182.8,182.7,192.6,193.1,180.2,180.2,179.8,179.8,180.4,205.4,200.8,200.2,200.5,205.4,179.5,180,180,43.3,80.6,72,7.751,7.801,32.05,878,227.5,12.1,180.266,2013-02-19 17:27,,
2013-02-19 17:12,Extruder 1,13-A-68,90310-000065070004,7050,10904,1520,1250,1000,2013-02-19 17:12,174.2,186.6,181.7,181.2,191.1,192,180,179.3,179.8,180,179.6,204.6,199.2,199,199.5,204.9,179.5,179.8,179.8,42.6,79.6,71.7,7.004,7.055,29.036,886,223.4,13.8,171.229,2013-02-19 15:06,,
2013-02-19 16:02,Extruder 1,13-A-68,90310-000065070004,7050,10904,1520,1250,500,2013-02-19 16:02,177.9,187.9,182.9,182.9,192.8,192.6,180.2,180,180.1,180.2,179.8,205,200.3,200.1,200,204.7,180.8,180,180,43.8,80.8,72,7.7,7.753,31.875,892,227.8,13.3,183.065,2013-02-19 15:06,,
2013-02-19 15:31,Extruder 1,13-A-68,90310-000065070004,7050,10904,1520,1250,250,2013-02-19 15:31,177.7,188.1,182.9,182.7,192.4,193.4,179.8,180.3,180.2,180.3,180.3,205.3,200.6,200.4,200.6,205.4,179.9,179.9,180,43.1,80.7,71.9,7.698,7.745,31.811,901,228.1,14,179.246,2013-02-19 15:06,,
2013-02-19 14:46,Extruder 1,13-A-67,90310-000065070004,7050,10904,1546,1250,1000,2013-02-19 14:46,178,188,182.9,183.6,193,192.9,180,180.1,180.3,180,180.1,205.1,199.9,199.8,199.9,205.1,179.8,179.9,180.1,42.9,81.3,72.4,7.698,7.761,31.645,898,228.2,12.2,180.55,2013-02-19 12:50,,
2013-02-19 13:43,Extruder 1,13-A-67,90310-000065070004,7050,10904,1546,1250,500,2013-02-19 13:43,178,187.8,183,183,192.9,193.6,180,180,180.1,180,179.8,205.1,200.2,200.1,200.3,204.7,180,180,180,43.3,80.7,71.8,7.698,7.741,31.818,945,229.8,13.1,184.25,2013-02-19 12:50,,
2013-02-19 13:11,Extruder 1,13-A-67,90310-000065070004,7050,10904,1546,1250,250,2013-02-19 13:11,177.6,188,182.8,182.9,192.5,193.5,180.3,180.2,180.3,180.3,180,205.4,200.9,200.6,200.5,205.4,180.5,180,180.1,43.5,81.3,72.4,7.7,7.748,31.818,949,227.4,13.5,189.492,2013-02-19 12:50,,
2013-02-19 12:22,Extruder 1,13-A-66,90310-000065070004,7050,10904,1546,1250,1000,2013-02-19 12:22,178,187.9,182.9,183.6,192.9,193,180,180,180.1,180,179.8,205.3,200.2,199.7,199.9,205.2,180.8,180,180.1,42.9,80.7,72.4,6.998,7.057,28.918,908,227.3,14.2,183.349,2013-02-19 9:47,,
2013-02-19 11:12,Extruder 1,13-A-66,90310-000065070004,7050,10904,1546,1250,500,2013-02-19 11:12,178,188,183,183,192.9,193.3,179.8,180.1,180.3,180.4,180,204.7,199.9,199.4,199.7,204.5,180.4,180,180,43.2,80.6,72.3,7.001,7.047,28.995,927,227.9,14.1,183.8,2013-02-19 9:47,,
2013-02-19 10:38,Extruder 1,13-A-66,90310-000065070004,7050,10904,1546,1250,250,2013-02-19 10:38,177.5,188,182.8,183,192.6,193.1,180.5,180.3,180.5,180,179.8,205.7,201.8,201.5,201.9,205.6,179.7,180,180,43.7,81.3,72.2,7.001,7.049,29,919,227.8,13.2,183.539,2013-02-19 9:47,,
2013-02-19 8:44,Extruder 1,13-A-65,90310-000065070004,7050,10904,1546,1250,500,2013-02-19 8:44,178,188,183.1,183.1,193,193.2,180,179.8,180,180.2,180,204.7,199.9,200.1,200.1,204.9,180.6,180,180,42.9,80.8,72.6,6.998,7.065,28.918,924,189.8,14.2,183.681,2013-02-19 7:12,,
2013-02-19 8:10,Extruder 1,13-A-65,90310-000065070004,7050,10904,1546,1250,250,2013-02-19 8:10,177.9,187.9,183,183,192.9,192.8,180,179.8,180,180.1,179.9,204.9,200,200,200.1,204.8,179.5,180,180,43.1,80.9,72,7.001,7.039,28.686,913,190,13.8,184.511,2013-02-19 7:12,,
2013-02-19 6:47,Extruder 1,13-A-64,90310-000065070004,7050,10904,1413,1250,1000,2013-02-19 6:47,178,188.1,183,183.1,193,193.3,180,180,179.9,180.2,180,204.7,200,200,200.1,205,180,180,180,42.8,80.6,71.6,8.506,8.553,28.686,894,189.9,13.6,183.61,2013-02-15 18:54,,
2013-02-19 5:38,Extruder 1,13-A-64,90310-000065070004,7050,10904,1413,1250,500,2013-02-19 5:38,178,187.9,183,183,193,192.9,180,180.1,180.3,179.9,179.5,204.8,199.6,199.9,199.9,205.1,180.5,180,179.9,43,80.5,71.6,6.996,7.095,28.497,888,190.1,13.1,182.377,2013-02-15 18:54,,
2013-02-19 5:03,Extruder 1,13-A-64,90310-000065070004,7050,10904,1413,1250,250,2013-02-19 5:03,177.6,188,182.9,182.9,192.7,193.1,179.7,180,180,180,179.7,205.2,201.4,201.1,200.8,205.1,180.8,180,180,49.1,79.8,70.8,6.998,7.092,28.576,895,189.6,12.3,179.364,2013-02-15 18:54,,
2013-01-10 6:18,Extruder 1,13-A-20,90310-000065080004,7050,10136,1413,1250,1000,2013-01-10 6:18,178.2,188,183.1,183.1,193,193,180,180.3,180,180,180.5,209.9,199.9,200.1,200.2,210.2,179.1,180,180.1,39.8,76.5,74.2,8.003,7.988,22.517,971,189.4,11.8,170.636,2013-01-10 4:14,,
2013-01-10 5:17,Extruder 1,13-A-20,90310-000065080004,7050,10136,1413,1250,500,2013-01-10 5:17,177.9,188,182.9,182.8,192.8,192.9,180.2,180,179.6,179.6,179.9,209.9,200.2,200.3,199.9,209.8,179.9,180,180,39.7,76.6,74.2,8.005,7.998,22.583,994,189.6,13,165.323,2013-01-10 4:14,,
2013-01-10 4:46,Extruder 1,13-A-20,90310-000065080004,7050,10136,1413,1250,250,2013-01-10 4:46,177.3,187.8,182.6,182.7,192.4,192.8,179.5,180,179.8,180,181.5,210.1,199.9,199.9,200,210.1,181.1,180.1,180,40.1,76.5,74.1,8.001,8.012,22.631,1035,188.9,12.5,166.769,2013-01-10 4:14,,
2013-01-10 4:09,Extruder 1,13-A-19,90310-000065080004,7050,10136,1413,1250,1000,2013-01-10 4:09,174.2,186.2,180.9,180.8,190.6,191.6,180.1,179.6,179.7,180.1,180.3,210.3,199.9,199.4,199.2,209.8,180.1,180,180.2,39.5,75.9,74.1,8.003,8.002,24.954,1108,189.9,13.2,163.805,2013-01-10 0:55,,
2013-01-10 3:03,Extruder 1,13-A-19,90310-000065080004,7050,10136,1413,1250,500,2013-01-10 3:03,177.9,187.9,183,182.9,192.8,192.7,180.4,180.1,180.3,180,179,210.1,199.9,200,200.2,210,180,180,179.9,40.3,76.5,74.6,8.003,8,28.285,1163,190.3,12.2,179.981,2013-01-10 0:55,,
2013-01-10 2:32,Extruder 1,13-A-19,90310-000065080004,7050,10136,1413,1250,250,2013-01-10 2:32,177.7,187.9,182.7,182.7,192.4,193.3,180,180,180.5,180,180,209.6,199.7,200.2,200.4,210.3,180.7,180.1,180,39.8,77.2,74.8,8.001,8.005,27.891,1164,189.8,11.9,179.649,2013-01-10 0:55,,
2013-01-10 0:05,Extruder 1,13-A-18,90310-000065080004,7050,10136,1413,1250,1000,2013-01-10 0:05,178.1,188,182.7,181.7,192.8,192.6,180.1,179.6,179.9,180,180.2,209.9,201.1,200.1,200.2,209.9,180.2,179.9,179.8,40.2,79,76.9,8.401,8.396,40.911,1235,190.8,12.3,196.158,2013-01-09 22:06,,
2013-01-09 23:07,Extruder 1,13-A-18,90310-000065080004,7050,10136,1413,1250,500,2013-01-09 23:07,178.4,187.8,183.1,182.8,193,194.1,180.1,180.2,180.4,180.1,180.1,209.9,201.6,200.6,201.1,210.4,179.3,180,180,40.4,79.3,76.9,8.397,8.401,40.888,1240,190.9,12.9,195.588,2013-01-09 22:06,,
2013-01-09 22:38,Extruder 1,13-A-18,90310-000065080004,7050,10136,1520,1250,250,2013-01-09 22:38,177.7,187.7,182.7,184.2,192.6,194.3,180.3,180,180.1,180,180.3,210.1,200.9,200.8,200.3,210,180.4,180,180,40,79.1,76.9,8.399,8.398,41.1,1254,190.9,12.5,196.252,2013-01-09 22:06,,
2013-01-09 22:05,Extruder 1,13-A-17,90310-000065080004,7050,10136,1520,1250,1000,2013-01-09 22:05,175.5,186.7,181.4,181.4,191.1,191.8,179.8,179.3,180,180.2,179.7,209.9,201.3,199.5,200.2,210.2,179.6,180,180.1,40.2,78.3,76.2,8.401,8.406,40.057,1350,190.4,11.5,195.114,2013-01-09 19:58,,
2013-01-09 21:03,Extruder 1,13-A-17,90310-000065080004,7050,10136,1520,1250,500,2013-01-09 21:03,178.2,187.9,183.2,182.5,192.8,194.1,180.1,180,180.3,180.2,180.1,210,201.3,200.4,201.1,210.2,179.8,180,180,40.5,79,76.9,8.403,8.396,41.066,1247,190.7,12.8,196.276,2013-01-09 19:58,,
2013-01-09 20:33,Extruder 1,13-A-17,90310-000065080004,7050,10136,1520,1250,250,2013-01-09 20:33,177.7,188.5,183.4,183.4,192.6,194.3,180.2,180.1,180,180.3,180.8,210.3,201.2,200.8,200.7,209.8,180.3,179.9,179.9,39.9,79.2,76.9,8.401,8.401,41.064,1245,190.8,12.2,199.454,2013-01-09 19:58,,
2013-01-09 20:01,Extruder 1,13-A-17,90310-000065080004,7050,10136,1520,1250,1000,2013-01-09 20:01,174.8,186.6,181.8,181.9,191.4,192.4,180,179.1,180.1,180,179.1,210,200.8,199.2,199.8,210,179.8,180,179.8,39.4,78.3,76.5,8.41,8.398,41.032,1388,190.2,11.8,191.271,2013-01-09 19:58,,
2013-01-09 18:57,Extruder 1,13-A-16,90310-000065080004,7050,10136,1520,1250,500,2013-01-09 18:57,178.1,188.2,183,183.1,192.8,193.3,180,179.8,180.1,180,180.6,210,201.7,200.8,201.2,209.9,180,180,180,39.8,79.3,77.1,8.401,8.416,41.032,1271,190.7,13.6,199.241,2013-01-09 17:50,,
2013-01-09 18:28,Extruder 1,13-A-16,90310-000065080004,7050,10136,1520,1250,250,2013-01-09 18:28,177.9,188,182.7,183.1,192.6,194.5,180.2,180.1,180.3,180,181.3,210.3,201.4,200.6,201.2,210.4,180,180,180.1,40.1,79.2,77.1,8.301,8.302,41.034,1268,190.9,12.5,202.087,2013-01-09 17:50,,
2013-01-09 15:45,Extruder 1,13-A-14,90310-000065080004,7050,10136,1520,1250,1000,2013-01-09 15:45,174.6,186.6,181.8,182.3,191.5,191.6,180,179,179.8,180,179.5,209.4,201.1,199.5,200.3,209.7,179.1,179.8,179.8,40,78.1,76.3,8.137,8.043,41.107,1410,190.3,11.8,194.639,2013-01-09 13:37,,
2013-01-09 14:41,Extruder 1,13-A-14,90310-000065080004,7050,10136,1731,1250,500,2013-01-09 14:41,178.3,188.5,183.1,182.5,193,194.6,180.3,180.3,180.4,179.9,181,210.1,203.1,202.2,202.6,210.2,179.7,180,179.9,40.7,79,77.3,8.47,8.467,41.804,1260,191.2,11.9,200.308,2013-01-09 13:37,,
2013-01-09 14:12,Extruder 1,13-A-14,90310-000065080004,7050,10136,1731,1250,250,2013-01-09 14:12,178.5,188.4,183.2,183.7,193,194.7,181.3,180.5,180.1,179.8,181.4,211.2,203.5,202.5,203.1,210.8,180.4,180,180.1,40.8,79.3,77,8.47,8.464,42.219,1228,191.7,12.5,196.324,2013-01-09 13:37,,
2013-01-09 13:35,Extruder 1,13-A-13,90310-000065080004,7050,10136,1731,1250,1000,2013-01-09 13:35,175.6,187.1,182.1,181.9,191.6,191.8,178.5,179.2,179.2,179.8,179.1,209.1,196.9,196.3,196.5,208.5,179.7,180,179.6,39.8,78,76.7,6.996,6.983,34.513,1453,187.7,12.1,185.721,2013-01-09 11:22,,
2013-01-09 12:16,Extruder 1,13-A-13,90310-000065080004,7050,10136,1731,1250,500,2013-01-09 12:16,178.1,187.6,183,183.9,192.9,193.9,180.2,180,180.1,180,181.5,210,202.3,201.2,201.7,210.2,180,180,179.9,41,79.3,77.3,8.472,8.472,41.916,1255,191,12.8,195.232,2013-01-09 11:22,,
2013-01-09 11:47,Extruder 1,13-A-13,90310-000065080004,7050,10136,1731,1250,250,2013-01-09 11:47,177.9,188.6,183.2,183.5,192.7,194.5,180.3,180.1,180,180,182,210.3,201.6,201,201.1,210.3,180,180,180,40.9,79,76.9,8.472,8.492,42.278,1251,190.9,13.2,192.505,2013-01-09 11:22,,
2013-01-09 11:12,Extruder 1,13-A-12,90310-000065080004,7050,10136,1731,1250,1000,2013-01-09 11:12,174.7,186.7,181.7,181.9,191.5,192.3,179.9,179,180,180,179.1,209.9,201.5,199.9,200.7,210.1,179.5,180,180,40.2,78.6,76.5,7.001,6.997,34.547,1279,190.2,12.4,184.938,2013-01-09 9:15,,
2013-01-09 10:09,Extruder 1,13-A-12,90310-000065080004,7050,10136,1731,1250,500,2013-01-09 10:09,178.2,188.1,182.8,184.5,193,194.7,180.3,180,180.5,180.1,180.9,210,202.7,201.5,202,210,180.3,180,180,41,79.4,77.1,8.465,8.472,41.841,1236,191.1,13,200.546,2013-01-09 9:15,,
2013-01-09 9:40,Extruder 1,13-A-12,90310-000065080004,7050,10136,1731,1250,250,2013-01-09 9:40,178.2,187.9,183.5,183.8,192.8,194,180.6,180.5,180.1,180,181,210.5,202,201.7,201.9,210.5,180.8,180,180.2,40.2,79.5,77,8.47,8.477,42.551,1231,191.1,13.1,197.96,2013-01-09 9:15,,
2013-01-09 9:05,Extruder 1,13-A-11,90310-000065080004,7050,10136,1731,1250,1000,2013-01-09 9:05,174.6,186.6,181.8,181.7,191.3,191.8,179.6,179.2,180.1,179.8,179,210,199.2,198.4,198.6,209.9,179.6,179.9,179.5,39.8,79,76.7,7.003,6.999,33.645,1279,189.5,11.9,192.41,2013-01-09 0:00,,
2013-01-09 7:47,Extruder 1,13-A-11,90310-000065080004,7050,10136,1731,1250,500,2013-01-09 7:47,178,188,183.1,182.6,192.9,192.9,180.2,180.2,180.1,179.9,179.3,209.3,201.5,199.9,200.2,209.6,180,180,179.8,40.5,79.5,77,7.004,7.009,34.235,1182,190.4,12.5,193.762,2013-01-09 0:00,,
2013-01-09 7:12,Extruder 1,13-A-11,90310-000065080004,7050,10136,1731,1250,250,2013-01-09 7:12,178.2,188.1,183,183.9,192.8,193.4,179.7,180,180.2,179.7,179.9,210.3,203.4,201.3,201.9,210,180,180,180,40.5,79.3,76.7,6.998,6.993,33.897,1197,190,12.4,194.284,2013-01-09 0:00,,
